-0.119345761958141
0.099499670447263
-0.040959523072051
-0.249193036237659
0.175998150140809
0.145004328747402
0.220988157786782
0.445346010219336
0.096059226232360
0.132310454938559
-0.141092230457026
-0.299008968348353
0.204051689262934
0.142691442307153
0.129531304463606
0.409707715139720
0.479143367948475
-0.328918642583202
0.465913285398606
0.325827567081075
0.017117129042402
-0.264819724135933
0.433876206889364
0.486843269745256
0.187071011830313
0.377689272643108
0.122646583261511
-0.274214312454971
0.268473508837536
-0.368326683686288
0.039711128577520
0.512226881619150
-0.331803792233874
0.044809261529946
0.615897086017939
0.189211343806547
0.517186380163043
-0.001336777023631
0.089921612315421
-0.002269765495069
0.270412737371268
0.219869245798845
-0.225228780248432
-0.069479452683677
-0.309268528385248
0.051994240122936
0.486386966856038
-0.029679808635712
0.275096226655648
0.340257902546098
0.291770545513278
0.062537748533381
0.600248483735200
0.662438385181629
0.425255908411253
0.102297708774795
-0.142421825868358
-0.007104217536946
0.156096144938356
0.073217823324801
-0.107728783763913
-0.001723820592905
0.100999093001040
0.431577442068586
-0.094637119265777
0.127987714723830
-0.396806239855163
-0.211421078165034
-0.294767030539634
-0.085811655234906
0.058179909980472
0.583951405123094
0.320633854696256
0.133652402845313
-0.451348177054630
0.144664059311807
0.009246586297303
-0.210352933810247
-0.534771856511708
-0.128628776270842
-0.285951998510335
0.494977376792722
-0.343963227864217
0.170140668469204
-0.264796896950318
0.025074081162009
0.005536085424417
-0.412315090160132
0.428987879057892
-0.137910821184938
-0.032093059190124
-0.193653433118484
0.280208629752997
0.336060832616357
-0.266845241536071
0.013462053590213
-0.348887928746216
-0.375974873172606
0.329412103581421
0.104505443370954
0.261523520333391
-0.023830472793334
-0.349163247184266
-0.513359512713248
0.327046446450459
-0.345792241582561
-0.446592642212356
-0.532111020201937
-0.263670202340115
0.212381856227528
0.740844928716652
-0.296090659515116
0.460681321769009
0.431990006356576
0.037996830818527
0.335120350733751
0.016699002749965
-0.677800677704359
0.254494713516804
0.477213334777257
-0.303174139330717
-0.326029204583467
0.362124173360250
0.260193169486019
0.209500172978207
-0.354143226070866
0.086840770163695
0.169485446401600
-0.337166071747156
0.032960237087544
-0.267589954194223
-0.019221556701787
0.032812767974429
-0.294239415490313
0.112738183795734
0.388281862593881
0.013817220698485
0.115754900251000
-0.127649136260117
0.695167357755610
-0.695487150534592
-0.134611024326439
0.288039670566438
-0.104616565005278
0.277756368469166
0.448235301574111
0.236768957170911
0.149402778088257
0.328617792495153
0.463013272755060
-0.546139464749434
0.860387109784868
-0.807658029414935
-0.332421244910856
0.686068231163830
-0.461971238997890
-0.514137672259377
0.520687279040377
-0.745001676454415
-0.670050342695886
-0.589101598806270
-0.643370476393605
0.749605440268401
-0.531005736523419
-0.617038571813466
0.758150163407164
0.753182546608785
0.630183217660702
-0.623974740160178
0.426371184688396
-0.669837415703767
0.785119464433684
-0.490654865324540
-0.525589633357457
-0.505570462197764
-0.603314195452794
0.762150934651710
0.525917772114203
-0.503223580418906
-0.469955634403676
0.687679909317720
-0.707290743779412
-0.620317880489448
-0.491936585703326
0.642316510320941
-0.649109973073206
0.751337093806993
0.509402852342853
0.561480337538113
0.538060597411461
0.542238155533456
0.852493331166417
-0.459534422821316
-0.622944212547045
0.509541543950769
0.439875668354328
0.667654327391576
-0.614153757617703
0.797083277909149
0.460206294604459
0.409263465282988
0.991595839629873
-0.951810357631390
0.992039536769148
-0.993031142027081
1.071406061802291
-0.823310571309826
-0.674949882807454
-0.710067727796272
-0.949499704872742
0.831051551675368
-0.700764744120136
-0.975237185800048
-0.706625676513871
-0.934283035891090
-1.062476305977032
0.951618421450620
-0.938401258586683
-0.997120669921762
-0.868898313465466
-0.874377892957989
-0.868082074575533
-0.685239115509314
-0.822634769114907
0.965753005765180
