0.560623394515061
0.477228513592285
0.775347848400608
0.724221002287290
0.788527680096757
-0.701287708307384
-0.655333656531661
-0.459923150273690
0.679797015521440
0.497766158757854
0.689511789226203
0.750125272085052
-0.612629115976138
-0.711206795001694
0.566596877555036
0.675235531251872
-0.664174026581263
0.766920847365867
-0.693998172800011
-0.610471273205453
0.696132141353942
0.500478295230773
0.550409713451627
0.445915136328581
0.740825304282804
0.773902826859637
-0.253572911212861
0.145387908020135
0.347696484966002
-0.131345202630390
-0.479602056652872
0.057080643383539
-0.151289395186884
0.184708094187210
0.247048595096118
0.115557157035539
-0.071505914637417
-0.331666645084870
0.147495716332869
-0.234611678514356
0.704180908478888
-0.234703074138798
-0.658018398553063
-0.275685958541667
-0.345542571092404
0.642527266347104
-0.723182032537278
0.142976695845895
0.468472569858919
0.365426193501940
-0.577383695342197
-0.235319109993135
0.526141739674662
0.670130214058563
-0.215590001754234
-0.332094214339507
-0.403989300280454
0.384803221067356
-0.091322892781515
0.185071928858484
-0.148234853311204
-0.494695814393214
0.524232125380697
0.088064315562518
0.399654755979396
0.257355982940191
0.140645460011032
0.613246216336229
0.163276734132198
-0.167935669095078
-0.341551301863990
-0.686924311595933
0.082324428414912
-0.328319727658040
0.732434537699393
-0.286036829302404
-0.175720164068607
-0.404325569062644
-0.542601082062144
-0.206101732993194
0.597455130330259
0.071460739807799
0.063817574312251
-0.761659018869313
0.641978972207756
0.332402215975849
0.205609455477131
-0.601869121846829
-0.508027120617484
0.145723661756928
0.619175154380197
0.037900615067298
-0.543295259845044
0.056742465126991
-0.172761038218019
-0.035557353897600
0.243948405857922
0.084569514834267
-0.053125410789619
-0.637470813371666
-0.173798258623419
0.041876662448496
0.418536661662549
-0.750078275019160
0.048292199540901
-0.026052644515366
0.365033430199683
0.688088469710880
0.107859449676177
0.005383831326064
-0.249202854784971
-0.036968966954496
0.679022235239567
0.128177033929230
0.059805579637830
0.050917806933702
-0.004526058181687
-0.036764118481930
-0.053225211449749
-0.443887224712840
0.171064370719296
0.023343140395398
0.141192964121789
0.041331434108105
-0.115225316195074
-0.125510060982316
0.019444423740737
-0.093505059722493
-0.217842187108681
-0.297460761484402
-0.385972293353782
-0.225582457746407
-0.325931212802487
0.109463177122579
-0.108132494578183
-0.018272207198719
0.168406423396582
0.159120184563249
-0.020330789237564
0.109459977279331
0.353215309740480
0.071631292270971
0.234491817147940
0.636589161109563
0.040285818284960
-0.317743546910189
-0.053318122491015
0.128160559987195
0.010263288725743
-0.062601921400315
0.157693637254577
-0.291061478482434
0.160125062821446
-0.430310906092479
-0.509688811645248
0.360122729758238
0.441474123702218
-0.602616452575375
-0.113786189063525
0.221914933358415
-0.435737731985504
0.298224852004824
0.384797753052101
0.252590582407403
0.618688384001091
0.475695951517887
0.283516546611912
0.680369878564847
-0.538557488705190
-0.316543467627127
-0.259439222453476
-0.114623767592443
-0.204323962176300
0.379305095131406
-0.206147891728283
0.696201323157359
-0.169815942803418
0.126877991069335
-0.220224332279132
0.620955063838420
-0.123689685235165
0.133311070598364
0.326414861839654
-0.650348545819301
-0.599329718611123
-0.550736256994674
0.213926995638407
0.630093585924100
-0.667065498544954
0.735997695641699
-0.299842901144059
-0.509387053556777
0.200522842017732
0.402179834531804
-0.753262703595536
-0.298572908217466
0.295470704214770
0.386326065000226
-0.432857014993444
-0.716487255752546
-0.650996789214782
0.384935313019719
-0.537991423023740
-0.462016735577265
-0.630066517505442
-0.756268238860824
-0.318234811569665
0.506932569894056
-0.557326320705639
0.518037671498656
0.656785969857998
0.731194489652731
-0.738359751126140
0.667870928457746
-0.450025862291588
0.514697311969984
-0.642903429252983
-0.719921781114324
-0.568926605112715
-0.596464255992932
-0.701265037028755
0.591981157036226
-0.575044096852866
-0.646811249858014
-0.501305543020302
