0.383259297148579
0.302836109672759
0.280973822541832
0.142998338479298
-0.221602562892084
-0.289027048985540
-0.295496905045695
0.176538951817767
0.180782618182977
0.348813354468259
-0.365146441437110
0.333006100221089
0.409555960398811
0.215031335642025
-0.157067307077619
0.213635426801817
0.352157778761512
0.178627694415041
0.201769665519379
-0.049892141396783
-0.210432030948352
0.086138155194244
-0.336693598345644
0.362073533390447
-0.307220189240968
-0.104757584224592
-0.017975462597239
0.346485443860109
0.111078119557721
0.278683570237725
0.092525722782926
-0.030589299360117
-0.053808243423982
-0.154114352880077
-0.303999757360120
-0.063289072785734
0.018189409442574
-0.022236166021088
0.038117723654991
-0.035512904153009
-0.280692080573643
-0.292909323141996
0.387710893010620
0.292997307077080
0.470702222533913
-0.163300347571573
-0.403921572657901
0.151215042394837
0.409202024293627
0.339841027928312
-0.061623756227084
0.088753323326803
-0.318903822928100
0.098171974403126
0.046745859993249
0.422517533374191
0.361874145861103
-0.009023166526929
0.099285718748081
-0.201013384857567
-0.021088829236265
0.033784888965475
0.404079640918059
0.352750714728349
-0.051551788577676
0.029063649463762
-0.028237336113729
0.006835925226377
-0.026957086186594
0.496149316489550
0.245308842206529
0.356870419229742
-0.484903266521076
-0.170819873729734
-0.068390819813680
0.061009509075984
0.207359460703028
0.063060594675861
-0.073964938142664
-0.062886293425992
-0.060485373208365
0.392394543489735
-0.199076855355043
0.110366463510959
-0.464538897431106
-0.215034015657794
-0.111235054564401
-0.011690717576561
-0.104610374018549
-0.090362137609726
-0.264390930104021
0.084718855443971
-0.390866570341299
0.226581918383533
0.069511848434832
-0.544915986916487
0.329344183626275
-0.196795215596317
-0.315237080318710
0.283886851078772
0.126452049251236
-0.034957137935060
-0.107963081193246
-0.079057890143927
0.302393776525308
-0.241867391331178
0.021516198821479
0.129582099695121
-0.020998561465464
0.243693034829974
-0.195197068683310
0.503614156025967
0.166803695362995
0.152882139547525
-0.289999872886412
-0.272008430045706
-0.243302325779744
-0.027376163820441
0.148922169919989
0.256351478761592
0.169693494051136
0.222078953975177
-0.163917149278979
-0.206899391141677
0.170436413336478
-0.097336508295305
0.179746587246969
0.123303785747996
-0.136334033690960
0.168693882873039
-0.295448263638869
-0.147302885890674
0.145899588210835
-0.130387753141407
0.477042866863482
-0.351880898947624
0.229830287899979
-0.001847023351487
0.543267268886016
0.175896274389586
-0.548028163111242
0.124001273248157
0.320622266870600
0.159988781212341
-0.050428808570232
0.125637826410238
-0.436538883466692
-0.241315799639814
-0.207686083247467
0.518477409802477
0.280666766030185
0.460114546850940
-0.353794975715218
-0.389878959101648
0.388482693642947
-0.348833245850137
0.584122932126374
0.479501328520361
-0.255959412471025
0.375581126734927
-0.427131954476232
0.537363296706776
-0.608710525851724
0.522452176421467
0.600041158345091
0.338166857494069
-0.337474772139581
0.246341655427816
-0.420644958134131
-0.536576948143050
-0.301450718475394
-0.353170133702269
0.402317442567447
0.537792271859033
-0.354687733952518
-0.585262000566305
0.568382344394262
0.450227491608164
-0.553309994055659
-0.374328527216931
0.453294225743070
0.444197213430028
0.415587479977424
0.416077400389198
-0.404777243321553
0.299475763578522
0.349098241174176
0.522235721720366
-0.400493067551699
-0.436635962892693
-0.309195122946378
0.246847410301291
-0.312237513191867
-0.477667152358355
0.300532622722656
0.299575150236287
-0.229307109756200
-0.313450850124494
0.326994465845855
-0.513079344461704
-0.395605355917247
0.641845580096006
0.641653214973007
-0.444626621045579
-0.604950806772411
-0.590694697265172
-0.599489390291790
-0.671985212613164
-0.645494702621352
0.700539896175106
0.539907961860479
-0.481492942892469
-0.640506458451737
-0.543300598605134
0.523447654135221
-0.582167477669793
-0.700732652899649
-0.502589155303788
0.729068514067631
-0.478334146372375
0.671400390779402
-0.710698437064597
-0.593104398633033
-0.690665544670050
-0.464669229139426
