0.408400426044518
0.289664194234525
0.382925966093962
0.426628922944284
0.397138373261033
-0.300638445658683
-0.328513200453765
-0.216331673822108
0.125577070029873
0.309721483863969
-0.029607604712253
-0.165547969239979
0.336081211704039
0.103164799949167
-0.082725552362043
0.039110814874387
-0.269821256130845
0.203543628179478
-0.148508502168867
0.178449942146575
0.136625671150378
0.245467182959644
0.345488798488091
-0.165512353663269
0.361007568217089
0.164546132436632
-0.487295821996241
0.464630148918245
-0.121506897445095
0.061736680039807
-0.122160931348422
0.122740932064247
0.412952211072626
-0.111074050247946
-0.022266439191056
0.047215053854103
-0.247400582560090
0.196634761521035
-0.317121681446752
0.378336804660063
-0.023590522276381
0.095161895044804
0.009846616373642
0.184027489226548
0.443790553511896
0.075819355736530
-0.023317247621979
-0.266860024555781
-0.053020635145179
0.308799603669119
0.374619851676001
-0.370809269163099
0.370080843090979
-0.112407521943391
0.006310160212989
-0.205864368656055
-0.010568698866403
-0.039401481171405
0.044709286962119
-0.277715992758353
0.423093887688027
0.053282821946344
-0.199745921314841
0.271909875002629
-0.260359411580634
0.446549096261304
-0.049521290620376
0.230853821132846
0.419871835904114
-0.053378318418442
0.029808184326793
-0.044230082970629
0.053117622657435
-0.172090333798791
-0.140549832782245
0.512822080216583
0.481137082888993
0.101965033081799
0.011094324779494
0.278548234870225
-0.339864344846951
0.086490252389474
-0.526666498653702
0.567357557095951
-0.059758185803646
-0.063665536770224
-0.309295049876475
0.114993438271257
0.084076685529748
0.027663368001159
-0.234719346078312
0.190172508321894
-0.133757434657790
0.213874873402304
0.222387608985092
0.381937423509979
0.277757572034117
0.371161550243329
0.089899165956615
-0.139311692204237
-0.319791590409308
0.165372040735013
0.181651935444293
0.060510537974301
0.193190245457186
0.207726781690612
0.255857879220905
-0.307743172958372
0.015186498192318
0.026337697008866
0.386364011387054
0.354990118795703
-0.161803512033825
0.314607016619130
0.631010918369400
-0.238507644350176
-0.025142463176632
0.225289544408698
-0.431523371886622
0.322979456765453
0.272505595066447
0.001112718749744
-0.232637873978535
0.136064384257022
-0.395249986244108
-0.313197595725837
-0.005289308951726
-0.007673512987310
-0.455676282928757
0.244088411621179
-0.236480534008456
-0.032992859103038
0.117944729755452
-0.601500327440018
0.352706856528442
0.224127886299373
-0.126093042197750
-0.339906319767237
-0.314836926772344
0.287638991746374
-0.308842000507620
-0.237101494971993
-0.103682468487100
0.335291870957346
-0.115934743075967
0.251943373418538
0.213525740092244
0.179552656121731
0.216026470510029
-0.613281646636175
-0.620475397817246
0.493015646367415
0.420481848485577
0.642040536001871
0.631273592276412
-0.585889156121549
0.353476379444537
0.395266227510414
-0.575377728623543
-0.405612686290387
0.712654524173423
0.377775259524375
0.520362822141295
-0.467953013143752
0.634357123020692
0.575586612469803
0.673690765363352
-0.405528531171429
0.538344292175420
0.580078688002643
-0.284058529259360
-0.506857822862728
0.723023008907810
-0.493173795189097
0.424575934059909
-0.541815458563460
-0.392111494335631
-0.500914156930819
-0.540308941700155
-0.395257451825324
-0.403388792698372
0.730044904039436
-0.702039926771444
-0.520828202819752
-0.520842647706891
-0.307625890668079
-0.431419978127417
0.605465509171797
-0.545210811506045
-0.428511240718426
0.417254057655581
-0.336376144604270
-0.525816929959243
0.448198879802349
-0.541509932277913
-0.410062569994697
-0.489276750229987
-0.417210983636155
0.513827666334395
-0.303089162767015
0.655807463959965
-0.606534260307737
0.826846518126710
-0.851783295711400
-0.825252622163063
-0.705761608170284
-0.727632939518836
-0.746554954959486
0.816981570028276
-0.676121530444217
-0.902047511180673
-0.583176892458665
-0.845888855429169
-0.791360121655285
-0.700880444269233
0.662911088509176
-0.735482232962523
0.907683017321701
0.684504994215020
-0.565386205301791
0.885185770492591
-0.817466076434112
-0.700015522314293
0.800991598517561
0.733188881180356
