0.075722325421898
-0.064546197007258
0.319519755111156
0.154836034278446
0.280916710281441
0.352232724243347
0.370824466786815
0.072705323774632
0.361022175416579
0.117685048296337
0.254685702966702
0.031921576719774
0.174986172427647
-0.150312628393859
0.286181704856863
-0.042328549669065
0.133145707191949
0.059997262051038
-0.052651320939218
-0.177703218992051
-0.205478942034518
0.152353228175247
-0.228174996580951
-0.167844019252670
-0.110942460074540
0.319606437375263
0.039346653198083
0.483540997968399
-0.302589497208458
0.318570589033399
0.425615196110067
0.351817420925932
0.183663952459716
-0.268739138620704
-0.323270764447012
0.186347030082136
-0.163086123958320
0.299803356357823
-0.253734426800060
-0.214408682370313
-0.316427754846930
0.422674926868903
-0.015123630332361
0.180111367882749
-0.031028969000577
0.162171845583613
-0.047414240125219
0.040227840139745
0.010858469381507
-0.148989434973486
0.096208228774198
0.520014806884591
0.058454443260511
0.352560640019274
0.059819533840448
0.273366194303262
-0.060701653031226
-0.106858164358630
-0.214897271058194
-0.175294463403778
0.004827142301573
-0.178106005713591
0.152429104450426
-0.096153597722624
0.061399494480697
0.296330056046799
-0.442301425609050
0.084016777455755
0.305634356158245
0.526577756170158
-0.071576430984746
-0.110757253885583
0.020573553247410
0.220389650907727
0.331874770333974
0.472251041659016
-0.170205744563176
0.281940441592313
-0.367740344553113
0.035168297431520
0.051927191896959
0.097603062787811
-0.114522446194508
0.351587218799196
0.403200778128958
-0.089721417242419
0.131402946483182
-0.078468862192952
-0.306261218306597
0.011762061806056
0.105799531820508
-0.030019624305200
-0.349312891588820
0.102258555131375
0.394186219902117
-0.303773731210079
0.427005235164368
-0.082593343823928
-0.247681639329777
0.235345000374598
0.612254611284030
0.133594776705946
-0.101642732816049
0.046488775839244
0.234284702978082
0.428631207734435
-0.196735579204008
0.084595075405266
0.589544041917403
0.337711005601199
-0.584280517627894
-0.392671598262335
0.345233210631664
-0.241643520725874
0.253098313774073
-0.419553011111978
0.241133261333492
0.029408792919292
0.027652903677616
0.194229913658475
-0.254747749673965
0.260395513804965
0.389171099959006
0.277087426557704
0.297765065499292
-0.299302920205739
-0.110231487345417
-0.279987705000906
-0.258552198425542
-0.302908697713114
-0.605937657852184
0.020909186148008
0.222050676183072
0.490627218772758
0.404646038252938
-0.268305884243949
0.024383016017157
-0.455579563847375
0.649197806143821
-0.320745699595049
0.252533795332162
-0.284280704082749
0.230491778415269
-0.175211711895289
0.125097596154254
0.221657179308656
0.477842855869868
0.149879116612329
-0.101450370611194
0.371540786171834
0.649909550241173
-0.474364914610481
0.773172559940742
0.421687611046980
-0.468210997145744
0.618852935572142
0.684719186653649
0.408925213650414
-0.588133252263108
-0.350859779270742
0.678241313240825
-0.558896894001462
0.699150500630513
0.415634557372805
-0.423606925758208
0.578390182787126
-0.551702366653547
-0.628516605108588
-0.470349047384209
0.386472439712926
-0.475157686164123
-0.610996870405759
-0.622602922996231
-0.494552108309506
0.472969091338035
-0.568753160680930
-0.492886668878008
-0.596557614005277
-0.393227908059618
-0.668629052637701
-0.523938295121156
0.680827305556107
-0.467178379673543
-0.546166555801265
0.711637503919929
-0.411442217377269
-0.564653811875519
0.773886765110543
0.555691082982417
-0.712695821666562
0.719036584041255
-0.454038573714693
0.464524324793469
-0.505839575388848
-0.620756901343114
-0.571943511246188
-0.434925180242272
-0.314422878718282
0.636498536686744
0.486983401998230
0.509671547244848
-0.903606860177815
-0.652624506801284
0.924125971989295
-0.759675937285226
-0.909463883857828
0.804667419771744
-0.804612973556933
-0.809707344621641
0.889275390070554
0.905784356913816
-0.787168638482645
-0.660716870889421
-0.875487685604147
-0.663025482331242
-0.977703899456554
-0.750321033230603
-0.865040907398462
-0.861224782136709
0.994445271146642
-0.634165906038569
0.889457452104263
0.746070889888685
0.771207584296954
-0.747994349029011
