0.124629671591876
-0.251271035895431
0.284569786534592
-0.167870052260980
0.251827824966038
0.282596495259166
0.293090044733357
-0.121273611589394
-0.202911538737921
-0.216501704785046
-0.159869055750830
0.190989695069727
-0.083167194941409
0.100181698106324
0.215552977104150
0.237634214989323
0.274000743800735
0.058802964162036
-0.229821761330737
-0.043512543751413
0.151207332108741
0.199575148217117
-0.221469577181959
-0.174529753269384
0.258391392864210
0.104330559851340
0.276726841342656
-0.041109185811170
-0.244251654299965
-0.083186341128292
0.336627875928316
0.072029705026748
0.057138318855175
-0.001683677723859
0.111101314461705
0.207602137724245
0.037813994796873
0.065014409652156
0.319185114814762
-0.270576906499235
-0.299110241938809
0.029056479796504
-0.010847021151083
-0.118099399398364
-0.028754023377419
-0.019204616847433
0.251482338212654
0.172988893851278
0.041401211398410
-0.273573941527510
-0.024824339295159
-0.210892723466527
0.039446310115535
0.033139453855805
0.241960924506068
0.018778559818528
-0.152208663633740
0.301535417700505
0.019651347111956
-0.053568898946930
-0.051816838233518
-0.084451432030380
0.279754453641204
0.075789888860916
-0.161951348844592
-0.121996630450222
0.292343283751128
-0.047867953998933
0.197389341481850
0.018141440043069
-0.019594993285208
0.246854462022308
-0.118952900593976
-0.150083779844654
0.167924124149278
-0.227268033717295
0.323910487831643
-0.226445223372543
0.066889504559379
0.014586365004320
-0.026585074808235
-0.082703813802089
-0.069957310721805
-0.052402138925101
0.102734068670938
-0.020210872547536
-0.237074207392919
-0.197801222275404
0.257350522654625
0.016603354841664
0.062206835191864
0.370589123569260
0.061319062202232
0.104036841126993
-0.104431971944531
-0.234168445195632
-0.214115699207660
0.031359391215685
-0.219524315232675
-0.006759761517036
0.117925094370434
0.200193574637676
-0.147605957652638
0.161353246095452
0.045169241109295
-0.154471687149247
-0.074934541687790
-0.068815480625732
0.213738640577320
-0.018996928145036
-0.219872692037009
-0.260425424462446
-0.015890175353250
0.073956796997496
0.154628397883287
-0.215941305088702
0.227097417633187
-0.181557427806259
-0.146369458735267
-0.089892822922791
0.178810899016553
-0.110941308644212
-0.122675459241055
-0.203059206638507
0.157445171034180
0.340616538187333
0.122283336665152
0.101196589744384
-0.155073207853666
0.233385165969206
0.084939499846960
0.085881368866648
0.055082532188402
-0.062250907588133
-0.402859593480029
-0.400800293297697
0.114023454762561
0.087982129793188
0.116516011463609
-0.302844098964685
0.019805152202569
0.110030453457149
0.123404060263268
-0.042178261616589
0.169608104191564
0.119755298322979
0.011920818361053
0.102659707108706
0.359979379697504
-0.100139452314836
-0.202368002057564
-0.232275574371017
-0.297226227012814
0.384453247554146
-0.189619927366665
-0.446410997025339
0.406723239396398
-0.173330978716628
0.315582204983113
-0.262291046239654
-0.230046132833151
-0.290800638087889
0.210253713451572
0.186449417568769
-0.377204995229675
-0.222529254848834
0.341227677435329
-0.188702017666562
0.319402394837999
0.239485209751733
0.265406100521434
0.212177816865034
0.429202354881980
0.327458996703440
-0.306032914517283
-0.228148743408730
0.373088033083490
-0.348731810727921
0.294535974632869
0.210505072921221
0.322639424591807
0.247460913500228
-0.351521808825470
0.295740558631526
-0.260524131043491
0.284946359536256
-0.287568517265818
-0.243225210001898
0.172566262460020
-0.257328761843931
-0.321094596357610
0.372999393479565
-0.429169616666011
-0.402202654628443
0.230404623052682
0.417635860220673
-0.294337584722513
0.172693034325544
0.231891193502034
-0.228379055954359
-0.329297332819439
-0.260396932060596
0.373149169972708
-0.368808578069256
0.408281212927595
0.370029559028514
-0.434570502617810
0.522071874511778
-0.491083640760067
-0.461624350141992
-0.471954509287081
0.435493295731813
-0.519593458432851
0.480599079667887
-0.353148669283973
0.501133400455866
-0.397784906641695
-0.326157242708776
-0.421191688104535
0.458824033184321
-0.340705783964456
-0.442636714944733
-0.438661592854895
0.385022485415294
-0.432228794479697
