-0.671171691206667
-0.689604208475601
0.821426692154942
0.371778968589978
-0.409222652887722
0.497110043777621
0.866961623866878
-0.717704135410030
0.621168257478989
0.543935097984407
0.555232836117916
0.826328397091418
0.572836993203506
0.555643661697970
0.786594339362568
0.754203466023912
0.821219146044405
-0.595976734526330
0.843196747569031
0.848040234730555
0.545910468499700
0.673292736934560
-0.517539647884406
0.753787169335875
-0.590954157699791
-0.775892420861886
-0.033664955646142
0.630477174353234
0.877375948195843
-0.096449092248294
-0.520162406561683
-0.071438888185040
0.316106080591663
-0.040819552799137
0.334001279945215
0.245671570009157
-0.858804845256183
0.033057760542358
0.790257610135886
0.061491051510926
0.762075736860643
0.099703042559735
0.078188907158298
0.860123859813047
-0.257757261239161
0.045340474366522
0.306497027060409
-0.294690699264774
-0.047640713886233
0.298879207454718
0.224522335453012
0.111852258419835
0.131319152092103
-0.465420433423161
0.719295570176418
-0.592955007382726
0.677038809697023
0.417741189104843
0.171045633246642
-0.574302007089458
0.716271003334293
-0.120349537181490
0.004419251563061
0.847280762900003
-0.152905857668165
-0.405715718440320
0.697860692040128
-0.023914688884880
0.276245399480776
-0.035987294689469
-0.126651682209780
-0.361663830228717
0.548962435982510
0.094874840102076
-0.150463663337944
-0.178828712290808
0.150877663218773
-0.431956611807661
0.312666696821768
0.634956868543511
0.138647889953941
-0.605742111832520
0.021209744811058
-0.556410833078261
-0.375683120559442
-0.318044280535737
-0.130831771922743
-0.158344875751675
0.138657321998100
-0.299375964879692
-0.204785926716444
-0.253698411797245
0.532033750677435
-0.075421944666343
0.183575685760671
-0.018817745847355
-0.899869223446228
0.128040118667683
-0.365119406107912
-0.109418342340641
0.171283736707344
-0.511088641301671
0.151501139063866
0.068784963048465
0.030562365266292
-0.493622032698531
0.012386357374293
-0.504800795578677
0.427691739594105
0.135428050150328
-0.005132235196126
0.220720030751221
0.164574333266378
0.089218131132294
0.198972197413279
-0.108118387155381
0.228116407104257
0.244478131643572
0.924376162013726
0.845470033307488
0.077998685655003
-0.645351454705647
-0.405589118423523
-0.309150147132966
0.789616623634998
0.297313561018807
0.058216328613236
-0.027007154822279
-0.070194074329893
0.045258426414843
0.103545029210732
-0.064812769510295
0.287901093524453
0.060512528078807
-0.381175025148321
-0.670666624306017
-0.921002764751058
-0.047484072217858
0.083465403092242
-0.475385262831835
-0.288764105776484
-0.134542579681322
-0.536151108140316
0.130190228170812
0.048499495289592
-0.244013422363933
-0.055643061019781
-0.745740242516700
0.134178085006441
-0.086279111389336
-0.350251536100710
-0.217890332206203
-0.674166497452804
0.281724932665273
-0.372638317869651
-0.656011748781423
-0.310305365804988
-0.431411336613139
0.645013101383721
0.638168806897144
-0.801601925798353
-0.696660328141028
-0.445174527623299
-0.257740211961710
0.506906228522105
-0.451907215668542
0.288011404289789
0.909557395017445
0.402939669901240
-0.536070743484968
-0.272906682517059
0.650643311388896
-0.738506809178078
0.511213928101929
-0.826218426572906
-0.579472573677134
-0.301364940241029
0.489618278345777
-0.433619229659870
0.335185507899737
0.934013313387803
0.358816236162732
-0.339480845467149
-0.369196178721916
0.574718356537781
-0.467806404764357
-0.641033957327222
-0.295822323504672
-0.312733713344490
-0.444245646842752
-0.587163815665849
-0.828646651367762
-0.455567683951580
-0.561371431572858
0.813651273180105
0.802956338871517
0.531192921521094
0.407309340102453
-0.743370027250672
0.471093860645502
-0.448583081974228
-0.819598072640962
-0.625468169753194
0.979459321741840
-0.843796185735707
-0.766688811716824
1.027608887657625
0.716910082389338
0.752245605590483
0.797883258692202
-0.881124403454748
-0.911362339508287
-1.002171472388922
0.947831310294854
0.903941075602832
0.735385909130775
-0.782684777005838
-0.673704914704591
-0.503088136531303
-0.679762944972076
-0.597361260928552
-0.761014814382582
-0.793543485323465
0.620316180030116
-0.537686227257208
