0.866745256641049,1.039971770982339,1.266740233488634
1.034830181011140,1.213992284549537,1.308077480554977
0.613587416158298,0.999677777422332,1.175454047969969
0.770760168820041,0.857765262892107,0.836969834326248
0.867090220968962,1.114244176566290,1.274438567102528
0.380116642886296,0.859859437383382,0.910331383874678
0.413788523316063,0.575463531045142,0.430498932045393
0.999760699132766,1.489738283388617,1.634278889760211
0.774566380866324,1.000139359008811,0.915484555470864
-0.537028240992165,0.212957807282507,0.978510278665739
-1.000126729948910,-0.296443081456756,0.024557842923059
-0.591309300908628,0.347320267041859,0.999982336016565
0.686689307041745,1.011405882844038,0.999867334393813
-0.602091653827508,0.443556345355241,1.262422508954834
-0.860921823579184,-0.361773511816754,0.426546517612023
-1.000128032637876,-0.224987459075872,0.135890173718599
0.354440805610945,0.893943810338551,1.000534774724849
-0.999506910004258,-0.075399764793143,0.734226014409714
-0.161172030082495,-0.434067384747403,-0.439142426317625
-1.379423762272677,-1.028302152403807,-0.999855832625085
-1.307100923440724,-0.999864473929117,-0.940306330231769
-0.533202099319577,-0.702790471126048,-0.598774162240817
-0.823164949620877,-0.706385352393285,-0.036259895391284
-1.595036041224605,-1.445366651421090,-1.211174097481948
-1.365095026563037,-1.000091038637240,-0.893069290060117
-0.478470005973398,-0.999861312670500,-1.000265009949691
-1.080629296962339,-1.049321922014021,-1.000264280306240
