1.426601209098521,1.205006064010988,1.870365760655579
0.999780360211065,0.999774476892036,0.606464024678145
1.000056507566320,1.343141708283291,1.350620070620954
0.999958121242250,1.285685875479608,1.067833829500137
1.000271047333728,1.000167486731080,1.379202767273212
0.999952382968585,0.999774091434695,-0.006028984220352
1.000303224820273,1.774289476589104,2.033367106969143
0.999575932202175,1.179817797106658,0.986700367092132
1.147437456687656,1.487967391807970,1.627650197793051
-0.999527450443509,0.702091468204763,0.999703718129707
-1.000467047745518,0.811580359384742,1.885893720416304
-1.000178201723471,-1.005958575566261,0.233105726172410
0.259347452567429,1.015675857565540,0.999484793970395
-1.367301992105221,0.383822622189456,1.345918918924375
-1.235824173550417,0.400128544410272,1.449837970065949
0.525596055177719,1.186500964060848,1.000346365289316
-0.999723778527556,0.174338795516711,0.999790606844327
-1.714714518947177,-0.427473753143147,1.000361585191270
-0.787925081572507,-2.893116159113617,-1.778014736070128
-0.644770850524326,-0.999726517402244,-1.000067072792022
-1.672492435009403,-2.062309488317190,-0.999934976439584
-0.487976595638914,-1.859532363554365,-1.363818376997615
-0.947126877624839,-2.373844921456701,-0.999656810699962
-0.668136585008817,-1.960028566430509,-1.563011345208758
-1.103905700992452,-0.999578297803538,-0.925417302778962
0.827195399716296,-1.000414550151554,-1.000030816698862
-0.059905526885240,-2.039950382391396,-1.788126765800777
