0.766106898134171,1.232169870872915,1.569680034591120
-0.063383870552289,0.729433277592130,0.606314643081353
0.820304329947174,1.000008222152833,1.417799544883558
0.875698377699213,0.999522238892124,0.762508720814293
0.718786229282087,1.000100433382557,1.255767609095719
0.999405764464923,1.000147052913134,0.772149305348503
-0.079415973490162,0.744729764766205,1.012552385124565
1.000296808408706,1.264102760388098,1.368906140081100
0.457953498815505,1.000146058788569,1.312414972789745
-0.784648285311263,0.243507957057344,0.999693357539503
0.212742610241149,0.845766560432058,0.999828505701510
-0.367954857090113,0.300293102428044,0.636585273385392
-0.999702043030182,-0.598488185118074,-0.124657782225586
-1.050117117009353,-0.448195103707845,0.474694087680180
-0.984858519917368,-0.186969783498321,0.478814831041229
0.122926246697129,0.869720206832915,1.000115651534627
-0.852910950961683,0.087012091180783,1.004785322121656
-0.689717253510389,0.495873339277531,1.469057912917350
-0.950151620395507,-0.601300187079610,0.016233980494488
-1.125673759280090,-1.072008990141538,-0.999751178774152
-0.757977795776850,-0.626215774505453,-0.317303492955057
-1.119580634571096,-0.999924601267822,-0.612094833548375
-1.377422474970243,-1.400231240502287,-1.005186958208039
-1.426693709264414,-1.238660580495982,-0.999885207852761
-1.183863397331426,-1.000000469847481,-0.760572704333780
-1.244381978833087,-0.979881097919201,-0.760084216903487
-1.283499454953250,-1.202902943636675,-1.089378427000504
