1.000107504486515,1.281232492696380,2.757815898365185
1.000304782880541,1.328740537463667,0.814555855720752
0.999740868396650,1.300872629029123,2.317132354328078
1.988588533001242,1.606178258652240,3.630464624461296
1.880397431540651,1.093646198736072,0.256054531908630
1.000525738687493,0.999960257277219,2.428129255081034
1.000017325801018,0.999714693425661,2.046974968801199
1.914461516935553,1.426325948080076,2.279258127558165
1.000309932857810,1.000458789122558,-0.119028613980444
-1.000053113879041,0.307185117088964,1.372160862469757
-1.000409586615497,-0.466396164802474,0.999656833821282
-2.372288901741094,-0.570969993446292,0.999962557336124
-1.000029018750190,0.039039401318453,1.000308386945695
-2.117990787894904,-0.303098411792174,1.000207799764225
-1.000464928288430,1.199501455708814,1.648621497061338
-2.196556422093217,0.344858257710593,2.153086908097154
-1.000052620345919,0.765829599987121,1.467404155133028
-1.329019213960187,0.869430375714428,3.606222237818370
-0.987499317117105,-1.000195104802181,-0.999575659187045
-0.806288396432073,-1.000302105576204,-1.000544050871998
-2.535801046122593,-2.342850047563762,-1.938241485014767
-1.390703277030020,-1.118120784093345,-1.000041066675887
-1.314152658860116,-1.331451160303378,-1.808689818556930
-2.640321884758499,-0.999331699733617,-1.000192050865591
-1.429349698568792,-1.000299784238789,-0.999863948266959
-3.321154807678205,-1.519820783133444,-0.999899250148432
-0.713173235883637,-1.275507178776988,-2.593120852557048
