1.000234418620769,0.999934082510525,0.718266319685483
0.555929123661279,1.000179007366498,1.256174164890426
0.567763679787031,0.999910248190578,1.176950380659481
0.228032628906737,0.737208099073152,0.663542867805806
0.920020358139879,0.999743436382087,0.801031374087925
0.716514173919406,1.173057651820149,1.301005527360028
0.098943554013889,0.537133166408904,0.564535956770390
0.577696628930276,0.999910566706629,1.201346979241514
0.999731972273423,1.068528636538073,0.970077406299701
-1.000164118604501,-0.700435080648901,-0.261043126543507
-0.999637218056293,-0.186354839665694,0.615877841893418
-0.963918576978854,-0.408575706472864,0.477461980903220
-0.535417305132711,0.445959921923418,1.000308197373286
-1.000164847891270,0.148548009451114,1.000070491584330
-0.873877395913029,0.225626779444874,0.992028227640235
-0.450583413077548,0.200847180437603,0.639276122354454
-0.184521792034149,0.725255344734783,0.999550909954314
-0.963027779562700,0.430868078914910,1.433001650003623
-0.989096852909534,-1.234540723341078,-1.046109946690194
-0.922597332570293,-0.553919258238820,0.175051620830594
-0.793486489767819,-1.050988652289980,-1.000236926042994
-1.050035559067649,-0.967474508703703,-0.726245935002915
-1.257982327828771,-1.408146275408371,-0.999692320786661
-0.820401738471420,-1.000060491839074,-0.598690727827492
-0.760607634274984,-0.716218742407872,-0.298322417825382
-1.618099747005698,-1.859715828225269,-1.315216039275791
-1.072812289836147,-0.999617074198587,-0.756757507837836
