0.232551697305285,0.653281048520772,0.834889570259854
1.000319638841847,0.999939524610137,1.297810466753721
0.405868656552280,0.563108216502857,0.387140434945186
0.999784589904993,1.026499678820765,0.688182875866489
0.999783678263937,0.999960784650302,0.613108380525640
0.681470108302103,0.801751114230532,0.765924269973348
0.853254090681205,0.999968627572790,1.028624715690609
0.330270954584887,0.712602013092797,0.423611710028590
0.929011905689155,1.183559574028540,1.388471205890740
-0.055117096699085,0.211926662538453,0.473661993860384
-0.745765389330768,0.303052513350551,1.000142978204935
-0.999694401727783,-0.045797600296808,0.639599994054265
0.060351898644831,0.640984338697154,1.000338102551590
-0.686282317120673,0.563491862594179,0.999881415507027
-0.457802963683377,0.604242296435111,1.382242608225920
-1.000193044559054,-0.639298346126020,-0.095088841423750
-0.972452647316508,-0.578791746945389,-0.060149778599602
-0.873659583932198,-0.190581459075140,0.450181487133770
-1.600989620902128,-1.741421134259647,-1.198089282023025
-1.124910930110752,-1.000289244354052,-0.659681982895146
-0.676494310871779,-1.000030995932959,-0.864399782861416
-1.051235356547831,-0.999550483250333,-1.000335116325465
-0.165486273392813,-0.273807027870988,-0.288138155209879
-0.839036514524360,-0.554346183548275,-0.084442523864977
-0.595492985070329,-0.643393643557896,-0.376223184138530
-1.250686456243890,-1.397346155005927,-0.999857405231584
-1.277668626389513,-1.129337085811979,-1.000170364821465
