0.999568973250331,0.999434078683614,0.340763545301339
1.000061519431402,1.000383543605333,0.486865546672311
1.000149209720855,1.210303694618323,1.305429183566010
0.999828885721297,0.999901178844613,1.044663555075144
1.254433751813595,1.076698163674578,1.369239105970030
0.999942663223352,1.032213344910723,1.308740456875499
0.999889858180467,0.999901237746156,0.256026062934624
1.000071831073921,0.999868195703879,1.092955837770683
1.000379778446879,1.000152657354859,1.461078156024450
-0.999839454659218,0.268707279420125,1.000257444265295
-1.000393278631358,0.502969309325182,1.508320816388498
-1.239541331469395,0.292140079312465,1.213796158402999
0.312836637150972,1.101220823834075,1.000036518747935
-1.260961280392215,-0.696972160080088,0.999700207999011
-1.000170125227057,0.724940524832786,1.000036593057263
-0.999510301478254,0.568295250493384,1.085493302257345
-1.496494932344538,-0.329431022785890,0.999962517196266
-0.999980311838219,0.507473744449467,1.172977241986705
-0.546716001669268,-1.388701382448902,-1.251502493097131
-0.584871330756906,-1.696054347308983,-1.455068838809651
-1.055667036962332,-1.556954482974529,-1.257227391434080
-0.563417103080315,-1.123483341580671,-1.250663173164904
0.208290014999220,-0.999895358770724,-0.999979413560805
0.416050136345444,-1.000068587501508,-0.999808864028493
-0.708614106882698,-1.288063057730185,-1.319758737479418
-0.646515896847527,-0.999677359646993,-1.000205209548001
-0.496494027599783,-1.371634841586463,-1.289985916871807
