0.665963431938771,1.096888295902729,1.269581257657082
0.139932438839489,0.862827184488010,0.967662171449399
-0.005353904897626,0.928675331488695,0.862137957215294
0.644360760468581,0.972592087046818,0.972172607112376
0.743599596975618,1.092450023950117,1.321724742691465
0.999976747988348,1.000000266640913,0.769093499173623
0.693575886687529,1.201540413551881,1.489748780105891
0.155365942086728,0.836043270306155,0.704936659465278
0.999865861170195,1.193275637729772,1.309310133304949
-0.985291550364906,-0.489079523930870,-0.226202253355199
-1.000133737295467,0.596954116998456,1.132267708194154
-0.719461802358908,0.465916468361441,1.000466628932086
0.520493651507237,1.118691439029908,0.999571916422578
0.177764651509272,0.846419698636435,0.999630365762906
-0.924440632434823,0.611885057112521,1.115410157772036
-0.513347481133306,0.773427817088327,1.000126843209646
-0.214115350651704,0.611802157562621,0.815427032147232
-0.999709709602244,0.235867551451935,0.710267099680706
-0.967819963117251,-0.983396778694645,-0.918304765268978
-0.276519653919715,0.044337668957004,0.024242410018652
-1.179439039929264,-1.108271430176356,-0.999921355009799
-1.061778489854338,-1.062466893563766,-1.050927182249343
-1.621179197970596,-1.473913496877338,-1.205179238385357
-0.628111487409265,-0.508693725169840,-0.538092579879534
-1.045838527746517,-0.948227464965516,-0.813572509982168
-1.279439179588558,-1.032259086484286,-0.999873840564908
-0.887603506005065,-1.000000023227557,-1.026567375806423
