0.343872765775831,0.541337763442406,0.477961468376215
0.711162505850311,0.999685837912706,1.227373263715143
0.497907957042717,0.525322725365757,0.241201576273447
0.999606266673243,1.000073208292034,0.814550237301381
1.000147121638218,1.000464555867378,1.027902597183048
0.610538598471387,0.908220141745413,1.058940410774746
0.879096601901267,1.065374233798233,1.291183729468815
0.961732824053740,0.999818163544946,1.020834379065935
0.521997192348057,1.086840516505229,1.502357020526250
0.715805714963173,0.968528449130745,0.922689409242079
-0.834908958452680,0.098922451982377,0.855388133595114
-0.873959323047757,0.350435894036961,1.209834345660108
-0.939994824414173,0.212432517855090,1.000357712685047
-0.048669835494182,0.574104299830450,1.000095610657941
-0.999899726705629,-0.472320035642788,0.028808590649552
-0.204573191202034,0.568849616618557,1.000233857860959
-0.858190416859725,-0.082946733373982,0.537164640031471
-0.999853745740094,-0.572915849073676,-0.080810165993005
-0.571372438075098,-0.452227770521493,-0.135935585741386
-0.949572020647653,-1.110376404431478,-1.074919248574486
-1.008418958562877,-1.157533075291458,-0.999642135010820
-1.462627048590559,-1.591761786278008,-1.319962416277809
-0.296526517709639,-0.788596814925001,-1.000411868609047
-0.807287286218383,-0.999926865646728,-1.000632623784236
-1.171533423417546,-0.980290875128314,-0.625169894263434
-0.056346137238325,-0.322961267957492,-0.444309770642226
-1.020708267741706,-1.000114579482629,-0.883202834244182
