2.112838090688768
1.157616551683699
2.286525374126317
2.506025679810918
0.840882360844173
1.407878259984022
1.408285102916076
2.243021983809673
2.076236590700200
2.497509589269672
2.132689479938259
2.335058633753366
2.133340028976078
2.227437126614916
2.297071360408317
2.560272201241104
2.845651396436750
2.463590090622557
2.560337802903923
2.775324824487939
2.559658304992801
2.236860265810535
3.668167786362666
1.964600014415666
3.583960240833747
3.939454951412258
3.407528550960388
2.791768742373648
3.451965470065641
5.175693504544586
3.375050803943971
3.393926917260682
3.939952411539259
4.109303536291343
4.062805773003255
3.433135212427569
5.828635892921568
4.075956494390612
4.362253088507128
4.286487602564830
5.407528550960388
5.220905074704071
3.874892752460642
5.174870698242596
5.716219294290511
5.651303188361748
7.121237952532965
7.175625775911077
4.559638373555437
5.787619569978546
