-1.608765646154406
0.242427416478282
-1.608098004591705
0.045522355156193
-1.608483814754856
-1.118421890164102
-0.094626769806393
0.448983609147040
0.605962260512019
0.378055632945809
0.753558128211523
0.882092981539818
0.391568768114958
0.391406493563076
0.881992008499900
1.433244502925454
1.412167968078540
1.234656594583448
0.882238150901662
0.881734638167951
1.854515977403171
2.242057147823056
2.309308090460181
0.489834227297765
2.241169363398943
2.241661420906055
2.720558956651352
2.720510881808931
2.345213044368824
4.615004583150021
3.412074146499041
2.719730245823152
4.240995049519666
4.240672791260530
4.240924914708029
4.240672791260530
5.464387349648259
4.206488627271654
4.721254668559007
4.241295342088058
5.222668782627438
4.665004583150019
4.720937497776422
4.790243046409127
6.096690468990870
7.223154402474630
7.451280428988635
7.315484246967811
7.222970158040923
6.240644862782930
