9.726878095528017
10.614639839531328
10.750685998415619
9.727251470286280
9.373815728188935
9.726722912750690
10.376059022893330
11.421174356630601
11.374795926083511
11.374295750514776
11.522219202757910
11.373862509731520
11.374087248411549
11.374404691642232
11.374165440575794
12.614481804010079
12.337977227812061
11.997162973120858
11.996661254039367
11.727661894698747
12.455066554002769
11.726878095528017
11.997442700494606
12.995271276427431
11.727392354354778
13.996712980000090
13.356907775137998
12.615065540327487
13.996856076709005
12.614811902211205
14.013290314074624
13.374152292359328
14.615332518282314
15.276469574618645
14.240710805837523
16.972296057974262
14.973102565347816
13.863659502423218
14.615403744208948
14.615229228320938
16.167447197607089
16.440191129913998
16.439423026193115
15.996036630689382
16.616005059941433
19.306504998695374
18.499114776810458
17.918140247175614
16.615718557977562
16.859017457078181
