1.116657044331211
1.926665186181340
2.333934966003709
1.399679910453363
2.773129851842222
2.149358891547458
3.077066032505995
3.116073779222547
3.116467609051621
3.116252561346505
3.666857429639317
3.669772152792863
3.116658557340926
3.669582912916312
3.669020059655133
4.232849370243933
3.926369964444862
3.926791406306842
3.926665186181340
3.393069667381694
5.066118745643932
3.245181838007429
3.926108368458368
5.065879557742085
5.066006334044786
5.926902402410544
5.699366047301174
5.926747259775417
5.669449755248628
7.064447901257219
5.926649803019580
5.926589195400706
6.873682510219361
6.911290670245550
7.064641321361200
6.770167337227404
8.235120619776797
7.065428337842460
7.205370069601511
7.065725412305851
7.927262940461839
7.112976853781673
7.926836650971709
8.967916271396140
7.926689845053453
10.371957893225723
9.926540286065480
9.927256029904738
9.064647217889362
9.530685242928634
