21.063348395171833
21.063207255638950
21.063633585055481
22.132008721404787
22.121545882567318
23.062702873620061
23.062690134400796
23.063562979301118
23.063671138153076
23.063524382362445
23.063495386075491
25.062428012773008
23.063594650601150
23.190648545912694
25.062693149915482
25.062525001369274
25.064457264090834
25.064382136932110
25.062690134400796
25.062474858537257
25.453313072756401
25.064369667583932
27.061790980153877
27.061759754839709
25.063749861944022
27.279939570831345
27.280491859264608
27.280669127936463
27.279014816846075
28.580601003767782
29.161683881626431
28.633513668951036
29.279139610677518
29.279505999559291
29.279066852738485
30.632536912610995
30.633293743335091
30.633191764385852
29.963669129072997
30.633924719726959
32.075642726787152
32.633316840609410
32.633449958127301
32.632692534202484
32.632757444794649
34.633496049309798
34.632957882117459
34.633449851900970
34.632694160672763
34.633565697111777
