-2.092218100957851
-2.091894108728219
-2.091319871847392
-2.091719789291226
-2.091367529138978
-2.091874804491050
-2.091480827190625
-2.091719789291226
-0.106589523078742
-0.091908707730962
-2.091630437905332
-2.091948584598458
-2.091836206309713
-2.091740786414518
-2.091551002664641
-2.091557631008400
-2.091784483998108
-2.091953842778048
-2.091566839495985
-2.091502293912289
-2.091418927681557
-2.091625387405726
-2.091721021218816
-2.091617653424274
-2.091506924015206
-2.091672585810771
-2.091726213282367
-2.091704680631642
-2.091639399220799
-2.091221412365979
-2.091418927681558
-2.091755387798536
-2.091434254019739
-2.091551002664641
-2.091505578789686
-2.091218628173168
-2.091581517126386
-0.092182769663000
-0.091866428987958
-0.092045863468222
-0.092200146302636
-0.092094175114800
-0.091769878070493
-0.092049396821636
-0.091807556436848
-0.092125126549493
-0.091764514274678
-0.091607247248333
-0.091786318248107
-0.091677413976336
-0.091760449333284
-0.091636303909186
-0.091639331771379
-0.092045820195019
-0.091606868650127
-0.091795320211539
-0.092049958534996
-0.092091257731961
-0.091948689793865
-0.092123205292377
-0.091666792484593
-0.091663770481901
-0.091996731077078
-0.091696976141262
-0.091688290449997
-0.092177928951704
-0.091970476741049
-0.092112296930613
-0.091654488573588
-0.091648555018827
-0.091923490937948
-0.091746143062162
-0.091682987566932
-0.091703407180074
1.908204679788442
1.908235485725322
1.908303023858738
1.908403522637901
1.908133571012032
1.908076509061966
1.908091292269038
1.908051310206135
1.908314966083797
1.908335031065475
1.907951912029523
1.908029523258950
1.907950603178364
1.908192443563152
1.908341132457308
1.907887703069387
1.907874873450507
1.907878182329040
1.907954136531778
1.907905824885200
1.908003268922922
1.907807702447897
1.908231942787982
1.907863969443105
1.908341132457308
1.907986538505239
1.907915706788362
1.907808167604922
1.907797158891264
1.908362467804791
1.907952326741611
-0.071826880850116
1.907443040709009
1.907827931228595
1.908187356320230
1.907797398343764
1.907934616358207
1.908311940540617
1.908154815796321
