-2.076607398090729
-2.077045478748939
-2.076803186234339
-2.076765333483188
-2.077197286644095
-2.077047352809308
-2.076706874810053
-2.076929630877203
-0.096721861691622
-2.076745189891266
-2.076845623094502
-2.076922190599114
-2.077135636227148
-2.076993616005242
-2.077505767717058
-2.076856201895499
-2.077045478748939
-2.076963559143676
-2.077235866730058
-2.076975556238451
-2.077205377831953
-2.077074119697625
-2.077547094543629
-2.076622770796900
-2.077002253020732
-2.077235866730058
-2.076831193613348
-2.076981868914209
-2.077345230497170
-2.077018401971173
-2.076618101748808
-2.076547613525495
-2.076599570185952
-2.076915548030767
-2.077544735542661
-0.096721861691622
-0.077305895558449
-0.077045334016626
-0.076879607509664
-0.077373398478463
-0.077462177215778
-0.077373398478463
-0.077150153221785
-0.076884698567883
-0.077260997696630
-0.076991178914418
-0.077125474953494
-0.076708683297173
-0.076845993027328
-0.076993194959259
-0.077027540651136
-0.077468521083907
-0.077420432153389
-0.076963804380043
-0.076911263555885
-0.077075377740922
-0.076718865098350
-0.076802158365154
-0.077096277842770
-0.076826331503087
-0.077215639827668
-0.076842256767687
-0.076795802671697
-0.076912596582869
-0.077061736689894
-0.077265765191854
1.908903255324472
-0.077017796265098
-0.077019589371216
-0.076945506455056
-0.077439282143410
-0.077441709064536
-0.076722851587283
-0.076822430449742
1.922950351749154
1.923271526850334
1.922722239029520
1.923314393044151
1.922834572892586
1.923036195619957
1.922803680555943
1.923015760558599
1.922849846778216
1.922954665983374
1.922849987511446
1.922854086656635
1.923427518757151
1.922686691152407
1.922629249060875
1.922823248790626
1.922474715415841
1.922837205756551
1.922904322259890
1.922727167043596
1.922844879624521
1.922938263310106
1.923010677500329
1.923008821085582
1.922777605543919
1.922877839238477
1.922642019087183
1.922899657301430
1.922924622259078
1.922950351749154
1.922846507730367
1.923009234723206
1.922784360172332
1.922972458543443
1.923196439472218
1.923079459745892
1.922788009165682
1.922903722157230
1.922600450708608
