-1.975655616811192
-1.975818816256431
-1.976028234015553
-1.976019804347546
-1.976458560752093
-1.975795964493986
-1.975753661634331
-1.975520697874234
-1.975799020617545
-1.975769383514911
-1.975776107932653
-1.975988605231197
-1.975988605231197
-1.975729678418815
-1.975557387083286
-1.975727485068137
-1.976477848275212
-1.975676973473901
-1.976074851350878
-1.975786751771619
-1.976350478598368
-1.975735238191193
-1.975823067035747
-1.975747644345788
-1.975812429040243
-1.975669205196597
-1.976096681025670
-1.975800248908112
-1.975478220323089
-1.975884032798342
-1.975676780483554
-1.975969776174757
-1.975791754058241
-1.975707094870855
-1.976040657280380
-1.976064194460977
0.023909289133448
0.023618906791834
0.024077954506169
0.023803058334550
0.024042058728785
0.023561809084286
0.024130299982549
0.024095948892558
0.024053404258858
0.023971765984447
0.023949723072064
0.023604178150539
0.023551298414992
0.023541365168599
0.023589711986737
0.023604377544383
0.024088894956645
0.023533233798152
0.023529867425682
0.023562266628632
0.023553665201163
0.023556097974252
0.023580434226692
0.023554450354730
0.024062818175941
0.023843095015194
0.024058012385067
-1.959731796742758
0.023990182501697
2.009562627465370
0.024097787662703
0.023548656953347
0.023527797379261
0.023881628899800
0.023960862993764
0.023524624616523
0.023531559037212
0.024085108493519
2.024056816964927
2.024057306975439
2.023930960752680
2.023627428553340
2.024085076062329
2.023567892289285
2.024071914621802
2.023939892105268
2.024084104802819
2.023589711986737
2.023627672509847
2.024059959274384
2.023996406301976
2.024065386580488
2.024129997249545
2.023889988138566
2.023881628899800
2.023623046049838
2.024008907653315
2.023521436023351
2.023803058334550
2.023521848281062
2.024057721528292
2.023529867425682
2.023909125147824
2.024084423866653
2.023985833835834
2.023545994413306
2.024052066901717
2.023522230751976
2.024059147208911
2.023579146531656
2.023534022056924
2.023763095794888
2.024511430071608
2.023939187437608
2.023604178150539
2.023960254292753
2.024082240077935
