-2.094013762342279
-2.094176079578859
-2.094264561041339
-2.093943582096587
-2.093967766103900
-2.094028697088317
-2.093936987307335
-0.094490232287893
-2.094013762342235
-2.093967718715076
-2.094109188504045
-2.094028697088317
-2.093913628624101
-2.093999809052499
-2.093967766103900
-2.093950436974873
-2.094411239968954
-2.093925925758698
-2.093973280124144
-2.094381635101134
-2.093936987307335
-2.093936617365438
-2.093957972945813
-2.093943582096612
-2.094020861393339
-2.094193441157426
-2.094053093850138
-2.093908362955865
-2.093877874354881
-2.094417788773209
-2.094176079578859
-2.093901129798211
-2.093986974958059
-2.094386265434248
-2.093999809052499
-2.093936617365439
-0.005392531894544
-0.094610115541274
-2.078027204096033
-0.094545443826417
-0.093998602144274
-0.094381366775327
-0.093887120843335
-0.094172902984599
-0.093892062918367
-0.094399229629739
-0.093903633561528
-0.094015236667717
-0.094507007835072
-0.093761151999166
-0.094369977897768
-0.093891567314303
-0.094289559277798
-0.094164203556092
-0.094179827223301
-0.094183148043495
-0.094396837261006
-0.094022582380970
-0.094437083041283
-0.094316130991741
-0.094318785586929
-0.094632815678873
-0.094319961062085
-0.093963911492571
-0.093916848004579
-0.094443753945251
-0.094305823012456
-0.094634681882927
-0.094381366775327
-0.094405010578987
-0.093901129798211
-0.093913628624101
-0.094283786069918
-0.094100889632836
1.906122545675888
1.905541701948448
1.905827097015380
1.906107937081634
1.905858306898709
1.906001397855726
1.905899110367164
-0.074405826461435
1.905600770370260
1.905727488603192
1.905304490790630
1.905562916958716
1.905454556173583
1.905531330399312
1.905768399485325
1.905556261147107
1.905929878592034
1.905731199451334
1.905556246054749
1.905530581573751
1.905710440722201
1.905710695407231
1.905716213930082
1.905683305980165
1.905358801210913
1.905389884458726
1.905365318117073
1.905509767712107
1.905694176987524
0.014607468105452
1.905886648729851
1.905603162738994
1.905492992164919
1.905680038937914
1.905748388617658
1.905629793944002
1.905683305980165
1.906029712890228
1.905469186187436
