-2.002164915578569
-2.002590391488394
-2.002261963929047
-2.002387736961702
-2.002393097594684
-2.002662952311264
-2.002211368901000
-2.002735420321113
-0.022422876245886
-2.002724612613690
-2.002735915873283
-2.002420880118151
-2.002404076336784
-0.009999999999998
-2.002287483749343
-2.002511196517180
-2.002728932687235
-2.002382458064307
-2.002384780204301
-2.002378253901679
-2.003107264466994
-2.002389049761034
-2.002400480045915
-2.002725709190798
-2.002425415642321
-2.002214976481724
-2.002697100581158
-0.022422876245886
-2.002500301225965
-2.002419144585737
-2.002237714594107
-2.002399389807056
-2.002328149104160
-2.002423965764772
-2.002209422771061
-2.002385496993657
-2.002680145506783
-0.002277147492279
-0.002621176297375
-0.002422876245890
-0.002309431772884
-0.002214976481724
-0.002145416181151
-0.002632427101112
-0.002628596581247
-0.002164915578569
-0.002697691610246
-0.002195237033588
-0.002213099509729
-0.002278560498083
-0.002209422771061
-0.002756092876068
-0.002211368901000
-0.002246523184438
-0.002562922779246
-0.002740007107618
-0.002672044521498
-0.002238757362857
-0.002279663232501
-0.002276388472413
-0.002264642785878
-0.002722380295116
-0.002250638916451
1.106663762413040
-0.002271302319186
-0.002341478582852
-0.002675170332185
-0.002747259487612
-0.002276730731168
-0.002234122350023
-0.002759441623293
-0.002171998946959
-0.002115937567442
-0.002709743848405
1.997276331752554
1.997883915828941
1.997276052772121
1.997801842256504
1.997335823127025
1.997452661175444
1.997371403418753
1.997213025294525
1.997825281694818
1.997264854946685
1.997754378465832
1.997696574462946
1.997789183513100
1.997866124500030
1.997884247896115
1.997259992892382
1.997883993757341
1.997856127247743
1.997252740911189
1.997832288238953
1.997665148247464
1.998137898042732
0.009999999999998
1.997238420403666
1.997608516684047
1.997849877102209
1.997342632444865
1.997243907123932
1.126663762413036
1.997316501248127
1.997813617158647
1.997245111887242
1.997624930498259
1.997833168328531
1.997624930414437
1.997822187298004
1.997290256151594
1.997624930523293
1.997677591268403
