-2.047175068274997
-2.047217134542247
-0.067084028233628
-2.047224312599194
-2.047203225732691
-2.047235539111262
-2.047237475990332
-2.047149865983892
-2.047225192234076
-2.046912043410025
-0.046819417091880
-2.047185791617864
-2.047079337659735
-2.047217132451156
-2.046981900474496
-2.046707914927974
-2.047603995936067
-2.047146943920956
-2.047139987306303
-2.047163333370939
-2.047149865607325
-2.047699611294351
-2.047497401594807
-2.047701557807728
-2.046974034097290
-2.047319831937887
-2.046714788695818
-2.047236196446677
-2.047234095856450
-2.046715576175916
-0.067084028233628
-2.046843215173873
-2.047315882207463
-2.047499895829648
-2.047624179536539
-2.046803807310241
-0.047213452708457
-0.047141112261866
-0.047229948821563
-0.047175606380509
-0.047155590943780
-0.046976592521605
-0.046891654022306
-0.047143166327847
-0.047080350369178
-0.046949484624141
-0.046821339521077
-0.046740888721187
-0.047180079370973
-0.046973958407138
-0.047085162460770
-0.047159947268509
-0.046757142519917
-0.047251407120208
-0.047224312599194
-0.047083545949974
-0.047095768073559
-0.046740888721186
-0.047234095856449
-0.046747872350908
-0.046757142519918
-0.047254489659205
-0.046976592521605
-0.046973958407138
-0.046821339521077
-0.047084028233632
-0.046802383161597
-0.047141112261865
-0.047241413569266
-0.047048649901454
-0.047253603649905
-0.047155539840293
-0.047212825750495
-0.047021846685483
1.953392041237129
1.953029564609423
1.953256284053736
-0.026782634457426
1.952874821421140
1.953419029222736
1.953384924969837
1.953449630393504
1.952571530758278
1.953020243096213
1.953190849079958
1.952750591474047
1.953293006789083
1.953354139928460
1.952766554524952
1.952899359877047
1.953160463413061
1.952606806516350
1.953256284053736
1.953042475879747
1.952800589445619
1.953442725767339
1.952745510340795
1.953443931228393
1.952750591474047
1.952844460159707
1.953552479107117
1.953190849079958
1.952971297620159
1.952922604547880
1.953108345977694
1.952552691399068
1.953025896467239
1.952914837539230
1.952614679117568
1.952838268059361
1.953020243096213
1.952659659760508
1.952922604547880
