0.220040225499466
-1.618620285963632
-1.618369644566528
-1.618176898658656
-1.618471366483086
-1.618838991971557
-1.618504324834892
-1.091301447947096
-1.618302739934495
-1.618174160522540
-1.618377542168302
-1.618275310293187
-1.618173620024918
-1.618176834587759
-1.618587601337775
-1.618419170632040
-1.618516798236681
-1.618733463723394
-1.618679773310735
-1.618765320213115
-1.618862177002568
-2.943374152298789
-1.619090428192700
-1.618686752750956
-1.618337929646913
-1.618899210990936
-1.618707015578297
-1.618404596597472
-1.618470691617250
-1.618512360961661
-1.618691270598107
-1.618712473392714
-5.188572805363668
-1.618318685682257
-1.618830922870686
-1.618762670028423
0.381537966401251
0.381590311325503
0.381314430460154
0.381133922257852
0.381108878057206
0.381085591629631
0.381084415442499
0.381578294809573
0.381619362206924
0.381263175306482
0.381334065032909
0.381578288797204
0.381596875893301
0.381333993173596
0.381563223221626
0.381662070353087
0.381109118122612
0.381531109799858
0.381617729000560
0.880147272770501
0.381263663781583
0.381346105455151
0.381593101331075
0.380968285336646
0.381090395694819
0.381597279433446
0.381609568314993
0.381607289985132
0.381571492155235
0.381452180560806
0.381520035014051
0.381368345824437
0.381584690777771
0.381577846116425
0.381092239478308
0.381367731132619
0.381149936248264
0.381593085383270
2.381597002433729
2.381422197650573
2.380980852709224
2.380734547894808
2.380726604935299
2.381290144287227
2.381028042434814
2.380981302819186
2.380947303378727
2.380987953795167
2.380729010271361
2.380860940493442
2.381097610769130
2.381012559335491
2.380918127333349
2.381314430460093
2.381061650810861
2.381243677060365
2.381411098839923
2.381203252704053
2.381051661295702
2.380901541562852
2.381222590617585
2.381370183424644
2.381077893924426
2.381210835420602
2.381076145887455
2.381172474896840
2.381112398012738
2.381030738489086
2.381138165111845
2.380747981780188
2.380882231143564
2.220040225499239
2.381112198090130
2.440125000388765
2.380956570676456
2.381210226801028
2.381058669998068
