-1.994981621739035
-1.994981344854392
-1.994200938263956
-1.994449281232672
-0.004263926532232
-1.994730193298073
0.005711181867695
-0.450884059405395
-1.994144382088239
-1.994286726084322
-1.994303558937014
-1.994559916406914
-1.994361859468634
-3.138833503388510
-1.994082554621657
-1.994394873880785
-1.994354310551430
-2.186469798874092
-1.994447118917559
-1.994948731911263
-1.994446843263609
-1.994563969422355
-1.994462593071781
-1.994673120737613
-1.994129882792367
-1.994463433076571
-2.186469798874092
-1.994446970856855
-1.994728235075719
-1.994981370723871
-1.994198076466908
-1.994957463866291
-1.994448740298361
-1.994753120915808
-0.616720740980574
-1.994957320212083
0.005833181909835
0.005783946231401
-0.052929401915270
0.005834736387935
0.005907469259687
1.989832020510475
0.005674262800006
0.005844780169277
0.005919877785679
0.005344979118831
0.005363765212717
0.005815692058902
0.005920637750674
0.005900594071834
0.005804151256431
0.005882145935127
0.005414307064055
0.005850679973182
0.005842986661395
0.005414101208282
0.005812663064865
0.005291119380642
0.005047410661655
0.005896680861780
0.005920812209362
0.005813199721885
0.005347621078637
0.005406746404791
0.005808294915320
0.005783936577349
0.005783822708126
0.005418436405408
0.005778528067690
0.488677184063409
0.005410496530589
2.026865635867119
0.488677184063409
0.005812113039701
2.005416389724326
2.005836841431794
2.005883461510670
0.027048131604038
2.005637864575653
2.005851012116238
2.005416042393191
0.456318265704386
2.005415523414729
2.005740412175864
0.005046534710023
2.005904600903711
2.004921083542435
2.005840516358826
2.005774587566222
2.005877250495597
2.005406862346690
2.005297927304995
2.005307873634181
2.005823466926264
2.005843689045709
2.005299505234256
2.005822250818523
2.005312993571587
2.005420647971668
2.005383284091954
0.466515079738322
2.005795393697815
2.005805885090149
2.005743380151381
2.036865635867117
2.005846716495645
2.005284246292024
2.005809630968416
2.005397915296359
2.005783936577349
2.005879428436847
2.005849949880020
0.138484647911714
