-2.030743341614159
-2.029921310864522
-2.030814491412750
-2.030779609622456
-2.030699856477636
-2.030729122142672
-2.030702393114414
-2.030797242809992
-2.030483040523783
-2.030331896858298
-2.030707235079155
-0.030775432046626
-2.030418024898037
-2.030711822599702
-2.030748471015607
-2.030876040612086
-2.030698892360180
-2.030672765294641
-2.030799116089653
-2.030711049528250
-2.030829630169022
-2.030762762466328
-0.045761651644983
-2.030703454992897
-2.030712401669888
-2.030841943173656
-2.030706676812816
-2.030729686933187
-2.030843583729192
-2.030707698183253
-2.030711153615475
-2.030800860617203
-2.030706724886253
-2.030706284042322
-2.030394462709896
-2.030789689288312
-0.030829664058699
-0.030380550808742
-0.030829756930123
-0.030654145403949
-0.030844254698922
-0.030383393997211
-0.030870446171722
-0.030406835554326
-0.030861909259257
-0.030379193553452
-0.030914684964583
-0.030841487307396
-0.030416441172231
-0.030364615251086
1.953159280497633
-0.030921195456029
-0.030402730015670
-0.030747800613321
-0.030385533229106
-0.030401477209230
-0.030921017805332
-0.030830415879491
-0.030495642756488
-0.030381461534268
-0.030829630169022
-0.030421020086693
-0.030920974003474
-0.030709737684202
-0.030859455773219
-0.030917259197463
-0.030396465425012
-0.030818432728772
-0.030915859737201
-0.030829772799222
-0.030377257231215
-0.030384704546506
-0.030396630785638
-0.030867893659652
1.969191615007325
1.969573066737571
1.969631968606177
1.969545270467887
1.969632969443974
1.969106471228962
1.969191800820502
1.969552428834077
1.969535337950018
1.969641103636184
1.969499443788164
1.969616914231135
1.968689023652414
1.969111206112328
1.969500828270922
1.969597068987817
1.969508996870073
1.969265770023125
1.969569340524667
1.969578221439041
1.969564192299960
1.969185169813964
1.969144392784648
1.969586204435030
1.969557802467558
1.969631015119550
1.969623193463018
1.969564913810048
1.969585339382276
1.969577209790131
1.969596241040455
1.969137327491110
1.969180779304644
1.969189320027261
1.969078132804612
1.969688236449737
1.969578221439041
-0.010754677369262
1.969419828849016
