-1.641447033823446
-1.640962034108223
-1.641186147480625
-1.641553212234961
-1.641611542146723
-1.641560408383137
-1.641191725198048
-1.641624125615759
-1.640817375617796
-1.641371861104806
0.358827392405771
-1.641365326108605
-3.646226094850022
-1.641486743406011
-1.641044157751474
-1.641275769878170
-1.640816622759010
-1.641184492032403
-1.641553985656154
-1.641552696590400
-1.641446948535907
-1.641536353878106
-1.641255159969231
-1.641299686585819
-1.640863108037731
-1.641193252111698
-1.641357776844641
-3.170448843629458
-1.641357776844641
-1.641272792676701
-1.641264526111078
-1.640968325059377
-1.641075603946986
-1.641152469754418
-2.096305181954790
-1.641143176582489
0.358829131151179
0.358872254257556
0.358546851063172
0.341504444317366
0.358368069260138
-0.345476374918235
0.358801284315990
0.488522044289709
0.358577408599343
0.358444099286338
0.358410645034037
0.358982795917324
0.358935711493670
0.358576999784445
0.358817901715423
0.358924578035615
0.358576723160896
0.358885018471000
0.358871622471646
0.358830407711715
0.358912917010991
0.358786024305214
0.358796340647762
0.358950822485238
0.358465638619369
0.358704160571991
0.358797491072903
0.358576999784423
0.358953597791414
0.358829998724257
0.358216955747080
0.358367265773980
0.358548764899481
0.358872854623235
0.358835889097760
0.358540368083518
0.358704324009473
0.358939785568087
2.670694474356083
2.358855760072880
2.358230131305462
0.370687674491819
2.358610278122278
2.742904726300480
2.358625159500405
2.358453485121708
2.358140712143974
3.037590421382731
2.357982995342041
2.358611294303593
4.394828235974899
2.358675766132292
2.358839350747380
3.096967735654516
2.670694474356083
2.358783883197173
2.758069388928931
3.639060685258357
2.358114464336535
2.358641072655724
2.358156660419422
2.358139456396150
2.358021464065590
2.358513878821249
2.358672550403027
2.357997627226583
2.522818204524128
2.357982843274628
2.358695446100849
2.358230379933631
3.330804192959135
2.011412620533804
2.358237162758262
2.358609022138722
3.451891636812377
2.777893310791313
2.358021904152934
