-2.066359837237715
-2.066026529869113
-2.066255735094143
-0.409075172806508
-2.066449945300441
-2.066018142572443
-2.066791052138450
-1.771836350379363
-2.066283065084308
-0.167567854109250
-2.066512186553751
-1.420781544967782
-2.066555404788728
-2.066016114843271
-2.066468733497701
-2.066637095608197
-2.066188596758776
-2.630088620280857
-2.066468659472031
-2.065993732294313
-2.066088746300437
-2.066249280229890
-0.758920439621939
-2.066468105332117
-2.066510864588841
-2.066468832004166
-2.537007745383408
-2.066415921009920
-2.065965461046491
-2.066236291430678
-2.066426478566917
-2.066344342747482
-2.066581180696028
-2.066374755131295
-2.066025462247450
-2.066497701601155
-0.066621190766085
-0.066950559212573
-0.066539615731684
-0.066517130497958
-0.066615650599385
-0.066519822542614
-1.789897793236411
-0.066512952632302
-0.066091058121462
-0.066501523473104
-0.066538404163837
-0.066512659612032
-0.066457522624198
-0.066810708712231
-0.066367342760680
-0.066216516574292
-0.066361689661115
-0.066586107615795
-0.066480088967388
-0.066493294018685
-0.066439855453060
-0.066886194460352
-0.066271498562444
-0.066529811582269
0.631248030347217
-0.066771388502042
-0.066642713890636
-0.066217014491024
-0.066560885510954
-0.028140799477135
1.798558676228541
-0.299849734674125
-0.066630862721515
-0.066439616397737
-0.066594548620846
-0.066070231611631
-0.066771437518981
-0.066539919698972
0.576064538470344
1.933303050691094
1.933101508291775
1.933236944544741
1.933509253729646
1.933484707191561
1.933037230029005
1.933977374514511
1.933029102912392
0.541363949223333
2.073980134658230
2.146135428301100
1.933422952631271
2.178185249455589
1.933517632226572
1.933666490344019
1.933642945385619
1.933508662090955
1.933262181951223
1.933871426994549
-1.642528722768352
0.576064538470344
1.933832417491347
1.933670910705685
1.933044716330710
1.933912319991735
1.933508662090955
1.933560366536674
1.933892000687748
1.933949932624948
1.933642127594309
1.933512562038655
2.073980134658230
1.932985459550280
1.933029272499893
1.933123770986340
1.933288826948206
2.458188400916132
1.933527351411812
