91.937287145889400
68.504562820265704
66.773346963954026
65.527274537886484
65.328351685035642
67.890878353199724
65.282600202421321
63.725425414612488
64.741794519251386
62.953977603121956
65.414274692980968
61.789136416087700
64.379057114135122
63.309364428543091
60.738566464446507
60.855830864365572
59.047863717665479
62.503363769559797
62.242355567718249
62.122499144189334
59.277398093037306
66.305494744605340
58.483356547485215
57.885045540947573
62.091824566017436
57.504149373707520
57.307014598446614
57.314753301902414
60.678980963086843
54.854955382986418
54.647250951466987
54.868562932164735
53.703492538230790
54.854456212043345
52.854778651758721
52.657643876497815
53.235674818998774
52.665382579953615
57.099565522312417
53.833985825536416
51.392523670363062
53.096337467507539
46.861532274127285
49.360971225660478
50.146451244295577
43.101586816339250
20.587256192240375
20.642585926658512
-2817.877903786054048
45.497080522346778
