3.410419191354396
4.711195302957782
5.049341262958438
5.339152949442131
3.830427449225821
4.948354496844450
4.262185165571134
3.250622247323096
1.568412304342449
2.536820026991443
1.747818010027208
2.629218872204273
2.670801224302434
0.289497161966027
0.787495323089956
-2.020835755412833
-0.097397471769403
1.172200463448761
1.035713038221154
0.654221027711871
3.672818376465684
-2.350613570172085
-5.237492279418734
2.332655264301779
-1.692072287066329
-6.253690951706088
-4.485905030123626
-4.388564955106998
-5.911885314454376
-7.333466394556714
-4.984231989368504
-7.256704328336416
-6.672493108252554
-7.411867555385073
-8.086260590420718
-7.927559794616017
-13.237483502004993
-8.776487118927754
-6.698065335053419
-5.889608409681105
-9.088005570786784
-9.161192259286558
-9.247802514818083
-7.787229459183397
-11.588640966258630
-11.034877835497889
-36.594984730563922
-36.595053262593979
-7.859328903018626
-11.326224298692418
