14.208108751203886
13.021991637421925
35.334255076980426
16.575952419730207
12.198980867423238
10.614960910278299
10.660973573722471
6.807265060552300
10.701418040060224
8.043215950793632
10.363789548155333
5.558199384976279
9.638342501308465
7.346147455479063
6.265770055565394
5.066798112161257
9.572296391655236
7.714035914693000
7.380258375607465
7.077105457533648
3.353558639829120
1.444362608121663
1.086100134757643
3.009786513377270
3.033226051740512
1.185502125456086
-0.101599958055463
-0.052524089469982
-0.118350966146409
-3.363963239312902
-0.656527191893346
-4.822608624213670
-1.234473462604054
-2.373097686831677
-4.456231136358372
-9.806835998411298
-5.694257351284438
-5.128626442111980
-4.197370653692797
-5.264990433285529
-6.978084038412401
-3.363963239312902
-5.670121447098881
-12.302026932532890
-6.357140752644611
-19.492466406188854
-39.726416761814818
-36.405257097362067
-37.696593635085627
-11.998874014459069
