42.593180858535952
11.171175937095509
18.179276614704339
17.821103677903526
19.870388185256761
18.262888426651916
16.338441642042699
15.651539524557588
13.445874498339325
13.690163751823686
13.820181127293434
9.853411275239846
13.994986647807362
13.187880968749521
11.561428840783581
10.558018248631878
9.783285319082101
10.921782626779471
11.061344682132297
12.509030419126557
8.588626483676702
14.317732616576070
7.914755920479333
3.133021339871018
12.349861210803954
3.495576640353303
5.693171392314884
3.069889062925110
3.339131903786583
3.580284148511872
-0.830985225067305
0.044915751179371
-0.518071765064082
-0.311961201148517
-0.586740782311598
-3.210023111701371
-3.146890834755471
-2.940780270839905
-0.836260081341653
-3.414704912944689
-27.579008475580594
-6.506426662609631
-29.460920815614799
-28.597975799195240
-24.628694377982583
-32.116539959501495
-60.617623738526817
-52.974222598481106
-60.615912577739607
-30.908606552609058
