-0.474799289114136
-0.474442586362655
-0.949562012322848
-1.079181589340436
-1.300808468164679
-0.985587229835484
-1.168005751696898
-1.300533289380183
-0.474707559090998
-0.475105584860766
-0.756551442501375
-0.162518904185804
0.699466710619817
-0.474337175110990
0.197763595237516
0.766851413056949
-0.578347867711897
-0.065272712944766
1.470676943887623
1.524967092392321
1.307293417450474
0.841729558312688
0.779848884680961
0.698772029293991
1.732561396308009
1.310396349549591
1.525423725512209
