-1.531656401732477
-0.874721802153237
-0.467363248687291
-1.214068588680163
-1.635615178645220
-1.313443125471432
-1.812384459861818
-0.559639754314071
-1.812384459861818
0.780226922821539
-0.322535212454311
-0.346755719212806
-1.085406439206738
-0.886472951233475
-0.393876292704130
-0.394854817141205
-0.394682469573205
0.188082126026889
1.456872253029030
0.405369752845838
1.605860438128038
1.713475468368856
2.112095100682807
1.129418977528127
1.393268598750491
1.681221247794182
1.605499764914256
