-1.889405861892423
-1.947597946300919
-1.577270319800874
-1.361502821182599
-1.723571739762582
-1.127289902096866
-0.696418190906676
-2.116091648723572
-1.580020849880517
-0.562353305129610
0.215603861135751
-0.696744185616625
-1.325126215222559
-0.696655848538680
0.111148997721952
0.111459614749826
-1.213003514561624
-0.028217966491118
0.538398621911371
1.303255814383375
1.287160751589616
0.747180399428553
0.412380245195388
1.747056004017331
1.303280777890685
1.238589571360521
1.303246160706085
