-0.625913390710563
-0.678746079508114
-1.662302557118883
-1.398907812161429
-1.715813041613579
-1.657886338616485
-0.620776125229565
-1.329907428672438
-1.565502624439647
-0.272095488711832
-0.393087553518138
-0.224901315258814
-0.838075195989449
0.284165376756242
-0.981052415543486
-0.393471853124212
0.284831150444218
-0.519515975947776
1.872397861858859
1.718904820438622
1.768799388574818
1.606912446481862
0.651794590541853
0.381405933501840
1.606987046629997
1.016991131918521
1.697765901011262
