-1.675949363160898
-1.572806682733862
-1.731475338912485
-1.659581430511045
-0.569048667041811
-1.583876513758614
-1.890025178001725
-1.451783546518385
-0.662459607600271
-0.656782216438900
0.852887296254787
-0.087038711504666
-0.177821563341872
-0.446349077748019
-1.330958910234379
-0.177821563341872
0.268638741729185
0.070138385000297
1.119314851910239
1.103475781516664
1.821605729411122
1.659865075404064
1.821470743777313
1.821999275805358
2.388685464525971
1.822327697832322
0.504923420773556
