-0.691545083039088
-1.492456484276607
-0.595414452761430
-1.450357235506607
-1.522352824863578
-1.327774954716084
-1.587062390137741
-1.553826518904337
-1.713965234551553
-1.267284981744428
-0.203878104657559
-0.596145172671364
-0.346836290224759
-0.835328012722979
0.424529544154007
-0.595649281966147
0.236023950594870
0.489866409711146
0.417354753244503
1.404540900709598
1.404540900709598
1.830741690162233
1.105222790587279
1.284665581905168
1.187871510026055
0.429545596890472
1.398128486550961
