-3.962228804498678
-3.961815911723111
-3.962054041300894
-4.478544272637154
-3.962089888939164
-3.961963992790560
-3.962218822431143
-3.962165683454876
-3.961770565087330
-1.962089888939164
-1.962507658773430
-1.961836550091377
-1.961860729803458
-1.962530776629984
-1.961692688709521
-1.962514452600100
-1.961961952115856
-1.962593301392147
0.227444585196784
0.037580765874023
0.037826846578575
1.007394463641328
0.038284246976375
0.038143917058599
0.852839146247374
0.037791821448297
0.037539147041729
