-1.431412253930551
-0.766478063825664
-0.761880314422356
-1.433250164849596
-1.764564107104295
-1.469437674816884
-1.653005302094549
-1.764854690851754
-1.751308079355050
0.026772944731754
0.138175433071133
1.175019416770564
-0.276961385295233
-1.513132318143933
-0.276750358996954
-0.187964346759145
-0.518486077985397
-0.523729535674326
1.723038614704767
1.765317459396350
1.913474523176536
1.698896007752419
1.266279820420316
2.435661830224754
0.604506665578807
1.722762714396787
0.520234488610814
