-3.368999112767622
-3.989492448727248
-3.216586672561026
-3.216324487658639
-3.654118841934242
-3.215868013986070
-3.083075332919883
-2.957072007444694
-3.215636612477038
-1.216386370875903
-1.216145038302073
-1.215640011583452
-0.365940088473433
-1.215782683662762
-3.139580774594648
-1.216581028524995
-1.215782683662762
-2.127070109747116
2.524408025445116
2.384762304945756
0.783552429758703
1.259925581644922
1.273373428843669
0.297126444813461
0.783887829261921
2.046968024925992
0.784070637459754
