-2.760529349531388
27.854551427980695
27.854426810214527
-2.534891291526974
0.976945069358361
27.854103229528086
28.206597872917989
0.128087527327254
27.854538592807621
1.018633807925124
27.854255068814957
-0.111335910240221
1.018633807925124
-2.534891291526974
27.854626038449336
27.852512718423675
27.859275284363012
0.983200416707759
0.278545516390772
0.492008151456596
0.772730591206137
0.337080844506953
-0.767354481270462
0.278545516390772
-0.767354481270462
27.859275284363012
-0.768542920746362
0.831164310693397
0.772730591206137
27.854103229528086
-1.559481727003984
27.854626038449336
0.208230632648920
1.535819211010385
-2.518790058988715
27.501942972601000
-1.430761794199668
-0.390596814371417
1.723288708242112
-0.711585322574438
-0.984992240360597
1.105064142143268
-0.711585322574260
-0.839704395359390
-0.711585322574038
0.128087527327254
-0.925131972022218
-0.839704395359390
-0.861072435629764
-0.925131972022218
-1.032573830777290
1.793838534951775
-0.984992240360597
-0.583466249789576
-0.711585322574351
-2.238105678537637
0.128087527327254
0.513836246578606
-0.711585322574244
0.321657637401246
-0.380341063858024
-0.861072435629764
-0.466421908377927
-0.711585322574330
-0.583466249789576
-0.540774753667497
-3.071607573309794
-0.270786209663654
-2.484582153568550
-0.711585322574366
-0.711585322572541
-0.270786209663654
-0.192007093214281
-0.711585322574244
-29.662666849967163
-4.630329833185864
-4.245972614831143
0.256206600112161
-3.032250204011003
-2.526662001787263
-0.945568944085504
-4.245972614831143
-2.368842891081797
-2.311381455711088
1.082693344317578
-3.465184249848376
-2.206721666766158
-29.122397679593206
-3.465184249848376
-29.262863466900992
-2.206721666766158
-29.277542471150994
-29.442695361555472
-2.368842891081797
-2.014543057588798
-0.832487910408386
-28.893952413257722
-29.277514003726562
-2.791129437096787
-3.220981973253424
-1.154681317472658
-0.623812201379848
-29.292656256019871
-5.923556430009794
-0.832487910408386
-3.377216395008825
-0.668893826452404
-2.760529349531388
-29.287736643720368
-4.310032151223597
-2.238105678537637
-2.238105678537637
-2.388208000151530
