2.002375632534306
28.639105713131201
0.971584687253210
-2.177914896776469
28.658082137609576
0.409655424914236
28.639281186794936
1.214997568417769
28.603709795241887
1.365127678436224
1.326817004878685
-1.267516026850639
1.365127678436224
0.971584687253210
2.067863881335136
27.782762997370739
-1.281800446161342
1.458223862676355
28.639225020111208
1.440986266803192
28.639105713131201
-0.425175917039464
0.121020531975487
28.639196308483925
1.342360598294885
1.342360598294885
0.007401722099161
-2.177914896776469
2.009932249144402
2.002375632534306
1.964064958976767
1.377106112588354
28.639246443398427
28.639240429429424
1.521003105457621
28.639252050078078
0.139935424544976
0.139935424544811
0.255798688926397
-0.232894161168328
0.121020531975487
0.139935424545004
0.172228188984543
0.528786411815773
-0.245905491319630
0.234420371462895
0.121020531975487
0.024072160163458
0.139935424544240
0.733456726775231
-1.120508149781828
-0.113169421681514
-1.125268991986848
-0.055237789490779
-2.891733988817765
2.324667009728551
0.255798688926397
0.583450321486441
-0.232894161168328
0.689569050780603
0.139935424544028
0.559661830203027
0.139935424544976
1.979608552392968
0.024072160163458
0.139935424544775
0.139935424544779
2.125795513525871
0.583450321486441
-0.113169421681514
0.525776340409476
-1.420942203191514
0.139935424544827
1.405139841076152
1.400292230485620
-28.541340929111062
-2.294177236340210
0.118557107081425
-28.360038994414328
-3.181392149771439
1.400292230485620
-1.904763980948721
-28.342911944163795
-27.973726810175631
-28.360031188632608
-1.541066017860659
0.508131629727332
-1.408764400856187
-1.904763980948721
-2.512846936532469
-1.477433678503171
0.236883796356957
-0.469063593034092
0.508131629727332
-1.873466721807833
-28.358990514772707
-1.120508149781828
-28.360193321814659
-1.761292781127951
0.462876322261367
0.462876322261367
-2.409641425539408
-1.241132256368317
-1.234969504283982
-0.290825793359063
-1.120508149781828
-1.408764400856187
-28.251682768157387
-28.251682768157387
-28.553043132082976
-28.553043132082976
-1.267516026850639
-2.833802356627031
