0.156907939400291
-0.360473300340149
-0.360473300340149
0.481729521940946
27.349052504153899
26.642380482681943
27.349562743016492
27.349051986041474
-0.748944277787747
22.763283844590422
-1.159716022297878
-0.750244658539043
-0.195472253101477
27.349245375423532
-3.786558816256698
0.503628793153258
-0.748944277787747
-4.792779351941634
27.349053755435691
0.481729521940946
0.156907939400291
26.179846881659142
27.349245375423532
-1.156706068459171
-0.524247824121244
26.642380482681943
27.349308757270801
1.001467872135534
27.349308757270801
0.424561361055220
0.131726119057109
22.736223409744003
27.349122124423378
64.423616144370186
0.509268452738276
-0.070389507648881
-0.289974269219453
-2.469858145979253
-1.272520376560334
0.481729521940946
-1.114385512374284
0.582696225251297
-0.928055626313557
-4.352856862821989
-1.430655240766438
-1.272520376567606
-1.536588783686125
-1.707785516003428
-3.188086242207468
-1.272520376562466
-2.611573742048792
-1.895158764087875
-1.272520376563729
-0.738015634021317
-1.008451969447017
-1.272520376564515
-1.272520376943941
-1.266305838364405
-1.272520376564361
-2.442736872659171
-1.272520376186324
-1.361840720185046
-1.272520376564361
-1.430655240766438
-2.442736872659171
-1.272520376564515
-1.272520376562628
-1.114385512374284
-1.272520376560334
-2.469858145979253
2.412452625382503
-1.272520376959728
-1.361840720185046
-1.599043016479162
-3.092893864167023
-2.769708606244869
-4.919875164596787
0.639864386137023
-1.149426450757051
-26.191490302854856
-29.894411197308031
-29.337716036677186
-2.240016679833639
-2.319364275982090
-1.080648590199840
-1.287302001857922
-4.327955206529220
-1.391515787611274
-29.497348894004922
-3.871844566538841
-3.092893864167023
-4.273789430723951
-30.288023214985309
-6.359993790633769
-3.744032056482136
-2.855691567872908
-29.894352024659760
-2.240016679833639
-1.381483734572057
-25.796153142364663
-2.855691567872908
-29.337716036677186
-4.613773809560561
-1.080648590199840
-29.894349389728536
-4.919875164596787
-3.300078589254717
-2.521804304757209
-3.019919324972175
-1.287302001857922
-5.091107143541114
-30.935092311695762
-1.381483734572057
