28.458896669480460
0.428242777836833
1.746091017243598
28.457982173588931
2.588198938567689
1.013295115474208
1.115749343228615
28.459529073236538
0.490825678604374
28.457947918419801
28.457947918419801
1.516950169856242
28.467278665612355
-2.032711183688817
1.803405421047545
1.826285340946210
1.062008779587269
3.312850918349192
28.142984337717511
-1.680481863311289
28.458896669480460
-1.909496154212998
1.058318171596237
1.826285340946210
28.458093796505413
28.458092722423402
-1.909496154212998
0.490825678604374
1.940914148554104
28.460675207083359
-0.740981906172434
-0.130001391339723
1.115749343228615
1.957740496724274
28.458120594002498
1.058701219680247
28.773442779560924
-1.388174265954128
0.164507159260193
0.490825678604374
0.150890870232804
-0.124069351793144
-0.124069351792948
0.490825678604374
-0.124069351793109
-0.124069351792929
1.327282054880860
-0.370100091430392
-0.124069351792915
-0.124069351790444
0.551074759228668
0.385828242895798
-0.370100091430392
0.233362958494660
0.150890870232804
0.030349511116227
1.860719824851491
0.093576466428857
-0.124069351792806
-1.388174265954128
0.437462889252537
-0.124069351793053
-0.481531672991223
-3.353643860254415
-0.124069351792948
0.093576466428857
-1.736536005169397
-0.124069351793004
-0.124069351792938
-0.124069351792992
-0.124069351793109
-0.124069351792938
0.233362958494660
2.162574760818147
1.883599744750157
-2.663169625532231
1.883599744750157
-3.296329456450469
-3.640215879274149
-28.703531726280648
-1.000668867133792
-2.946051036560933
-29.049939341706885
-28.703531726280648
-28.692648378273908
-1.065016158224616
-2.138753769428785
-3.296329456450469
-1.350889138518323
-28.362166496059523
-2.173842001271103
-28.706067088493874
-28.854135807459286
0.448588044846991
-28.567563788439550
-1.000668867133792
-2.032711183688817
0.605454486212268
-1.780573648574391
-1.287507166409106
-1.522832349930163
-1.065016158224616
-3.353643860254415
-2.200963787109625
-2.945299812479952
-28.706164921434034
-1.350889138518323
-28.717726352429143
-2.663169625532231
-28.706180288541855
-28.711474974193823
-2.173842001271103
0.657234112797041
