0.015673521180731
28.024925765184719
1.538795373124437
1.757887311181668
27.666242471363471
28.015369642175877
0.131963791215769
0.954331930176003
-1.209267177513706
-0.266210306929330
-3.152450586783195
28.014123854633588
28.354335437368672
28.012953363225716
27.658485473633089
1.757887311181668
1.451275938706527
28.013921256194571
0.755425974970944
-1.876372728817017
-2.577006154840533
0.086791213465288
-0.480437252628012
-2.577006154840533
27.886541830294192
28.013867551727675
28.024925765184719
28.013903617747363
-1.599817601079053
28.012953363225716
1.538795373124437
28.013912137975847
0.458487134467011
1.451275938706527
0.755425974970944
28.362092435099054
-0.334635848832538
0.011558259422848
-2.100173764297447
-0.560467587972066
-1.352249089647136
-0.972694563973182
-0.076433044092353
0.011558259422848
-0.686985763192542
-0.639935389002775
0.619223734159805
-0.686985763197040
-0.560467587972066
-0.686985763192718
-0.686985763192542
-1.352249089647136
-0.686985763193255
-0.686985763193521
-1.496778524737992
-0.686985763193351
-0.686985763193351
-0.686985763194420
-2.100173764297447
-1.288990002034810
-0.524413111669515
-0.813503938421369
-0.686985763185679
1.321096326979322
-0.686985763192389
1.538795373124437
0.181468298715498
1.538795373124437
1.017591017788329
-0.076433044092353
-0.813503938421369
-0.686985763193630
-0.334635848832538
-0.686985763192526
-4.866397189662169
-0.694474862270575
-29.481246362999613
-3.152450586783195
-2.509631805470325
0.150050301077613
-4.866397189662169
-3.343305610330622
-3.181294791387196
-3.883095992468957
-29.388920967025083
-1.099212739197833
-29.359244040769060
-29.766140551735138
-29.164950924937983
-5.454541736127670
-3.153528347493645
-3.181294791387196
-2.830042505289836
-29.359244040769060
-5.245951715336123
0.246363714704783
-2.791515633580386
-0.694474862270575
-0.490399179717875
-29.387339554994920
-2.530869125848089
-3.078255715046135
0.150050301077613
-3.848300550518778
-29.207001307308349
-3.848300550518778
-3.343305610330622
-29.007031500387228
-4.929656277274495
-29.387293148159252
-29.252493447870474
-3.153528347493645
-2.530869125848089
