1.482025527605852
0.006816898694522
-0.698598461753959
28.150472452815485
0.485808639745335
-3.706955276841272
1.536153269523054
28.140175880322555
28.144537491164026
-1.825683606811114
28.144485665126986
0.835771715514814
0.955164658661084
-0.520061427482920
28.144656491379582
28.144588425027081
28.140175880322555
28.144575138537139
1.003121121848824
1.598526282938053
28.144577361704791
0.727516231680409
0.113176244253475
28.144704180295228
-0.698598461753959
28.144565913841664
0.385711092114941
28.144551178701903
1.081213800834565
1.570649290614995
28.144656491379582
0.485808639745335
28.144581519525925
1.570649290614995
28.144704180295228
-1.707535260106212
0.955164658661084
-1.189110253511582
1.590281011440257
-0.267776818802186
-0.516824409099834
0.383956376590095
-1.513876705014799
1.570649290614995
-1.909016121948582
-0.267776818802186
-2.863094267541971
-0.032911750228095
1.645048249205188
-4.590055292811498
1.322921392769638
-1.762332553224927
0.221573150838487
1.570649290614995
-1.015032846924799
-0.019134695848564
0.383956376590095
-0.516824409103180
-0.444653848580275
-1.387397295665903
-0.516824409103220
-0.516824409103320
-0.444653848580275
0.221573150838487
-0.516824409103267
-0.516824409103216
-0.661164816249086
-0.516824409103142
-0.516824409103180
-0.516824409103243
-0.516824409103213
-0.516824409103267
-0.516824409103243
-0.516824409103170
-2.450907096719790
-0.484514729361417
-2.017271605782988
-29.358615969029596
-2.807815794946705
-4.590055292811498
-2.962338843786383
-6.307726483934725
-29.358615969029596
-1.707535260106212
-2.962338843786383
-28.853669785014258
-0.484514729361417
-29.503202688020689
-29.189040618034301
-4.014140429796867
-2.740590843595971
-0.426205036643099
-1.816460295142130
-29.172884014960587
-2.302940421195442
-2.051792009684026
-1.297365737345988
-1.747246451796155
-2.799955618034775
-1.297365737345988
-28.817338549857570
-2.299661330279990
-2.807815794946705
-1.883678083004677
-29.355207971485150
0.781643973597612
-29.084569261899137
-2.807815794946705
-4.535927550894296
-0.674838877584460
-29.177983332746543
-29.172884014960587
-29.084569261899137
