0.376476540338115
0.872169606685899
-3.760144767308194
-0.561884861025346
1.319326257458903
1.263891367075386
27.768963297904431
0.449119589213335
27.772298387264513
-1.944079592908510
65.895517854416482
0.611342417533001
27.771235819171732
27.772084541940345
0.338249808446302
27.772301925943371
27.771235819171732
27.771687267677120
0.598672682473185
-2.062412130132144
27.771672550717014
0.672458725595961
-1.079992494107668
23.824101849429780
0.872169606685899
0.001558623314317
-1.932981122429327
0.986260334556799
0.611342417533001
0.514635665863313
0.338249808446302
0.514635665863313
23.824101849429780
23.143712423452570
27.279528122402013
0.473686077608815
1.374761147842420
1.121915551660783
-1.385488559101870
-1.628219489895062
-1.827176286145298
-0.933599859343874
-0.822730078973697
-0.822730078576888
-2.161966281765110
-0.596566050228237
0.639990748759365
-0.233307253880570
0.028705313562667
-0.822730078576829
-0.822730078577026
-0.137599357587883
-0.421882286714458
-0.933599859343874
-0.531374569163429
-0.822730078577026
-0.711860297809807
-2.708673246046083
-1.052879216800769
-0.822730078978670
-2.241792641665727
-1.330053668718353
-2.241792641665727
0.872169606685899
-1.385488559101870
-2.844259799360515
-0.483192361039988
-0.822730078576858
-0.822730078179924
-0.822730078979010
-1.330053668718353
-0.711860297809807
0.028705313562667
-0.421882286714458
-3.981884328842261
0.923965388250389
-2.553863387127194
-2.844259799360515
-1.342005061550905
-2.553863387127194
-2.712534957433007
0.393684698829818
-29.694756447337660
-29.750194075766924
-2.505891253200279
-2.712534957433007
-2.272836062532143
-4.888098061290559
-1.163748997567803
-2.546230286282457
-2.703416480386930
-0.933581830945164
-1.163748997567803
-2.505891253200279
-29.084975391164722
-0.933581830945164
-28.905947634579274
-3.939945720911523
-4.555488718989458
-29.140407543502494
-4.610923609372975
-2.844259799360515
-6.579746899022417
-29.417379185063204
-29.397248808475616
-2.915074855654650
-2.844259799360515
-1.882611176528814
-25.469620861542467
0.393684698829818
-25.469620861542467
-29.892242223543818
0.983039387452933
