28.024194355002745
1.790775647110939
28.038189481385349
1.790775647110939
2.248555817529915
0.633560968491102
28.265901248194009
2.248555817529915
-1.364780888144420
0.544092171929757
0.525824500388492
0.068248105364734
1.001872342348733
28.036927245029641
-0.161687976946480
28.036593952345974
28.044525985124199
1.174573897168074
-4.297144007369595
-0.582637280961397
0.447806217812213
28.049565347439763
0.068248105364734
0.442591742130497
2.841700102745857
28.036593952345974
27.808121077775034
28.037714836122852
28.037738233894377
0.591188930918478
28.036927245029641
-2.416456949098351
28.037784413215544
-0.582637280961397
-1.647485580382337
28.029435675618696
0.878295700628468
0.068248105364734
0.124841164231566
-1.704906260199118
-0.301288606509747
0.068248105364734
0.249690301618559
-1.499378242060023
-0.553497084364465
1.216190276297072
-0.553497084364623
0.086312001510781
0.124841164231566
-1.490869836378685
-1.698951732023674
-1.902057111100365
-0.553497084365010
-1.478569463294299
0.795062942370472
1.502967188213433
-0.301288606509747
-0.553497084364660
-0.553497084365298
-1.740568111152671
0.212859435214500
-0.553497084365074
-1.704906260199118
0.249690301618559
-0.249934193971684
-0.553497084365298
-1.888520743497133
-1.873732953823219
-1.888520743497133
-0.553497084365467
-0.553497084364465
-0.553497084364715
-0.553497084364552
0.900371912549473
-1.873732953823219
0.151480863622729
-3.268073765841205
-29.138307053251037
-2.416456949098351
-4.341121563606703
-29.146999929882700
-29.145163520934496
-29.144851894205271
-5.941833204671518
-0.746015581069176
-1.980416613414319
-2.471869412249089
0.484208121259495
-1.980416613414319
-2.347020274862096
-29.127196814808677
0.410691283172199
-1.873732953823219
-4.299505184477705
-1.574102594636680
-4.463609523885586
-1.746522639328116
-1.985289869358361
-2.471869412249089
-29.138307053251037
-2.727060837164234
-2.874237119517327
-1.623046759186343
-2.539787720284969
0.484208121259495
-0.052367275737576
-29.142765827086372
-29.145163520934496
-2.347020274862096
-28.936842551315362
-29.144183095282962
-29.353006342605340
-1.574102594636680
