1.269600244259531
-0.265749243920618
1.690087197933934
27.994546455598837
-0.844399340518426
27.994815117108026
1.690087197933934
1.057978561653863
0.608327462936898
27.994528835227023
-0.248672684051066
27.994534254434214
0.775092626494289
27.994507405936311
-1.431227565300775
27.994600170690642
0.863055116235831
0.775092626494289
27.994415385071992
-0.844399340518426
0.263626773818803
-1.468260506180680
0.989401629438006
-2.445856589424499
28.000999278441935
28.013507090946160
0.608327462936898
-1.735241355812349
27.994330685100060
-0.219989613473698
-2.445856589424499
27.994600170690642
27.994815117108026
0.931937207958000
27.994415385071992
27.994360040266031
-1.100359719693845
-0.812926372077800
-0.554498927419849
-0.870390793557806
-0.439570084461401
-0.525604264677767
0.608327462936898
-0.554498927421044
-0.554498927421142
-0.554498927420997
-0.093355979480599
0.608327462936898
-0.554498927420997
-2.973704730270223
-0.554498927421025
-0.491365341020570
-0.491365341020570
-0.259266960145828
-0.318972076580550
2.049904175149194
-0.812926372077800
-1.800601124980043
0.748126273275818
-1.784921395928375
-0.554498927421040
-0.870390793557806
-0.259266960145828
-0.439570084461401
-1.784921395928375
1.046866050918013
-0.554498927420690
-1.583779027007934
-1.857124128118269
-0.318972076580550
-0.669427770381427
0.895735410098874
-0.669427770381427
-1.430226565269117
-1.186210257373240
-2.973704730270223
-1.358603521813260
-1.304114712358478
-1.972052971078282
-2.675714275344526
-1.374906143956001
-2.231158525511982
-29.250505657168254
0.746841278563325
-2.367349992092421
-4.394766584294076
-29.114129948009843
-2.916240308790216
-2.904871043180843
-1.800601124980043
-1.157824141173851
-29.103387568260782
-29.093051462007953
-29.107063162328764
0.723256305896911
-29.115806415054209
-3.166439252478606
0.321091195298809
-2.132431788768619
-29.104268153556792
-1.800601124980043
-2.904871043180843
-1.304114712358478
-1.553781692170811
-29.295319153368560
-28.720674938568497
-2.916240308790216
-28.963183549768221
-2.367349992092421
-29.295319153368560
-2.579514994869247
-0.640533107637780
-0.029278228150443
