0.243922760270203
-2.075816543669831
-2.340261374108496
24.431543061742019
0.199796690813091
27.935306644732169
2.141408319026864
27.930316810477688
0.466039854249119
2.141408319026864
67.286320706832271
0.214290359599476
-0.733965662972171
-0.733965662972171
22.988159390806246
0.386854422290675
27.930141509937695
40.097081229776023
-0.002939798240451
27.930298266063144
0.678795266793916
1.933149920637524
27.930141509937695
1.388696271056997
0.318426054293415
0.199796690813091
1.973690907644970
0.794017190243021
-1.282983375233728
27.930283798937825
1.388696271056997
-2.075816543669831
23.257684144884831
27.929630719242752
27.935306644732169
0.466039854249119
-0.691067648358105
-0.691067648358079
-0.782300008118832
-0.269920203092244
-0.691067647807219
-0.691067648358105
-0.691067648358214
-0.508586536129789
0.429316592981260
-0.691067648909031
-1.511649750534190
0.657160454248500
-2.039295750964825
-0.691067648357772
-1.668002780334372
-0.508789287699665
0.429316592981260
-0.507340710573264
-1.736431148331633
-0.691067648358059
-0.990981579204923
2.726402955614838
-1.404487947453052
-1.325860940348069
-0.691067648358137
-0.990981579204923
0.634601696973042
-1.736431148331633
-2.902372299259815
-0.691067648778936
-2.562587154357069
0.466039854249119
0.455282790287936
-0.782300008118832
-0.782922744947032
-0.782922744947032
0.466039854249119
-0.691067648358200
-3.373708646832942
-1.462717676342590
-25.811967598656338
-0.347630253164994
-5.545926291646850
-29.320554920347384
0.602896590243641
-3.442137014830202
-0.347630253164994
-1.184641346562763
-3.784278854816506
-2.444674862903688
-3.092973422078364
-2.322771243010064
-35.406613746292678
-2.349530015658874
-3.373708646832942
-1.877356647644878
-2.562587154357069
1.535571930542774
-3.115197147384570
-25.333000186565179
-1.462717676342590
2.042119275642231
-2.331661558160323
-2.562587154357069
-35.406613746292678
-2.176152486959346
-29.655206088120174
-28.970922408147565
-2.562587154357069
-25.333000186565179
-3.092973422078364
-29.312818542929804
-2.536946662152105
-3.212340026974453
-2.536946662152105
-29.709197737144265
-28.888057321177136
