1.192867373152948
0.667096361392062
29.215129439672538
2.123531077971461
6.297455952776685
29.217332385146005
29.218774061076267
6.449511718125124
29.218838064304038
29.218838064304038
2.959837787387873
29.218882259093800
0.654096421382180
2.512748746442080
29.218837695670391
0.660672194433414
0.322927527388508
29.218989015773914
29.218816184700064
1.901143377412593
29.217332385146005
29.218743888369236
1.685850380605220
2.123875842351000
1.495364615982027
2.889505852177443
0.286621296516220
2.813477969503223
0.431612840481412
3.454635608497271
6.297455952776685
2.959837787387873
2.512748746442080
2.070079124748214
0.431612840481412
0.322927527388508
-0.446312641908596
0.497365025532429
-2.452180536224684
0.882180069404837
0.497365025532412
2.179615560050000
0.648890990698087
2.512748746442080
1.942762150386246
0.451262423518177
-0.209110906786878
0.497365025532395
0.108505273452545
0.882180069404837
1.918023359399776
0.497365025532196
-2.276773012411025
-0.701405526743884
0.497365025532275
0.194429234910679
-0.347662022592770
1.031151706501863
-0.347662022592770
-1.022504623081191
-1.169114874342565
0.648890990698087
0.497365025532399
0.497365025532412
0.497365025532346
2.512748746442080
1.615401532850234
1.942762150386246
2.965533734851662
4.536479922950797
1.843485180872892
0.497365025532404
0.497365025532275
-0.271634139918551
1.980883656202573
-2.291163428321334
-28.224659134416171
-2.452180536224684
-28.096623086449693
-1.939291790996079
-2.109807973642358
-28.224561680836526
-1.069295229966207
-2.167375439018737
-2.832319949595780
-28.666593635628669
-28.463912965877036
-1.577769539466973
0.052449133039660
-27.703634139134845
-28.096623086449693
-1.169114874342565
-28.224529058166119
-28.476762499820786
-1.939291790996079
-27.754259043538038
-6.271175563168667
-28.219844627769280
-0.043550491895893
-1.282619351325007
-1.908443305951782
-0.781025005848433
-2.896805780716632
-28.463912965877036
0.127501309784535
-0.043550491895893
-1.169114874342565
0.052449133039660
-1.577769539466973
-28.224466342057923
-1.282619351325007
-0.446312641908596
0.413345825973036
