-0.928273789951923
-0.461548749765986
22.605252695387644
27.240147526058490
27.242494873366489
0.272189413318269
27.241793106164764
27.242367279590241
-1.534243986034475
65.216965959477790
-0.930766854858276
27.241793106164764
0.341364235550989
27.242047633815154
27.242445651994291
0.114744823067579
-1.435544821013857
27.240147526058490
-0.461548749765986
-0.520345982064612
0.618413188550091
-0.544482480380947
22.638295792619566
26.010485759313386
-0.412881061826194
-1.248388081279554
-3.785020003518064
27.242425131610812
-2.253236212284550
-3.785020003518064
0.564680728430882
-1.248388081279554
-1.059417600179394
-2.944523715562075
27.242047633815154
0.341364235550989
-1.511662142266883
-1.274326144237909
1.218531549910081
-1.274326143854073
0.007279902829161
-0.767076409594296
-1.274326143853657
-1.345959491127902
-2.555932190536972
-1.045928439502390
-1.511662142266883
-1.314590740098435
-1.345959491127902
-0.334936259253003
-2.057040111254748
-1.274326143853723
-1.135539541692245
-1.274326143853693
-0.334936259253003
-0.461548749765986
-1.274326143854073
-0.625820046594771
-0.767076409594296
-1.274326143853566
-1.274326143853638
-1.131029650651067
-4.133321763789491
-1.274326143853671
-2.021161282895964
-1.274326143853657
-1.274326143481979
-2.470974375292582
-0.173738878895376
-1.274326144225364
-1.368323200217644
-1.368323200217644
0.070711079246686
-2.470974375292582
-2.944523715562075
-1.740043489149028
-2.591699584259777
-3.535580776873373
-29.481555714080013
-2.021161282895964
-29.791013209755075
-2.663397110775390
-1.901240869506655
-1.865404501967528
-29.123641275931625
-4.079589303670281
-2.840417565139839
-3.535580776873373
-2.684248067369116
-1.865404501967528
-1.565394602386092
-0.354083829527568
-31.006735254650092
-25.847048726160878
-4.401984064385535
-4.079589303670281
-0.466613521945403
-5.538752379292007
-3.147899191083895
-2.840417565139839
-4.133321763789491
-3.868353045699914
-29.123641275931625
-2.210188744076423
-30.126345235510520
-2.021161282895964
-0.466613521945403
-3.999949843994900
-3.400351614234971
-25.847048726160878
-29.775180134400781
-3.655170222145825
-0.798584185992287
