-5.443417476933146
-5.442623706497920
-5.442594918805162
-5.442919274844245
-5.442820666432689
-3.443410110842607
-3.443443539952851
-3.443232824610634
-3.443296088246997
-3.443266543531513
-1.444009087333843
-1.443917412754927
-1.444172799166566
-1.444044501045135
-1.443936906405785
0.555346365210183
0.555277281388670
0.555796709246909
0.555380124667659
0.555086937603786
2.555741811931247
2.554903030316666
2.555419650192341
2.554806371526642
2.555500084978772
4.556068507180164
4.556216793839880
4.555968968495374
4.555741811931248
4.556030211685023
6.556057298268899
6.556643229205807
6.556381813368227
6.556640477137162
6.556597062916243
8.557191639622017
9.421503599977822
8.557554791984632
8.822173021079294
9.420987037702115
11.420962637739812
11.421115557252520
11.421301552220404
11.421376188077760
11.421360691332570
13.420661332868816
16.852364037649977
13.420810575409321
13.420929016999736
13.420432889631973
