6.995444301714070
6.995693365497247
6.995562564510124
6.995545673911256
6.995633741022134
8.994956446574848
8.994884674531976
8.994879227255476
8.994919708268279
8.995000236084859
10.994339094584891
10.994465842522946
10.994482948213609
10.994488736807094
10.994418013384626
12.993860838895202
12.994027870640954
12.993672833454028
12.993657145680487
12.993166309216944
13.332682417253068
14.994135234906631
14.993894154953512
14.993200748868356
14.993944246754429
16.994842778207115
16.995098614464073
16.994054132885164
16.994407926362161
16.994484226865353
18.994919457197746
18.994953186045521
18.995035820134042
18.994888590454956
18.994900460272799
20.995617733932963
20.995502724873973
20.995638290459897
20.994770651306272
20.995209334484592
22.087839191900969
22.995099076656896
23.959747412034005
23.884707168134014
25.027769058479947
28.850019836436445
31.602131385946279
27.027002187383985
27.027426560956549
27.027002187383982
