0.242354890040956
0.241488628425102
-0.533129613798928
-0.017976609885363
0.171922369039593
-0.093056641058684
-0.215451079768384
0.510229216167379
0.537240625413847
0.511064225266090
0.310489085078137
0.740913317307643
0.242441498388146
0.571725003245808
0.579556456055168
0.898556596248331
0.752612066459693
0.831348977979018
0.713423601608033
0.832223720566494
0.729177279897051
1.728888112464704
1.408270655677529
0.301657103443000
1.687289184612816
1.284438238603741
0.961846698900633
1.686994397130365
2.153069084985437
3.092496422119979
1.783933740699366
2.259510817273036
1.983199217380920
2.037062124565267
2.254229583252815
3.904988453124141
2.310811083898339
2.153571793567480
2.510229216167379
2.313971644117515
3.397120283197542
3.096496422119979
2.241463219839976
4.001706063044939
3.365645474497583
3.829954530882043
4.907950999461171
4.527335519642252
4.038486848810341
4.044974718663058
