-0.471275781605487
0.328141870807024
-0.445202111212314
-0.047587839463007
-0.842358740014685
0.030146793013200
-0.470804198553171
0.168062669157264
0.082294531394878
0.350697610846111
0.216845574702925
0.519102420188199
-0.198079407204901
-0.370801168783681
0.213164783642832
0.662412837566273
0.536923357823862
0.788258604409007
0.537542127160785
0.521096152339299
0.537386284842272
0.438747776498286
0.537024424177147
1.518109914392074
0.216517745461480
1.969471140407300
1.251709148559894
1.528443243370023
1.529062161113780
1.686165256017275
2.029673207147364
0.940741345370613
2.029673207147364
1.805467610869997
2.030159527793475
2.052669614005264
2.241757524131138
2.048079392194779
2.216966814218237
2.536517007133790
3.326635381526899
2.216384504202966
4.030146441230783
4.029623014449999
3.471338097614540
3.915268465086744
4.298402157092297
4.366558885487117
4.001622329185735
4.222549142282467
