-0.697971120140631
-0.545663786004036
-0.073634918433305
0.824688253299064
-0.697972443818593
1.302028879859369
-0.074203759695498
1.593105505418918
1.145103981117632
1.145746896644714
1.676780108137305
1.926066256392528
1.302790370615548
1.811128511821802
1.810367303543563
3.145850730624212
1.926567534168791
2.398060512424500
2.357199135455315
1.926369969563939
2.692299512205781
1.815902986635325
3.226591300417302
1.302600395429851
3.630378317755548
4.183816612372305
3.094106718515521
4.183663529061734
3.811285290492714
5.226947878054904
4.357017759617210
4.183729716047295
5.227080295346855
5.135208509188225
5.423667489718632
5.226996559002330
5.618201526508142
5.226720483060028
5.708368574511340
5.226679747669045
5.267268040308959
6.184465574488506
7.404760536575372
7.227646316496365
6.602310911202024
7.664656320384008
8.647333556896379
8.323655685024518
7.227223931189879
8.323340010281633
