-0.459643233257598
0.373903248644717
-0.406167956359883
0.264097935912746
-0.349995714452703
0.389462936032427
-0.106110592011750
0.401966543249890
0.601013600268947
0.599188736874969
0.389498799725726
0.659102256222027
0.738783889692835
0.173114234800115
-0.326194076993957
1.650450740174907
0.826519048873439
0.827312253784132
0.756203191849903
0.544237038139388
0.755530538512553
0.544789384146260
0.684733274016214
1.309165178229885
0.389183286055498
2.208479767173185
1.097205926899983
1.642388927638793
1.457600362035176
2.950948175996980
1.969190293836937
2.273585255282551
2.296372439160599
2.056195229983409
2.207658767833766
2.264292622268564
3.883836294310848
2.303272618854172
2.240020424009545
2.827312253784132
2.955948175996980
3.739778301924380
3.642273720628194
3.164299369849505
3.777497061445111
3.552823369734686
4.357738372190588
4.183116484690233
3.093767727154187
3.942467063386751
