43.928926618313760
59.389128972604453
69.509725648071949
45.192155285324617
44.401381968100765
43.940945971287206
71.989213096831591
67.977826674379983
58.875870949141010
-0.953311941555981
-0.444257920370569
-0.588551470321150
-0.568640830609992
-0.304128360933355
-0.707003728650019
-0.420031242791772
-0.595351477981881
-0.636830458849799
-74.333793582579801
-49.775502542170258
-87.379919005286879
-45.880518901556769
-46.613844130642867
-46.307765230575619
-47.148043163200605
-45.353164835502568
-57.194516360476570
