45.469595719207689
82.754593875844819
44.956407638734639
96.286846457595558
47.510938041119005
44.304372611402798
69.510782484553459
44.473707298366079
71.060668299055209
1.739167282385779
0.128529190985230
0.538373685629637
0.691396077671641
1.662026680821265
0.685034185207272
1.593329627595997
0.789194501707163
0.623390686925504
-44.590033432812618
-54.774786591396023
-44.953530122335920
-43.135427637527663
-70.418974297423617
-43.925802460597787
-78.057623521089951
-45.819406426167170
-129.102769855458121
