61.864987773757697
88.120799599574610
59.231626965101555
51.956311285139748
49.651813112597097
49.312169168839652
49.611495341970986
50.954316532544070
49.035406525316475
4.974821599396266
4.856025783956170
5.234317724084455
6.004078156979844
5.487491507307844
4.860148897149173
5.289912294862141
6.062731069963158
5.229890995006050
-53.503315698120915
-39.023458030642018
-45.945112226153853
-39.086099202515392
-39.131356285086731
-61.750774606646218
-140.372764876267468
-100.389288892050629
-38.536174516063468
