46.758669110673821
45.719803221906957
62.256006174598937
46.303468474764443
45.880550223916629
54.776363272639934
54.962840790358442
48.271099307124906
67.463201610988278
-0.311649970522652
0.090976773893602
0.038597612539487
-0.131325188027700
0.023118203770340
-0.349222771268630
-0.127573234767900
0.237335318078992
0.068048185237416
-46.788166248400991
-45.788776701011344
-52.039758654395612
-64.198703178891392
-46.315283535067152
-75.111694633676024
-46.447459511156659
-50.423349674058066
-44.817114979248245
