42.702493379964515
43.391167484219096
52.291038369333364
42.939535549435959
70.057258451209506
66.317636235384882
62.211870361771645
43.649095254147440
75.692469070491342
-2.373085356756299
-2.338153943848468
-2.347767453023081
-2.425214899426317
-2.172908187194395
-2.265508840094614
-1.893922227687767
-2.026142880395014
-2.069879940259978
-48.783214711565897
-48.607731486244582
-47.583620391184574
-76.158298810873958
-48.064448644237018
-66.939562055504155
-47.562138947313969
-47.537711335965611
-48.103254044382297
