231312717373.465637207031250
-13256544446.048217773437500
-45087859177.363647460937500
105919908520.461364746093750
53949309237.576873779296875
81118943144.375671386718750
-8566573991.756744384765625
42451701221.333221435546875
314780389734.711914062500000
-207118155285.671752929687500
-21618459552.707717895507813
-272822872956.537414550781250
204429900630.841827392578125
-148432847857.109466552734375
239174457437.994018554687500
253547664690.532775878906250
-190328504502.530120849609375
161248391091.275634765625000
-35378876000.112548828125000
-31664309497.697784423828125
-48390688662.940887451171875
-14262713906.033346176147461
-25397030335.770324707031250
-258970676571.864807128906250
16316780647.677307128906250
-51721900383.543701171875000
-331232150602.558349609375000
