154934328786.463256835937500
60314084565.287231445312500
111854598890.762954711914063
6766419259.085289001464844
3207322721.094620704650879
279244165506.254089355468750
175794830573.499359130859375
130136464789.676681518554688
158972503542.875823974609375
-254327688681.600280761718750
-220320277299.570953369140625
-209410284069.356018066406250
222267147223.614868164062500
52801652716.259468078613281
-178421990833.975494384765625
-242390283138.727722167968750
246146278683.203063964843750
-120416759546.765594482421875
-10307832044.932283401489258
23904573325.909225463867188
-10207328831.799627304077148
-38853632913.740180969238281
-53430953193.415122985839844
59038924034.941482543945313
31613259884.373153686523438
-190779043121.309875488281250
-188130480828.107360839843750
