54.209080070058988
49.144609839353706
45.630068771275319
45.146506280303718
101.705522774660324
45.906040858063257
56.340860403809302
60.932099996730592
52.059804049932701
1.217806167395934
1.267474437463105
0.992635100313414
1.674604618535692
1.397021567043770
1.241683449522738
1.661746790815376
0.984075325240881
1.186880408435892
-50.720685801966326
-42.202862886507148
-54.301646452681474
-49.311031937012487
-43.331420583663565
-106.612447250506619
-44.528631268153454
-78.644649140160595
-53.045145588303214
