227498759342.388610839843750
260095092838.264373779296875
32098123808.061447143554688
297818692306.340393066406250
7915504782.242919921875000
-105433032486.482025146484375
191347709516.143341064453125
299497133537.602661132812500
345720081600.337158203125000
252948092274.366149902343750
-300483943897.580139160156250
165121598455.230468750000000
-263211744026.227600097656250
-226405973640.338287353515625
280497180082.752746582031250
-181019469284.265228271484375
-212935240050.690185546875000
331617097897.107727050781250
-260956415011.379852294921875
19687489163.093231201171875
-365943343253.765991210937500
-259510086707.733703613281250
-276287935078.469482421875000
-217727896752.035034179687500
31551637604.464599609375000
-102349502089.621551513671875
28850389070.186058044433594
