47.556980247249832
46.549055048598120
63.094526838998220
46.133549553479831
45.555507427844546
57.569025207525165
75.423520429233889
46.315655293065376
48.504659893766750
0.832512194653122
0.857371522973726
0.504263862593139
0.699888001512840
0.537261641051067
0.454052179971690
0.761248757385106
0.480588224094171
0.949113748013310
-73.993573926852235
-53.705117581737980
-44.724496402603769
-45.285634908778789
-64.355922695130715
-53.601109532385671
-45.425062165224659
-56.262471547756476
-45.425391311539762
