52.948219995778395
43.808574110908864
45.962617821797785
108.674883857109847
49.071964790542353
43.525512081546303
45.179602780905753
75.105145086970481
45.198220101808559
-0.462879870947807
-0.447894169642232
-0.878962899742124
-0.458372970353044
-0.541255576724953
0.096255715557803
-0.880360098837732
0.312892306962417
-0.472151816974815
-46.451512372783327
-45.816170224522345
-44.814594690635538
-64.946871090146530
-53.994797363827459
-46.231488498482953
-46.525588116033909
-81.399268007068429
-75.561720883164867
