-2.035010166282967
-2.035362568660909
-2.035395443617601
-2.035636807896907
-2.035574551556601
-2.035517319574901
-2.035432104849282
-2.034998501046645
-2.034923311815185
-2.035423737185573
-2.035050636431100
-2.035383728459825
-2.035317370801121
-2.035409071397975
-2.035568438802614
-2.035000440988086
-2.035413634413103
-2.035477996810369
-2.034918396565260
-0.035273035052725
-2.035332510858923
-2.035375024152782
-2.035548340400718
-2.035376376810363
-0.034869510590813
-2.035314786910075
-2.035704519127716
-2.035523154261122
-2.034967925167363
-2.035062773023498
-2.035710391911837
-2.035769685598813
-2.035344763635518
-0.035540612483578
-2.034826272173333
-2.035771339616082
-0.035275436587612
-0.035377728441592
-0.035390162394216
-0.034829453263674
-0.035160249748951
-0.035283494200173
-0.035320389032970
-0.035317370801121
-0.034909110138156
-0.035313398407562
-0.034821951337560
-0.035169891519091
-0.034771615131353
-0.035252014582650
-0.035599242343964
-0.035511172733389
-0.035582593746928
-0.035517409587213
-0.034830030830523
-2.015362568660913
-0.035261652904839
-0.035036054696598
-0.034829705289385
-0.035323089591633
-0.035626570272524
-0.035531225065102
1.945844557612697
-0.035348800616309
1.948633480428764
-0.035320224405580
-0.035538160152420
-0.035324804367445
-0.035048334655444
-0.035373528116621
-0.034869653754464
-0.035336765925515
-0.034986900399889
-0.035465056435710
-0.015513447927356
1.964328731094886
1.964605951279798
1.964668767868890
1.964498730120740
1.964738731544754
1.964483756978256
1.964739277421726
1.964673792596784
1.964602072873211
1.965130641318565
1.964499078468250
1.964663711077258
1.964707786111767
1.964539185284347
1.964416839311552
1.085943868881985
1.964728663235536
1.964622365975586
1.965009987915241
1.964700337936653
1.964329479725643
0.120368408261733
1.964583089444150
1.964490561264152
1.964484457891801
1.964808879269179
1.964609837605784
1.964406526744622
1.964618880865822
1.964694405880341
1.964486862793198
0.120368408261733
1.964675779144889
1.964554061572787
1.964695874630473
1.964567070106105
1.964626471883379
1.964697238899556
