-2.117751577505553
-2.117621043585438
-2.117702393057407
-2.117808917554580
-2.118202287373967
-2.117702613520128
-2.117202851486795
-2.118103685190830
-0.137579776942983
-2.118046389031160
-2.117918089793285
-2.117981771785542
-2.117807093134397
-2.118195089128728
-2.117813199077566
-2.117702387311635
-2.117710006134851
-2.117807670589940
-2.117758652262794
-2.117702393057407
-2.117694533497531
-2.117744996301364
-2.118184283698970
-2.117737139791387
-2.117706054358198
-2.117786276079154
-0.137579776942983
-2.117650716260395
-2.117691134319334
-2.117654185664742
-2.117736247684319
-2.117202828020983
-2.117202716250889
-2.117494542319887
-2.117771298231724
-2.117815203031265
-0.117677875151977
-0.117452633163215
-0.117472769297679
-0.117474050709881
-0.117696806694516
-0.117805186232222
-0.117642753043400
-0.117523944113041
-0.117759487820973
-0.117944511597018
-0.117796983026008
-0.117644380619603
-0.117953605346989
-0.005100689201529
-0.117526725576439
-0.117413893217564
-0.117493739686676
-0.117740459527823
-0.117508790105216
-0.117876862983224
-0.117461914196350
1.866373954603752
-0.117240160081929
-0.117961011195357
-0.117475979321214
-0.117483266776430
-0.117756531613066
-0.117742092084540
-0.117963807443698
-0.117491150311470
-0.117811325892548
-0.117330018813496
-0.117480050018987
-0.117358777772067
-0.117498474844990
-0.117718531050568
-0.117399742328731
-0.117810176802566
1.882524020678786
0.014899310798467
1.882501525155010
1.882476055886959
1.882508849688530
1.882776166615463
1.882747382966075
1.882428820136898
1.882790376213719
1.882796110997042
1.882669981186504
1.882762770848312
1.882739469282529
1.882070196224220
1.882800488657633
1.882538085803650
1.882096887208468
1.882506260313324
1.882821933034892
1.882759839918046
1.882896040568336
1.882844922948735
1.882355619380397
1.882521292675634
1.882583828991850
1.882322124848023
1.882086197358451
1.882762770848312
1.882123187018070
1.882491209894784
1.882527230702321
1.882303193305484
1.882514936444430
1.882473274423561
1.882131501889171
1.882038027557236
1.882790376213719
1.882428820136811
1.882883526825210
