-2.587748257383202
-2.632647754644854
-1.828731817713745
-2.588235038124782
-2.587525692387656
-2.933934385681667
-2.393677166789521
-0.280747721927312
-2.587777365664631
-0.674667609050118
-2.588022970063995
-2.587923314903191
-2.023074187745630
-2.587948542014185
-0.869909591168444
-2.587625163937785
-2.587987740452832
-2.588015526058540
-2.393677166789521
-2.587923939581901
0.135690204465757
-0.587958647908940
-2.587756451583878
-2.587689081259819
-0.656553903735908
-2.588213274896331
-2.588094444872699
-0.701162418699138
-2.587849627080878
-2.605462301491858
-0.587456699313881
-2.588005984767516
-2.587538261091860
-2.587790264742307
-0.639065121230578
-2.587755468254394
-2.546563636460181
1.304585611326049
-0.587545102799909
-0.588316840368680
-0.588396634705610
-0.587518086001066
-0.590745468865125
-0.587673719953475
-0.588235024586502
-0.588135755730487
-0.587842507227373
-0.588039833059833
-0.587841822797269
-0.588098383493310
-0.587767021983144
-0.588317912264403
-0.588198899697178
-0.587605008015107
-0.588431223787175
0.515253060750235
-0.588139513360315
-0.587818857995610
-0.587672582568598
-0.588137164122881
-0.587924567460451
-0.588261090960963
-0.588227639519426
-0.588259196072271
-0.587545059627533
-0.587942451534909
-0.588430968156457
-0.587466204378184
-0.587485412144342
-0.588043507512824
-0.587955268636904
-0.587919055317085
-0.587467830345660
-0.587557513197089
1.412157492772627
1.412138009095741
-0.448271458249240
1.411776163998126
1.469404785886846
0.760296577883114
1.412296745238732
1.412167756212184
1.411849950916651
1.412369795984039
0.435690204465825
1.412518116012843
1.430690840958569
1.411856753131795
-0.587767829506954
1.586545809597850
1.412279521803405
1.411797331078096
1.412156285170713
1.769107441389648
1.412164256505643
1.411861850081402
0.320090630343564
1.412478473060248
1.411776554615348
1.411948576669578
-0.543242177518595
-0.448271458249268
1.411859747051998
1.412199909068883
1.411978369375119
1.652679878763374
1.412502927667402
1.412452283202120
1.411859850109484
1.412155021494764
1.412517894523522
1.411863032167571
3.166437871754642
