-2.087842912392564
-2.088005685674926
-2.088213353331484
-2.087818700623942
-2.088272896244528
-2.088240095192316
-2.088032492636404
-2.088113544492724
-2.088369787844706
-2.088037900106225
-2.088199147133307
-2.088618220128478
-2.088192344923780
-2.088219389390008
-2.088187345558942
-2.088598212774741
-2.088213646909071
-2.087699244769440
-2.088208220987189
-2.088219305879487
-2.088292829404089
-2.088054473775132
-2.088218461977431
-2.088208751556713
-2.088186278562208
-2.088218219595857
-2.087682599926217
-2.087682419158965
-2.088213477991886
-2.088218322667498
-2.087802586114728
-2.087683001724494
-2.088156315604805
-2.088036817199435
-2.088156315604805
-0.087682066926447
-2.088055374836144
-0.088052340025367
-0.087774412598263
-0.087744557296618
-0.087779682166960
-0.088193325768975
-0.087743115604425
-2.071883357355070
-0.088053392173017
-0.087691504704009
-0.087790988402142
-0.088225695904642
-0.088198694202929
-0.087925780326035
-0.087884240545382
-0.087722057303981
-0.088221097068874
-0.088221652233133
-0.087958385502145
-0.088224888202433
-0.087947150147648
-0.087758292509975
-0.088430591851866
-0.087986772700810
-0.087688064349062
-0.087749379688096
-0.087717185728048
-0.088110930099180
-0.088213384176882
-0.088242894445265
-0.088221809170228
-0.088245360117249
-0.088247481583920
-0.088157381201617
-0.088205542110511
-0.087999912556190
-0.088258054711820
-0.087996581508779
1.912431665643274
1.911990604785216
1.912382970507541
1.912374345245177
1.911879490320777
1.912368125544917
1.912357539014103
1.912317933073553
1.912311935650938
1.912256884395575
1.912282814271902
1.912248836375329
1.912277942696019
1.912317760776635
1.912252614255589
1.911636059572059
1.912241707490025
1.912223770712467
1.912209011597859
1.912493345849296
1.911574289810758
1.912220317833040
1.911953772102801
1.912493246253618
1.911603220090667
1.911916529300847
-0.067604462463986
1.911688155116903
1.912089727077876
1.911842618798383
1.911778347766867
1.911688706567081
1.911794457889489
1.912219880643097
1.911953772102801
1.911703857110119
1.911804331250025
1.911688706567081
1.911953801832006
