-2.172384700565064
-1.918332902365927
-1.918148777521692
-1.918333757235010
-1.918356530095310
-1.918447314935501
-1.207024305919369
-1.918478220310820
-1.918333817221418
-1.918369778412292
-1.918371029933615
-0.143675502287323
-1.917782327128119
-1.918370228682657
-1.918096472315678
-1.917944628840385
-1.917980281974474
-1.918427492150062
-1.917980281974474
-1.917981295331467
-1.918336697354905
-0.302736107793322
-1.917963663250263
-1.918383625979198
-1.918148647079472
-1.918358971144219
-3.138431992596430
-1.918290041898721
-1.918374836365910
-0.118118551472264
-1.917487578858682
-1.918299154502232
-1.918370858734219
-0.118118551472264
-1.918388073581103
0.081988730409469
-1.918281688505693
1.887063839508471
0.081666356553689
0.082160703953230
0.081666887298378
0.082166914578269
0.081661534843199
0.081867358173227
0.082253097177722
0.081668896538707
0.082201889277376
0.081967562097935
0.082290574558282
1.888419651942617
0.082105265394457
0.082217941990772
0.081795739953889
0.081879668509490
0.082160742657442
0.082301264878766
0.082166546851156
0.081642320925755
0.082215562703744
0.082124579801671
0.082300927287504
0.082296760313131
0.081700784178123
0.081872255034849
0.082091201009130
0.082253097177722
0.082127227001506
0.082230864119579
0.081709958101280
0.081513197640869
0.081841708212780
0.081641761087593
0.081903527684322
0.082106655901139
2.082202053106495
2.081509588028100
2.081758034282241
2.082098561310839
2.081771027242431
2.081660153386876
2.081521046514454
2.082089284500257
2.081586994306200
0.283197721310924
2.082019065167198
2.082105265394457
2.081991969589275
2.081919163912188
2.081705971780637
2.081991969765713
2.082091201009131
2.082074797523274
1.369793488603611
2.082389134188698
2.081667724093370
2.082150449900945
2.081685412804307
2.081841201465668
2.081561858516907
2.082128906506087
2.081661455575635
2.081644078443068
2.082107364964554
2.081662349354139
2.081700784178123
0.081731072406764
2.082113878509019
2.081621749125814
2.082150449900944
2.081684782694883
2.081644234184200
2.081891235023051
2.081686925716697
