-1.875036183433167
-1.875062297123726
-1.875350902618840
-1.875384827615372
-1.875415808485646
-1.875627484595803
-1.875089656171622
-1.875444933529844
-1.875606083150105
-2.516758159181415
-1.875036281957424
-1.875384426091272
-1.875340971877686
0.023876738893376
-1.875255056323684
-1.875201718694213
-1.875443062668073
-1.875384828142225
-1.875255774092893
-3.419250661129562
-1.875196377715459
-1.875475577960677
-1.875033995535720
-1.875043931717924
-4.962266957981049
-1.875627092524518
-1.875396235482295
-1.875115753536479
-1.875524606810348
-1.875182312901437
-1.875374390274125
0.124914683285055
-0.541295963731334
-1.875381939424712
-1.875373489120213
-2.822245659857022
0.123130502973173
0.125275748821679
0.124536049945224
0.124857086510451
0.124587244414864
0.125089577341844
0.124281890868493
0.125019730577315
0.125101247490124
0.124667967263950
0.125087876558559
0.124350560448551
0.124581969519742
0.124892060460530
0.124995782417023
0.124732674788026
0.124454649507091
0.124581969519742
0.124669560014976
0.124615573452720
0.124849193017741
0.124675037828339
0.124884878171162
0.124667280068860
1.273539052647796
0.125088860557191
0.124685953781231
0.124628609480425
0.023369960798542
0.124906389135879
0.124907811731090
0.124416425777807
0.124761215154128
0.124794483669810
0.125087133890549
0.124647768307658
0.124564655772755
0.023369960798542
2.125255761812645
2.125215112442408
2.204960217480361
2.604447099344425
2.124943917930406
2.484048328801200
2.124704983799196
2.125113181957439
2.124782264537029
2.125255448196896
2.124669130632687
2.124682269907507
2.124685695116907
0.623905197498511
2.124575230550080
2.125155941076264
2.124840650891659
2.124735409608970
0.707359357744702
2.124646688767340
0.326862127324978
2.204960217480361
2.124669130632688
2.125259922566381
0.705228571787526
2.125034257784856
2.125183887919644
2.200257159259360
0.326862127324978
2.124658952970169
2.124702990235886
1.473539052647784
2.125000010204581
2.124682769508851
2.125267241201223
2.124658952970168
2.125245008957224
2.125071873967809
2.124607180678378
