-2.090398811315935
-2.089579329694217
-2.089705959820594
-2.089855368463608
-2.089903090467894
-2.090399208696017
-2.089812771787232
-2.089854791631756
-2.090175434336248
-2.089990065847720
-2.090399674338130
-2.089431698008153
-2.089768221321001
-2.089855000112566
-2.089798720170301
-2.090142683587492
-2.090399425529305
-2.089855000112566
-2.089851160126514
-2.090076570680774
-2.089744774515836
-2.089560540843797
-2.089792280276050
-2.089843402678901
-2.089862036637651
-2.089560360932709
-2.089840015881929
-2.089568781006712
-2.090064380728069
-2.089777025199250
-2.089421341578690
-2.089720729440317
-2.089824240164471
-2.089762828546613
-2.089481867081214
-2.089855204120037
-0.089770512165103
-0.089742232730297
-0.089851543831374
-0.089903747586896
-0.089508743180109
-0.089578041321808
-0.089843922033172
-0.089929136168613
-0.090391125307538
-0.089701646409739
-0.090241662468959
-0.090232688010039
-0.089766698795523
-0.089785364351447
-0.090060718989338
-0.090195758188600
-0.090241248903566
-0.090104688104423
-0.089860139042115
-0.089635804379859
-0.089786640154153
-0.089696919073499
-0.089723360982594
-0.090353764927990
-0.089723043597796
-0.089728025838397
-0.089762694241336
1.894217050082994
-0.089682884370541
-0.089746522447151
-0.090234635743793
-0.089929908538572
-0.090064380728068
-0.089713819703074
-0.089599761679979
-0.089734561417743
-0.089750640831559
-0.090103386840326
1.910491256819891
1.910092182017048
1.909802910730876
1.910421958678192
1.909950795178964
1.910169158608033
1.910276956402204
1.910298353590261
1.909960493528324
1.910303080926501
1.910402189221923
1.910317115629459
1.910158869281942
1.910286180296926
1.910271974161603
1.909929258430118
1.909854355946540
1.910169158608033
1.910325282963917
1.909965729320844
1.910214635648553
1.910265438582257
1.909808945590639
1.910230534442557
1.909819210502431
1.909829156905449
1.909701533083386
1.910324710482260
1.910081515828034
1.910311675247791
1.910013685903930
1.909976170396680
1.909969817497856
1.910026316352014
1.909710488264363
1.910092182017048
1.909957186614066
1.910013840265191
1.909938429351162
