-2.022092017848867
-2.022405997636088
-2.022394143802923
-2.022386233242686
-2.022580817122014
-2.022389675260853
-2.022679439964799
-2.022015185053777
-2.022211083673885
-2.022691090245029
-2.022060107425765
-0.042849150407097
-2.022419883266444
-2.022410473783499
-2.022418950445007
-2.022044608166865
-2.022067901827763
-2.022649134021613
-2.022074166806508
-2.022418303425121
-2.022147450223558
-2.022712609163611
-0.042849150407097
-2.022580817122014
-2.022067613738914
-2.022551337333489
-2.022101951740022
-2.022420383366574
-2.022359814650923
-2.022504489461884
-2.022622805346604
-0.023303974203073
-2.022062674129313
-2.022621732159365
-2.022051887609102
-2.022645270042222
-2.022755267314529
-0.022865872805203
-0.022419949473396
-0.022866047979675
-0.022419923774390
-0.022865277159642
-0.022931147162369
-0.022611878824724
-0.022561740937005
-0.022422714279004
-0.022420383366574
-0.022421120416664
-0.022420669022084
-0.022420782088155
-0.022418965000908
-0.022418962299769
-0.022418986843106
-0.022419851950326
-0.022419247932987
-0.022418590187586
-0.022620578155753
-0.022418782751141
-0.022385061874560
-0.022420224168503
-0.022481609954694
-0.022419883266444
-0.022865872805203
-0.022931468048103
-0.022419157904429
-0.022556020701084
-0.022374800211803
1.961593808416698
-0.022390238563898
-0.022563325653460
-0.022627018715366
-0.022484099194053
-0.022471492708941
-0.022419527496350
1.977579605320903
1.977287340766844
1.977581008968122
1.977360419629839
-0.003290683519557
1.977566043606789
1.976726816070856
1.977579887401191
1.977012610830006
1.976700154315490
1.976854448009485
1.977579222006018
1.977578401392279
1.977066751882094
1.977580677232285
1.977579511702523
1.976996794706671
1.977518390045306
1.977579605320903
1.976979835841862
1.977578490912736
1.976695783908670
1.976753520302005
1.976905813449331
1.977580260372153
1.976831464217003
1.977528507291059
1.976686466546375
1.976981091397472
1.977579841469386
1.977483299010274
1.977436674346540
1.977438259062996
1.977579769105946
1.977578345033097
1.977579464066316
1.976825742991708
1.976986787350800
1.977580483884890
