-5.000140890578195
-1.984198163526203
-1.984142073540628
-1.984466210016363
-1.984258307293419
-1.984152724644419
-1.984212073948273
-1.999515523248385
-1.984398830105423
-1.984402689790630
-1.983903342334089
-1.983890775637833
-1.983821964001114
-1.984114509022920
-1.983846427429269
-1.983823806150052
-1.983837640074190
-1.983782096963462
-1.983846954576918
-8.396336125674452
-1.984105119322679
-1.983790762869764
-1.983894418111913
-1.984406923496785
-1.984617681043974
-1.983985057068930
-1.984171269010330
-1.984002529325475
-1.984473795238363
-1.984061467250833
-1.984250542048450
-1.983902249478767
-1.983779323724165
-1.983819429291740
-1.984474191539971
-1.984419655860592
-0.825880960032106
0.015394358379168
0.047529679694033
0.015438885755898
0.015756627505431
0.016153796550814
0.015795210678430
0.015885490976969
0.015720561931253
0.016137359760797
0.015568125718449
0.015390988369962
0.616041065010889
0.015438804134286
0.015702321574007
0.015547904246409
0.016029705364875
0.015699737754250
0.015335971355537
0.015428310513890
0.015642803259648
0.015840536095015
0.015644444445332
0.015691907648008
0.512815465519462
0.015777299523502
0.015395510072262
0.015538024232625
0.015933255785751
0.015720561931233
0.016187934765106
0.015221033307367
0.015363570124252
0.015764262783607
0.015535713896577
0.015567794150316
0.015336947171948
0.016033011428259
2.015706171112650
2.016064224364793
2.015847986092581
2.015910627347451
2.015768998261783
2.016218440790639
2.015277064301732
2.015819713213086
2.015726397437685
2.022885511809935
2.015584517018592
2.015284696796578
2.015743700173927
2.016166256354349
2.015683079107180
2.015294841577906
2.015260444270863
2.016200581645683
2.015489425236227
2.015763480454632
2.015722537530070
2.015649466235703
2.133199549241354
2.015735424910564
2.015627301407579
2.015636493276449
2.016184321883182
2.015770892836784
2.409554832516272
2.015743104923186
2.015926074727466
2.015394896404199
2.015716310807310
2.015682482046635
2.015913018492606
2.015810594544231
2.015381212911396
1.174119039967780
2.015795384425631
