-2.094250950672933
-2.094087663863068
-2.094307468384739
-2.094289937931095
-2.094715352298029
-2.094290090320392
-2.094165886218651
-2.094327657412509
-2.094290054805841
-2.094199672631540
-2.094109996886248
-0.093764430801987
-2.094710899650619
-2.094581550035391
-2.093780462155909
-2.093740033145801
-2.094200602023335
-2.094174461061273
-2.094568111399715
-2.094614832200418
-2.093740810074840
-2.094215241641263
-0.114290573248663
-2.094290177132365
-0.114290573248663
-2.094614309347908
-2.094174539590570
-2.094614391546112
-2.094141202158454
-2.094616841888572
-2.094292353200452
-2.093740455014410
-2.094198932835552
-2.093740146952118
-2.094218724922098
-2.094281363940652
-2.094510918162887
-0.094087663863068
-0.093933220153908
-0.093790659896222
-0.094441891430472
-0.094317498281178
-0.093770059903774
-0.094330762752287
-0.093839571905472
-0.094218724922097
-0.094046047389510
-0.093785060451171
-0.093915271953149
-0.093932263235358
-0.094444870765159
-0.094095580944911
-0.094110322793948
-0.006755573977458
-0.094363819042498
-0.093908674811220
-0.094114852974396
-0.094289937931095
-0.093938335368840
-0.093941453372697
-0.094479857514579
-0.094170287444141
-0.094293346372842
-0.094342670236102
-0.094307468384739
-0.093907177696244
-0.093964592606880
-0.093935187742770
-0.093780599766844
-0.094342766834493
-0.093939824959564
-0.093985554401430
1.892174666355748
-0.094113192963365
1.906114512317805
1.906083029392164
1.905667153406783
1.905943530693653
1.906260578421305
0.013244426022538
1.905993498138466
1.905729675016507
1.905609347903151
1.906189189054521
1.906114512317805
1.906014445598570
1.906082565920124
1.905552688208366
1.905861586577486
1.905637450030580
1.905575390117682
-0.073680750051940
1.906096779603855
1.906160428094528
1.906194392720523
1.906076006551424
1.905887345389110
1.905338570057216
1.906075127709865
1.905563082609092
1.906078632530731
1.906235569198012
1.906077757475564
1.906091325188781
1.906107726287787
1.905696085618593
1.906076006551424
1.906229940096227
1.905625227997053
1.905664956182617
1.905673627917045
1.906214939548829
1.905552492370013
