0.238221558396683
0.622953431313853
0.700195650668538
-0.422841651223793
0.607339976305057
0.333388422508420
0.361185917987601
0.528221604957527
0.323254193803572
-0.502921993620267
-0.244899442332676
0.431285649058703
-0.512353446226229
0.368382026722816
-0.596481383610501
0.413931735594026
0.421622767173557
-0.411017983295341
0.702096595149820
0.680498832000557
-0.547116533058347
0.721962819381847
0.653148810284773
-0.449573806787443
0.550101396156753
-0.334551965579125
0.644843516847921
0.189057774228834
0.491207988832073
0.051205193477865
0.109365584450264
-0.022868038724295
0.802088175363233
0.066848036147645
0.013127275937082
0.612459960343015
-0.185260133019378
-0.650825092925513
0.580161509437778
-0.017307213184631
0.478178981457341
0.598300992751548
0.057575262101204
0.039126876177543
-0.208903808407183
0.416272231893683
0.222377272190512
-0.071759963437064
-0.043876226963224
-0.225541904185099
-0.143374077435691
-0.486314405129712
0.138772141249928
-0.429700948110153
0.021569521528696
-0.580431396037193
-0.140439114355038
0.647815765997061
0.280544479711393
-0.116587153017372
-0.070159043731664
0.772804010231001
-0.521330094667480
-0.056263143105658
-0.034765680544190
0.012498404119242
-0.350768244208670
-0.480258544818364
-0.005514136345180
0.660405308809107
0.244188178103022
0.048958568568032
-0.171040338190494
0.690702345618974
0.167003486747946
0.723753056959033
-0.143989561572245
-0.098800867711733
0.182149106117478
0.584057475899715
-0.352006363746009
0.695127734262171
0.080172432911892
-0.043436233539283
0.752090746644566
-0.742083199866204
-0.301397106663848
-0.474556793881217
-0.602194905210369
0.114374596577220
0.107027040363095
0.161274911601815
-0.346283688075787
0.180243752959620
-0.520091158390537
0.008697863860338
-0.346786069363237
0.469299187821037
0.166486767728006
-0.040900374323462
-0.353761077909898
0.235944026734203
-0.083120837043166
0.218251518240605
0.172258036851493
-0.256090343161917
-0.262707159494638
0.504818571401544
0.164400649532894
0.128086680409499
0.061273496204171
-0.591194849328786
0.434190136158066
-0.113778087170772
0.749855989989329
-0.831879365532840
0.249522035501029
-0.042101841668510
0.426878196682216
-0.158798822628265
-0.409407189237696
0.186436159390605
0.007749543967648
0.795732594898813
-0.061967418207422
-0.197698341213177
0.315982729682146
-0.837695470541232
-0.453259711847259
0.014940348305856
0.159908320302246
0.088416522230067
-0.080549130430814
-0.224079145976705
0.263669318469804
0.285891063162361
-0.011172113588048
0.159461539742620
0.206044269308002
-0.145125637559521
0.862398217822866
0.370438051759886
-0.083916495393431
-0.445931258032197
-0.297017595956096
-0.285742689458484
0.280044940560926
-0.390056001327817
0.260002192346918
0.091671453855121
0.295284802509105
-0.614843479565061
-0.900782368808053
0.690779491959210
-0.336568035089776
0.533206226604457
-0.852028673194727
0.831559175674312
-0.761510004051606
-0.537234055425638
0.555563868271669
-0.371679308772756
0.883226989454850
-0.463078296688632
0.455111286197692
-0.466435761615411
-0.395928666855684
-0.389195060362123
0.380743971690145
-0.371487741636592
0.391382558348798
-0.380588092041837
0.812455198173314
-0.539089659556207
0.572308783643885
-0.556375111814163
0.401153131173427
-0.607794191385854
0.463393470859419
0.798391654501413
0.506335964494141
-0.280197878199041
-0.701568821069945
-0.616469231082700
0.574160421228149
0.613786618535037
-0.522902842806803
0.916395781989977
-0.517784730478679
0.676550682666256
-0.467847021275949
-0.806732132443195
0.342911840642631
-0.793044344010454
0.795058839909704
-0.683440619750911
-0.292843855965139
0.880483433499648
-0.477213676546048
-0.447042698653155
-0.678547041898960
-0.305861176624841
1.067024598249225
0.997000727967766
-0.580806857035888
-1.045068899719378
-0.651242375034554
-1.015851063468802
-0.848725983337957
-0.801812290956725
0.818306248380653
-0.838793861731122
-0.880498940472690
0.783042630813510
-0.908687922201662
-0.926824408559271
-0.612366165126186
-0.821930692233434
-0.993306119432399
-0.813144152740903
-0.999591350470211
0.940389204367175
-0.659837007326775
0.869800130337183
0.719147239701881
