0.625271861329732
0.751789213074327
-0.701825218728384
0.588222293705028
0.487960141332262
-0.603220377729969
0.655531478687022
0.710695419390991
-0.651604149269348
-0.657189603652446
0.657440676861003
-0.555755189865017
0.517449682988173
0.407294573814725
0.440548752486617
0.500972106396926
0.354586583052341
-0.499118194668435
-0.350068546733811
0.737510461152688
0.503922845169327
0.713832676366167
-0.637003671352008
0.513970036740351
0.454867958613814
0.650466246342406
0.463501195332229
-0.528158855769587
0.188161760277672
0.228786430606983
-0.424893019105251
0.241650956045338
-0.548714302380021
-0.581978285848171
-0.142022513564673
0.133648941981634
0.161525754584418
-0.524394354151915
0.072970458342645
0.376736410999696
-0.498981263987253
0.033446074947457
-0.022941442354748
0.018906352672592
0.519792225846102
0.298828822305212
-0.175768119569862
-0.353570456818252
0.068995752437837
0.133794281986732
0.216448477599168
0.103614742919901
-0.277300898738327
-0.247935599566459
-0.067529145814506
-0.306265886026886
-0.149206748134328
0.712600396755514
0.013447236620922
-0.099504832919408
0.159446245699833
0.044757027533117
-0.250383260851333
0.633214970066424
-0.319657407693849
-0.127177460735727
-0.101182604085645
0.601979071509712
-0.737698347106301
0.120093731975152
-0.348043532328718
0.726974020033333
-0.136288919623728
-0.383136776828681
0.135978448694597
0.653883206475905
0.353542222176819
0.596454532597842
-0.215910938787281
0.109642847799329
0.616863337979857
0.390679431510454
0.279495187568458
-0.479214233042734
0.522521762550057
-0.293855089507628
0.162797725846617
-0.542425345963122
0.681500295196778
-0.185067456284016
-0.661680245132903
-0.199334231939434
0.158086399846211
0.685455439117690
-0.030680050879575
0.357147476773659
0.071905924213616
0.137056040977245
-0.434667965632012
-0.253230946848148
0.374867331945132
0.419174763397896
-0.092664643824047
0.121825578970184
-0.022891167983992
-0.331143752926673
-0.021795367848063
0.096109610306607
-0.399535703822831
-0.539152411119679
-0.558314944558476
0.689615607816816
0.050181335565443
0.228620702696932
0.757848440477100
-0.186148252947533
-0.070053399326584
0.183178405091326
0.077450378495126
0.640694948398005
-0.214069464136465
-0.008164335027135
-0.045482676782753
-0.066877039175702
-0.771063922570780
-0.457303119774655
0.127333551685843
0.181135254109710
0.012306757358559
-0.430181977859829
0.101859822925281
-0.300452794347072
0.237365463746771
0.032112016634190
0.081430455962749
0.036826662345816
0.073833111035572
0.011497529430512
0.159459030839301
-0.013503673856059
0.332413471526126
-0.007345191523147
-0.627947638692855
-0.020258910703392
-0.105273749927088
-0.167136753250039
0.107743334752171
-0.078356871207876
-0.017340200698053
0.425542385778603
0.272413401548751
-0.201055239600324
0.423626318859324
-0.326931748427223
-0.519441673042669
-0.665810759525419
0.175967494304451
-0.151599869554294
0.240703549613589
-0.336322797480351
-0.531873378650783
0.225161995239422
-0.449399030142721
0.412204794842786
0.287246233168021
-0.608306097261978
-0.444579384097670
-0.258072788928534
-0.698427982288298
-0.656105271963722
-0.306046609521101
-0.190158636672692
0.201640360846252
-0.457654018232865
-0.239011826880512
0.191651057113426
-0.339905577130441
0.329780581663727
-0.340082964683065
0.718337895127665
0.342754306851335
-0.718973811044223
0.501360460123309
-0.345432773034807
-0.253232707311044
-0.562656242255176
-0.319085117163926
-0.245704000364483
0.744250514105121
0.641424529094779
-0.331392155195699
0.352938963229746
0.464395757673267
-0.540657058387577
0.636140539466073
-0.244709267979462
0.690977765823435
-0.436864113930066
-0.207398725782310
0.342298105307805
0.477073242527761
-0.580265238606669
0.441032396939983
0.641111930817263
0.717653354633746
-0.449955557377946
-0.481445223889094
0.763723438869654
-0.781479768945531
0.556338260589869
-0.626993867175296
-0.668140549584862
-0.789294670566295
0.560950717285798
0.594281372185263
-0.725203063770187
0.695010113486558
0.791446196588878
-0.592818021326309
-0.622455824123837
-0.756770186275165
-0.599874972182085
-0.687044857344579
-0.506227705038751
-0.801081638476738
