0.152177728751042
0.359019715750036
-0.078148896250446
-0.251517102759569
0.396465866163412
-0.213516053622354
0.322352684488080
0.189567021987517
0.443407921116359
-0.161908414743240
0.349237301387473
-0.267539188443537
0.374375495991883
0.154427953785765
0.380665317774175
0.301920474442971
0.428762432138711
0.135819595516758
-0.162141649735774
0.440982307860747
-0.247688582057206
0.113395428724252
-0.327192988843176
-0.144751391522650
0.214814667644762
-0.024163017747100
0.344511755181070
0.012515228640691
-0.066321259736954
-0.229318778456332
-0.045927532304882
0.094024516081248
-0.047121056906071
0.519895057630536
0.426205105450456
0.204742657151747
-0.054164403184949
0.460781354308818
-0.201884204413920
0.202878894087134
-0.105302507183027
0.527522361659189
-0.031760301976918
0.205356619858261
0.387858357570275
0.053484467864812
-0.029201608194467
-0.306716622715391
0.383196554779626
0.241798081492239
-0.242027424800024
-0.015927196659383
-0.104176397791975
0.478645094422777
0.060173335786756
0.457662619509388
-0.167988569880477
-0.004304945193954
-0.415024353635693
0.105298175605118
-0.337662933111604
-0.114726743642909
-0.275069019936883
0.018262128018808
-0.038699100424583
-0.195443676180632
0.083160364408824
0.108228809694826
0.290070105843447
-0.056181943780878
0.263471917502277
-0.257887938997926
-0.264030464394194
0.102995640780384
0.111073749642740
-0.377315097610426
-0.168767667006332
0.055611143612085
0.130456609661907
0.215363691544155
0.125839522507104
0.093413334825696
0.194180773807081
0.059996190861122
-0.106356268332009
-0.172491651998324
-0.117294115749955
-0.015122063234959
0.034723197309248
0.436978836853342
0.495470545904824
-0.200835786216798
-0.226730064194980
0.282306179181090
0.232537652360533
0.145352701660444
-0.614432845560414
0.098561791481934
-0.282016967260126
0.393118654902075
-0.155902034464106
0.235206066558664
0.261549487198627
0.383433678412456
-0.475520972023610
0.410679317552224
-0.271752945244511
-0.454639832648659
-0.337405223369160
0.080503138699666
-0.109635098156984
-0.310233590992142
0.126947704502712
0.034288221647407
0.265959751818115
0.647192962329811
0.297643013582495
-0.291788455612899
0.188979123618440
0.578109748964750
-0.232221812816200
-0.017814167697300
-0.266699047667146
0.334751680732470
0.238247383280749
0.162288993353164
0.223789528116968
0.174824293218595
0.015809111283543
0.202520998203915
0.068565817371353
-0.304860482868124
0.629595304176276
0.022677920942280
0.199608618380481
0.253583014850949
-0.262632751703416
-0.232761885227169
-0.393253831089553
0.008402871248481
-0.312035764593527
-0.133077668100638
0.325404460438326
-0.316955470410914
-0.026314065812577
-0.120673275899914
0.398957387830152
-0.000792619805476
-0.602648884458328
-0.128427087603190
-0.575285615054777
0.671716550569416
0.646983810022406
0.594690629943950
0.436479237689473
-0.403235469563076
-0.454641593874593
-0.704043742222097
-0.586414465413750
-0.453910554445318
0.568784088289688
-0.400393577407905
-0.466950291108658
0.658037457044127
0.534329332521246
-0.545175375727757
-0.279953159042236
-0.546782445799633
-0.298964042922605
0.581511935064278
-0.646176440099578
-0.426257897517152
-0.427668412156017
-0.405833009545829
0.460583334986668
0.449581052076226
-0.621571352459805
-0.499295303989934
-0.519444828266029
0.339595865284379
0.431892813808936
-0.332569470906765
-0.429247090616537
0.739960152886492
-0.487248217152164
-0.388412084878054
0.629304020659856
0.365025850532051
-0.686429175512331
-0.303934763194363
0.389968178786962
0.433273677815015
0.406915476126512
0.729286230191992
-0.540220329037235
0.526925690204741
-0.524974124828967
-0.540214990257941
0.746933758827643
-0.407156773509030
-0.492303969446710
0.844781046320292
0.678468604563043
-0.905891501353491
0.798411472627096
-0.793678919443026
-0.564497214257073
-0.676809869750865
-0.587327977204801
0.749440751182612
-0.701280367793995
-0.606707643375224
-0.729088410826676
0.818407824194743
-0.707395268859463
-0.855216858554294
-0.820646673063625
-0.742866114937489
-0.827971213155677
0.903440394510177
0.834311222293705
-0.748789498774165
-0.849133050821847
0.702871270520014
0.700307891962741
