-0.506515371492107
0.634640196995809
0.781243636614478
0.682447690889291
0.750572921845758
0.430595094978479
0.768146123692057
0.794426074915032
0.499555935891599
0.462220408628491
0.861365753549898
0.836088206501312
0.416991445911779
0.884846632173524
-0.619230939127218
0.544575093448495
0.469666935498748
-0.568517533577169
-0.265285849201718
-0.736856895713776
0.532209511274792
0.659491346893873
-0.371316428953118
-0.677524595288813
0.805760042700301
0.495828194079855
0.861094435782167
-0.536395680843558
-0.192428600151181
-0.041512110056993
-0.219783238547940
0.459438108083253
-0.039085873265229
-0.001384709067994
-0.240906334856420
0.231529577098405
0.940779925995916
-0.653543173265027
0.506699958535685
-0.125816928474413
0.609526993787016
0.754394915968339
-0.327693637933650
0.080784758938027
0.018442908901911
0.100474536375850
-0.174108985832619
0.974299568605821
0.196218846325948
0.293770566257333
-0.057438508706846
0.048952006590316
0.228450253373592
-0.844009215913468
-0.087926757699428
0.322512016792417
-0.557796921824430
0.793675459885124
0.196513879173385
-0.476943004130296
-0.583875498103316
-0.553663315872126
0.041478633514610
0.215101445272510
0.167368048275276
-0.143621110901218
-0.854816331518105
0.094108271484897
0.296645769563272
0.061355315009642
-0.128280155856631
-0.543022337048539
-0.026224990623632
0.002887137373764
-0.335244947040007
0.737383306219844
-0.165004589642435
-0.531136415601987
0.843717031505689
0.117255797141500
-0.113924008655735
-0.016010817414488
0.030546037446375
0.015978464489290
-0.384030642573598
0.917031467220261
0.246692839770441
-0.046189578011753
-0.089030962572356
-0.535210212796194
-0.130109154115991
-0.680479070924385
-0.059709381997183
-0.275465172083706
-0.059120182690613
-0.450285355345116
0.331578292207455
-0.211777428736453
-0.142585400328244
0.133691096883377
0.218185330764405
0.259231460024703
0.294073269305300
-0.695282181946285
0.377106797609283
1.044037467212825
-0.476822853773134
0.538873261636855
-0.156333443598711
0.359600892467388
-0.534499932892891
0.245138974920637
-0.384226721371192
0.219435051389485
0.303367322853498
-0.019983434329986
0.531801576101055
-0.267338025163426
0.371258406494188
-0.946065385535905
-0.579214739971950
0.911010131516761
0.041787252082710
0.334438887671574
0.393548980553276
0.181617246649579
0.102017740557276
0.044960648615269
-0.064797769058686
0.284586409770277
0.242197018598807
0.367400696056298
-0.493999644053490
-0.098259861921548
-0.663641283296854
-0.044012566403498
0.239352544152668
0.252588298652479
-0.493301779025322
-0.225325158446573
0.211546108417483
0.359422985366939
-0.316903961891561
0.980695001592758
-0.133856105341826
0.636219449534561
-0.374610633020924
0.017275578752347
0.334540179501726
0.321461450959176
0.265187016542601
-0.309117820976931
-0.292651381800803
-0.862026412069420
0.676074435833316
1.091654777595512
-0.692311228514131
-0.593996774794424
0.966163629132693
-0.569257834447740
0.654986639449485
0.756056722194872
0.631987496051411
-1.024826447076294
0.569721558876269
-0.428403569990705
0.961933947844610
-0.508593288417124
0.461358009987879
-0.321973358014294
-0.486885993190259
-0.567970934645483
-0.685804789874828
0.699024330068482
-0.678463928968721
-0.458598826645270
0.981873835722901
-0.797939614146524
-0.767659757101990
0.619260410063316
-0.619884504486558
1.005896198220880
-0.763618165146463
-0.592917210123238
0.836219736572705
-0.898642097753960
-0.791708106020912
0.444073335989295
-0.696681341197732
0.495141033770814
-0.524998161205820
0.428758331753395
-0.509273080914059
-0.419146635370651
0.617588606710745
-0.397433085160297
-0.572794511197410
-0.513769997053735
0.545662722279903
-0.576279914180855
0.697745820305648
0.473946456833930
1.277195273206460
-1.188950959259687
0.919051229800133
-1.014669868146755
-1.056966085297155
-1.138447262889302
-0.826215793337286
-0.928975690690311
1.196619695459628
-1.156271864819252
-0.916764263135772
-0.680490512895645
-0.995022665342782
-0.961292089692172
-0.789742342999487
-0.947194351680271
-1.031908210668726
1.129228484723617
-0.738503755450850
1.044467138844576
-1.050575316918942
-0.936353599323638
0.984585028506820
