0.505505922433746
0.123784224087308
0.198083719909361
0.440304965447385
0.423017520777895
0.483468090319339
0.264601110073231
-0.356409856193483
0.454502298504321
0.515843583004539
0.501107241909545
-0.386595806416617
0.498554245123543
-0.472260183372414
-0.153759708706277
0.383616307814749
-0.283743968062057
0.235854078948459
-0.310020412618350
0.238786949208912
0.453907208373017
-0.296144971214886
-0.088382234698941
0.277841976362939
0.223659123942524
0.355353427638431
0.293834809260544
-0.118926808511702
0.302723196264202
0.082378179290109
-0.098475500801452
-0.464848332366364
-0.203292508773920
0.051651344552116
0.113064758632009
0.197487964022965
-0.334674097499420
-0.075678990684251
-0.096894033448015
0.548553203131327
0.098230988577239
0.519731384866457
-0.580340333425526
-0.398042650403897
0.017286411646691
-0.382075367923707
-0.360157290683207
0.441253100527907
-0.124845461431920
-0.094411515541601
-0.013933682036832
-0.034822848467571
-0.360331599133122
-0.381820869511586
-0.411504767922761
0.146087034711514
-0.223964095214879
0.580484660832128
0.361375179295651
-0.010415139277184
-0.600419929571348
-0.090246992527305
0.509272894259734
0.026048618772584
-0.179895388656988
0.495772048253431
0.060872711642400
0.078878813361907
0.095033195941421
0.004185356235788
-0.273649017525449
0.483721519850458
0.257552120446363
-0.015238916383401
-0.146210868625094
-0.059661753703602
-0.000518704190869
0.609283306191532
-0.042368717285656
0.162453430001251
0.130470588363786
-0.056658210292776
0.087435113461331
-0.031786480222850
-0.456556380108034
0.423480470033859
0.432540262124929
0.560369686030764
0.087240181429458
-0.250447028434030
0.020435399570892
0.213288238574496
-0.136424099170764
-0.431284177276318
-0.021230099732829
-0.237348608071816
0.058265208870022
0.256034932405165
0.388394052921908
0.140458693954889
-0.237729216138535
-0.297505786627951
0.208105560339637
0.250932835177264
0.200845223448939
-0.360566987394302
0.324605804275138
0.200980629987078
0.018722404719622
0.630288960989183
0.398585153861080
-0.093809369011135
-0.050810342241615
-0.171879336034501
-0.102110565107632
0.201621370005983
-0.021098876218990
-0.251446964586065
0.580599119980554
0.212489254473803
-0.296998420749331
-0.234424519319025
-0.183548947464419
-0.033845104998846
0.197670693414823
0.664028230062771
0.146034727063015
0.288838577394377
-0.481530703558067
0.165665570489791
0.132119701940475
-0.355388040626107
0.147741509860496
-0.067452321736243
-0.134508485026556
-0.366977833138416
0.110332687355723
0.038238771639579
0.027571362885765
0.614241844261561
0.273081572742624
0.364369537581517
-0.295401279455120
0.184869929437940
0.088344033292793
0.181310641328610
-0.365004458424505
-0.672030982799729
-0.673358990934705
0.161220718719283
0.436179505184050
0.630342331764745
0.647272642627800
-0.422386150967190
-0.654409365007890
0.725956208473253
-0.353066700991616
-0.365456622511015
0.419597405415351
0.286923457794298
-0.672046207807828
-0.567495388451587
-0.393619945159247
-0.272902701029970
0.652103098091472
0.322983899655155
-0.476396861607946
-0.524906570472078
-0.583461068482818
0.359450832195206
-0.508069456486985
-0.303806972788008
-0.416456435294423
-0.395422616996403
-0.741816630092074
0.379725504284189
-0.405540361733174
0.343659880440901
-0.536553131063883
-0.432586638164840
-0.362420761620268
-0.415881341482527
0.723247513098618
-0.519844098189966
0.470747085753072
-0.272443434869843
0.462716735177465
0.703510306998211
0.542124082104453
-0.578878148245802
0.568928161714832
0.289311278921871
-0.438130157065287
-0.670178746364486
0.630933642358857
0.525688289848563
-0.366875678151189
-0.468016447627695
0.525244183458713
0.405633311309833
0.548874750430889
-0.772589280474998
-0.573763440092339
0.610582876726892
-0.717243100319919
-0.890385392973349
-0.646962587250429
-0.803939863500089
-0.604066384268185
0.834163963308601
0.767147005897252
-0.700499534973307
-0.856700605341629
0.642601766819546
-0.550167566387948
0.872154865416968
-0.573043904473662
-0.724099319377231
0.762620660287931
-0.762329805608227
-0.716194373914595
0.806036916838946
-0.705807379700971
-0.835615422262911
0.623282896042996
