-0.649169087216268
-0.554489289034226
0.663499875200371
-0.530881913588918
0.678800653508362
0.383800007989240
0.614836725047875
0.427311398799988
0.283756650452345
0.430015081212688
0.639688873002299
0.526178385508779
-0.600726316858625
-0.393582709263645
0.585068365518221
-0.555117184001298
-0.308924864263410
0.485754275235424
0.642801808097127
0.343843109716753
0.419199487130212
0.660205304462998
0.371622299021355
-0.250734037794910
0.378618848161202
-0.457424254345238
0.591335313577913
0.356780295114425
0.117510245845435
-0.662859396786153
0.258273102890541
0.431546925972103
0.499825885927666
0.329104801166895
0.548405369376079
0.368970273506223
-0.359426153945403
-0.470231933050132
0.010636008479127
-0.405727165155553
-0.273926147710213
-0.060427280852088
0.099157880125202
0.049819567469598
0.053080949642138
0.433783415335909
-0.286587329947258
-0.192161504933703
-0.109754343922585
-0.529308016775256
-0.017510141373245
0.015659152495555
-0.105228235625730
-0.336144353200952
0.237530213372429
0.599566408191843
0.532456182527064
0.015804123873844
-0.436289695828869
0.564769394269937
-0.187524725255769
-0.047261476463660
0.172156720465515
-0.460948761418704
-0.241947527607039
-0.089360900455316
0.215855084773624
0.060215193825748
-0.226467423418497
-0.449322743885583
0.625937812408542
0.630507192609360
-0.095878008180104
-0.312632981885534
0.170862708907825
-0.043072909118535
0.072036285342329
0.694703536391112
-0.451162529060884
0.188794357618718
0.602483999017475
0.101955098000915
-0.476093052564902
-0.119527485874712
0.236880043653478
-0.130586810543374
0.569635856316870
0.082346252277466
0.249841929063907
-0.288950686074497
0.567430015035196
-0.088928059466845
-0.422328169170999
0.125555366107438
0.169938907175166
-0.530313048686814
-0.184604234531602
-0.230036377182060
-0.083215023585942
0.119409289664691
-0.116664489699504
-0.054459327099335
-0.301342971272357
0.191016087654901
0.065519795465217
-0.289479810189881
0.308794437542414
-0.727289552438200
0.038686839046640
-0.021033100694623
0.149101869892315
0.022710316481705
0.068549285694719
-0.509855405918720
-0.063392404016998
-0.147463749563278
0.051637443851864
-0.356667368417034
0.151266697380260
-0.322171044825511
0.061138944332729
0.424790038369741
0.158835603104687
0.108312250388974
0.064280619381449
-0.375012014379698
-0.056012797103170
-0.402008477163111
0.674741379828270
-0.438961336677299
0.131879475894572
0.059072926576643
-0.245361786973357
-0.040471422937358
-0.285586233795537
-0.193638249469231
0.733762040250856
0.198065840541339
-0.712039745042542
0.180494020570773
-0.389130942171296
0.144763533561896
0.628328410452954
-0.019165611917871
-0.063581829452095
-0.588049436315628
-0.053127690353356
0.379828587360267
-0.050613941013794
-0.030494761585310
0.152182074352136
-0.447984931229850
-0.359015456452559
0.394044912317924
0.400839352784755
-0.590220499044327
0.386907738957081
-0.554830215268277
0.426051720497070
0.648851761215179
-0.252134551675306
-0.209347697993142
-0.347390416083225
-0.277080647566623
0.236027434610976
0.297146002554595
0.329757686191749
-0.471408406227795
-0.692538238358362
-0.371164984224821
0.746290666071351
-0.303184560848519
0.728264994558182
0.523837959958201
-0.180410031126440
-0.466853606161596
0.467121009235382
-0.244227922107520
0.517156009034006
0.520345488471722
-0.519973297684518
0.685864627194700
-0.355427271045671
-0.253134219109743
0.273918015961039
0.242442072978574
0.642463313936068
0.705388431285807
0.233189177540548
0.438124132007721
-0.586275451769940
-0.510131177652474
0.337442482651502
0.651749855346449
-0.193056665030041
0.260069791923613
-0.746387594868840
0.420980536478985
-0.426023990469369
-0.658364273166484
-0.228397660949666
-0.539802220010698
-0.503554299075964
-0.661793695127426
-0.545221238101407
0.594419340465218
0.691238604543367
0.507886971494181
0.827385658102849
-0.802777275186087
-0.710049194704159
-0.776705921218675
-0.630735906590229
-0.639243492848707
-0.803240768468241
0.765985170455568
-0.809250862652251
-0.642734345388826
0.647068804992401
-0.437680463687742
-0.683631831647500
-0.613958199389468
0.728094240605508
-0.410322123493266
-0.714139394183084
