0.223874574266857
0.208268934200735
0.374274102625725
0.140746751356519
-0.136689265411791
0.385806054398319
-0.225391897045173
0.296010173078061
-0.246733573901249
0.383508396177572
0.233926586521759
0.221773153668193
-0.277140008922924
0.282111079669659
-0.274320223337217
-0.350351001497273
-0.185350455861257
0.184648167490519
0.236634437599319
0.343185266353535
-0.323039906135620
0.304223021234345
0.243054973842141
0.205697788767699
0.361960512082170
-0.296357938808118
-0.040358577316840
0.037675887365611
0.103775500261821
-0.061645804189832
0.327789283130641
0.003828081328219
0.155484939713550
0.028834386568577
0.100528882947012
-0.054528031414928
-0.257964279131255
0.314438553909941
-0.124319122766894
0.408457569762690
-0.014407782470062
-0.007132945727646
0.023283509645794
-0.398364306040089
-0.051657928643747
-0.003344816894867
0.335808080847950
0.083695586191954
0.026117564534307
0.200429577792621
-0.091803111327020
-0.162848230616374
0.351819928051815
0.005368655451957
-0.079007750399020
0.221354542546307
-0.256915932379672
0.360663987773150
0.081269079002787
0.125845895043359
-0.062639777118652
-0.101405213825850
-0.113475418280460
-0.321371526883735
-0.013120040631905
-0.253862122258297
0.140517315273251
0.031188810955117
0.379304604037833
-0.263987524912096
-0.060016926009476
0.015333351427493
-0.024744255866081
-0.254115562619449
-0.186044374044075
-0.030410416697791
-0.228335177487126
-0.264472856177656
0.228147400426343
-0.346598977527563
-0.068607029919410
-0.276268423786064
0.037349243195857
-0.161822378151541
0.114083961634309
-0.026344632412605
-0.394899570258520
0.433258293761421
0.262207894567730
0.128590037241070
-0.067534918648470
-0.308058099609459
0.124259923631948
-0.036334919340566
0.040634382237322
-0.234453086372636
-0.037397287880883
0.140602092423729
-0.438440898531213
-0.106152820789827
-0.233586955156921
0.463999148769223
0.157141425925343
0.086876179544707
-0.081022696823756
-0.132707043545210
-0.031224315537949
-0.201676968128556
0.008488551988831
0.156813141783346
-0.183475352882815
0.073005899085047
-0.145767863580708
-0.271588135939056
0.153086028896636
0.201386823592572
0.047147070154489
0.252558813218913
0.117345556793691
0.094104542515324
0.010813819483604
-0.152409025773770
0.147810521322488
-0.252517328761522
-0.324755206222912
0.162085581585101
-0.002132051441320
0.105109853137078
-0.310599586717236
-0.068473960540552
-0.178447677169802
0.096361307602918
0.084319823758543
-0.213988342276105
0.134182857958783
0.089360070449122
0.080612845437671
0.403007458438690
0.086475242487267
0.231179742423923
-0.050530840056678
0.272255095554059
0.036013094258749
-0.128737395030167
-0.179101414073249
0.092297460662532
0.233171810916853
0.150948503301964
0.104496257079603
0.427940986615554
-0.354591918011940
-0.322785685815124
-0.421456083927754
0.203156082847526
0.269011081959010
-0.212031912055633
-0.268047517477118
0.232333721603865
-0.472416510660126
-0.237490518825868
-0.399224860565200
0.188747428316053
0.482542453421086
-0.288469381367219
0.334426827562859
0.330354321062807
0.244394603830681
-0.224494813139985
-0.265262675116568
0.424360695315518
-0.316154344880043
0.202009190079975
-0.189385286020505
-0.370190602686162
0.468749966940636
-0.431346149477263
-0.233480010052867
-0.323777262265398
-0.367409115670788
0.243785315736737
0.364769470863989
-0.272258689822176
0.275075555035460
-0.313577633250203
0.291091806819818
0.194114339317946
0.426530898443014
0.445167898892141
-0.445118776088620
0.433007211282433
-0.150449192927353
-0.183185740628147
0.264040006693887
-0.238645328990755
0.489021389939551
0.358899287976239
-0.261269392336092
-0.184866152894347
0.304126234888610
-0.193944510439766
-0.231122343408313
0.300781131067545
-0.433353350094958
0.497491484337127
0.430904349283685
-0.480216928549055
-0.463598718080614
-0.378027521477901
-0.294961794773659
0.457576090653213
-0.428389400508506
-0.529047839848349
-0.333899671634116
-0.414654850219334
0.563964936244813
-0.311819176571525
0.528767778932144
0.413748809922299
-0.542553203135994
0.484590320838671
-0.426364122464432
-0.363547852875848
0.402477290580786
-0.473862888466616
-0.521985258008536
