0.222494616589141
0.190194644904306
-0.330204628409490
0.388554897410286
-0.040641223890736
0.190939475396918
0.158611648579709
0.211666965568105
0.331578053019400
0.401713776965116
0.350943112159110
0.354980229682095
0.222526275551810
-0.188041926979454
-0.265842952143112
0.281828923578532
0.274070761196775
-0.207292108734111
-0.303342390788298
0.390744441628622
0.345205903924750
-0.242730623540241
-0.197756184882287
0.105451731723756
0.180949073598488
-0.258316340637155
-0.279589939247535
-0.048792449356832
-0.076916206799296
0.112883515832819
0.058299669764937
0.146782709857160
-0.432172362548534
-0.036296402147413
-0.123633946662367
0.238314649909949
0.078410345425995
-0.045732287606348
-0.248421388513197
0.080417050814295
-0.018545047667057
0.062476644012258
-0.017849495112750
0.087585214614661
0.398597883805169
-0.146410071266356
0.104338403465600
-0.248972853828681
0.408212118854107
0.351213360027961
0.378637687814716
0.041916453060126
0.340826745682143
-0.174646586520040
0.036272906053372
-0.266891842842973
0.061087857717180
0.210503201063730
0.244887703643160
0.380848573763661
0.288954836208899
-0.415611934437731
0.015505152444429
-0.130916082051285
-0.259264500549752
-0.230887887420018
0.026285967996476
-0.328081859519648
0.075867723805260
-0.038547580384901
0.108769398772612
-0.185133059343213
0.347074066244816
-0.010993740152817
-0.005119910199424
0.346766278880389
-0.322954776058138
0.056277586067493
-0.046231884354773
-0.360021536960242
-0.071645147903827
0.003119605935038
0.334283324643254
0.048306096084227
-0.088219325636956
-0.048271885045387
0.003294106272667
0.165947034202231
0.430239451216829
-0.004645836570019
-0.289258291396880
0.216793619680505
-0.166123647683217
0.178500718473670
0.214883533619671
0.171602521577476
0.517877385058058
0.151420588842022
0.130280782570718
0.148851298355220
0.276004476302754
-0.053754005194535
0.088824355491897
0.047859010742843
-0.206064818180421
0.035308721619396
-0.248829742057355
0.101425287078074
-0.204613730626955
-0.018111474853953
-0.234862295131251
0.129583830602200
-0.110147197016936
-0.361291858855593
0.127530759292236
0.455781966763522
-0.060959676379669
-0.161975332843203
0.160174643410583
-0.067323539053751
-0.172071887403799
-0.252005082287216
-0.086439922223873
-0.232449349284429
0.081172584243215
0.493492600496790
-0.160062845797006
0.001075897646065
0.142398309180113
0.132199108978817
-0.386951121173018
0.171040098368084
0.172926895272077
-0.031323437603805
-0.343806721499678
-0.125519809908559
0.014462226122636
-0.112016373276392
0.480773112332445
-0.306736917150697
-0.104785734994932
-0.255899890169345
-0.488368176570827
-0.175888111972389
-0.486628546248255
-0.205771671056808
0.293745754357969
0.263042242708453
-0.083675274408270
0.228301623106160
-0.274810447952424
-0.360828357586807
-0.353475642516036
-0.252775541527156
-0.346550715661674
-0.541635406427295
0.418631325411133
-0.410614485207714
-0.189794929404084
0.312975144841791
-0.283316284130349
0.256472369969396
0.510458379099371
0.451374311885717
0.539107550197139
0.550736788296401
-0.318042431442906
-0.191446662720487
-0.364598556625267
-0.261234180760138
0.421034324378554
-0.212998647544630
-0.421822447764895
0.508106117485544
-0.489699389605274
-0.518703810278880
0.290830614789849
-0.282097977915367
0.238267541468421
0.378573042571727
0.335897284825033
0.267003298303196
0.495157473155024
-0.339393545173807
-0.418329481388939
-0.263432607787254
-0.298884544315092
0.435182618331730
-0.486688210317282
0.369872987461994
-0.300434232398310
0.284379243200786
-0.260964744774149
-0.423217104072330
0.321390398821758
-0.308353481446596
0.390596030608453
0.353101267341844
0.325559817313023
0.566886727273090
0.309705372627568
-0.374459388883639
-0.474644087170239
0.600662112676768
-0.401944497711373
-0.513166189453748
-0.440285437569591
0.652619034340481
0.569235122966416
-0.383416956660070
-0.418810861556420
-0.417330794946614
-0.524292386964576
-0.592969569027074
-0.657755792179492
-0.558854931404277
-0.584605069256233
0.506911810452250
-0.518691413585852
0.485124837582677
-0.614186237955464
-0.631082761534925
0.680301091698301
0.492122203178217
0.598674881338319
