-0.448040154254977
0.401520364951621
0.281637509272717
0.328739859367307
-0.322385793813319
0.432101004476096
0.290366637213995
0.403390078679372
0.490856110343266
0.314259583558151
0.271782375243852
0.536274405527031
-0.293578870606365
0.552467892253544
0.290182514211348
-0.486758601222829
-0.305080737613304
-0.093636117051110
0.475107615388920
0.554204803849656
-0.398179888536217
-0.159161045510673
-0.383068141238922
0.503451449927478
0.243611109636338
0.245092045876704
-0.027358281810272
-0.376571858366641
0.338446338825284
0.124192777463480
-0.139927225740204
0.480510793023703
-0.096595341738330
-0.056171416813426
-0.004406929784851
-0.267585542835443
0.022609126413702
0.109782458155969
-0.029677707679095
0.034336302772522
-0.467630823764814
-0.063203476263022
-0.455387839840913
-0.080887066206192
0.590464417844632
-0.361498246870333
0.023868552959786
-0.260736820328905
0.102420151991084
0.010800197733311
-0.220846250825565
0.561902342671985
0.169175752448592
-0.121807797160994
-0.050148803110374
0.535862251193213
0.474933182840145
0.023265060392927
-0.057362081818884
-0.140900473583496
0.105016153782273
0.003300976115339
0.525693646622627
0.077865258271066
-0.362716920412316
0.131557388949063
-0.139620626585152
0.185696918885006
-0.004925379150081
0.121122337895047
-0.142699270845418
0.467743661937792
0.529151874786375
0.146961192341259
-0.408298355852785
-0.089555176423912
-0.024132374961097
0.036055029900249
0.293223599379668
0.607032103204824
-0.199348107644224
-0.392894332866843
-0.331001965211768
-0.081626455485870
-0.584529568076628
0.399091995594284
0.626192807860714
0.002877264757357
0.083166196095973
-0.376268630885909
0.175348707363410
0.487991415994132
-0.120227821713340
0.135900660472731
0.054030970142656
-0.147536484578165
-0.104261704312410
0.173644133046858
-0.358584817302049
-0.074550507365882
0.393734315941038
-0.022433139555780
0.241958335047819
-0.325714875043490
-0.157442954994848
0.224612857984457
-0.497297935841808
0.158610341007151
-0.212388611102715
-0.232586117729103
-0.283223594344247
-0.536528218293217
0.225005862226587
-0.420041595695215
0.308610335998926
0.654461479115717
-0.018485066818179
0.005326347543690
0.164761391692152
-0.050678454210414
-0.280455592087095
-0.134631108210801
0.235573089042140
-0.216358474877478
0.204477808231872
0.706944363813121
0.296971943747794
0.203832559005105
-0.672262711699891
-0.000970054894197
-0.069189816252904
0.080577892547661
-0.352242502683350
0.256501906498212
0.618724658744417
-0.203902915699463
-0.077666557703190
0.166058302239083
0.240458817326024
0.216625941222456
0.266935935294302
0.158853493189004
0.194276306743646
0.059359388532223
-0.035827146283473
-0.382044886835401
-0.316331123893894
-0.474265050822752
0.015074497417375
0.355372614259435
-0.150473692021411
0.503229908757443
-0.574895791777794
-0.700416215649978
-0.457309336199171
0.680245267119145
0.737138708078865
-0.619431111314871
0.540294657035824
0.689488238626454
0.355416912209542
-0.338700591973392
-0.498870132632938
-0.247816718739165
0.360080531605403
0.487418731550127
0.762724193205985
0.304641765125904
-0.446996062177374
-0.400490335982429
0.757704192354925
-0.419265914049913
0.310082451003587
0.664130468332396
0.394900726793833
0.450012877242573
-0.665519361963115
-0.338817021242361
-0.662100560131022
-0.331619854084601
-0.243944616823887
-0.281446389581507
-0.375292832140730
0.386052072132881
-0.566535621544811
0.546719603982127
0.569792632694956
-0.336517610377553
-0.393770828613846
-0.385498694138098
-0.406621111287186
0.592148621538778
0.404847532487119
0.433701863753976
0.332429130612312
-0.328986180276173
-0.506363187549171
-0.447140153021908
0.575155887734614
-0.570322331234723
0.487986522687628
-0.735855264456255
0.745840448654833
-0.697381694765810
-0.623553127222788
0.786526268235451
-0.523382587138925
-0.874517458037996
-0.828304472263099
-0.753389145805280
-0.671358338956359
-0.776291130639578
-0.703015245276655
-0.586282625265518
-0.784590913729015
0.701558129370247
0.627055416508214
-0.684945964699558
-0.825933537076083
-0.684571816857677
0.902013912199882
0.648652294564115
-0.497863557220385
-0.743139672016117
0.795909037075516
