-0.294751217682616
0.266635980228163
0.353384321481594
0.151331127431606
0.358823256631462
0.163943875098849
-0.151566756879347
-0.225852674809994
0.317097551117741
0.210262453416924
0.343478336998833
-0.270235951132001
0.114624832954759
0.289833256601305
-0.243141650657310
-0.032067877927294
0.311712819635492
0.139072942428043
0.371625153542962
-0.136569288675902
0.120763045954650
-0.151496443366830
0.032883046840339
-0.229320313316156
-0.196174567664836
0.118935899105068
0.402623188465350
-0.112315258857912
-0.304521399199983
-0.338861462050024
0.077713805679647
0.164768898331086
-0.434119795740397
0.040725415676109
0.265722472776467
-0.049152910943462
-0.026338558976826
-0.103151930691645
0.082388193741323
0.326892659989060
-0.186773828805483
-0.234673341484699
0.006997996608554
0.175595939169481
-0.211772162838464
-0.299258026101783
-0.025459321064367
0.003893452931464
0.097500753170545
-0.157160795813145
0.018426108224265
0.438175460003451
0.166106583916711
0.363274590879900
0.166788554968613
0.233266955789017
-0.222887444278205
0.101852053282502
-0.235053542486366
0.319611874330180
0.286285201624750
-0.052496022669540
0.035819532631955
0.386825635839452
-0.129430438538639
-0.162492715600658
0.492913205639621
0.068299648436673
-0.371448094431991
0.095407737078846
-0.000450310348414
0.070057427923593
0.156026793279970
-0.159424547730032
0.217135767557785
0.384337628288083
-0.277665444937675
-0.104279127459194
-0.052489663477253
-0.331773758935230
-0.070221729892972
-0.026197935152116
0.239105976601453
-0.249985901736599
0.323612739676801
-0.044861331134139
-0.113266920988241
0.417147724421242
0.060670554834477
0.048588525840028
0.040802390570810
0.238345669864789
0.189632924648601
0.233471440232934
-0.215109196115242
0.184094205972239
-0.243407588720261
0.548815984279317
-0.281008101316588
-0.128021879900370
0.191158888327746
0.192129053739605
0.061591919701975
-0.265009939819926
-0.208915447866003
-0.096894715355276
0.208514979818396
-0.214069106675947
0.303909027250840
0.097904937643223
0.215418672958233
-0.147792468474887
0.194672520742730
0.129112844487307
-0.186884353558707
-0.286810319169793
-0.027783220927865
-0.012567460303661
0.047400072878647
0.176716498724678
0.139544269214786
-0.107528669457064
0.073267246188792
0.161268422680476
-0.088767722843810
0.270553206278180
0.153785462422280
0.218946234077273
0.512533388660290
0.163891369195929
0.343955782201463
-0.247824528922941
-0.123334719593833
0.001828532474368
0.007580711740988
-0.277127452337015
0.017440985151471
-0.210111816547344
0.182212062363404
-0.010447820710497
-0.034789388814927
0.489035457853057
-0.239820987357712
-0.424185343440193
0.288671144962508
0.278081106235991
0.058058208878618
-0.276245649737529
0.329616404914267
0.113835790162637
0.373012456811783
-0.406523970701780
-0.364739993493056
0.360708403878047
-0.511268887365732
0.635718181924828
-0.350115359197890
-0.362087822156757
-0.435453765400749
-0.463223243091080
-0.360017190444737
-0.383631436160487
-0.622650704376547
0.378198998227612
-0.352990048887175
-0.255253876732392
-0.467700783279073
-0.450952328997604
-0.445730217702074
-0.484851283766173
-0.607508203085289
0.445542986676235
-0.365881691888754
-0.439097234588756
0.363703401206969
0.534046999210759
0.481766596491706
0.326170215218448
0.551651657883205
-0.416975352905075
-0.275982901114429
0.503884216834800
0.492391488786645
-0.480545242175186
-0.384737674406746
0.367114323579375
0.304754954960604
0.586270362961753
0.282671034940867
0.362549775512543
-0.551013467123939
-0.486714538891219
-0.520599999505375
0.558442242456523
-0.372124186466608
0.499883374672719
0.451440230361547
-0.271922444083347
0.526052947079676
0.291892768813928
-0.349475144870249
-0.621518723804682
-0.625837960255093
-0.700965236192138
0.598164285799040
-0.599683606026266
0.595606370234295
-0.651870620785212
0.697977977152276
0.638346510270090
0.720731694429724
-0.522142248364538
-0.661695371606520
-0.656870283470036
0.711969437177275
-0.502357739948409
0.791715750788094
-0.724006863870240
-0.530370452789399
-0.644963866796084
-0.538617240754747
0.680864028298314
-0.798238787821863
-0.754121772230999
0.576639682804917
