-0.264136584032960
0.348786266247559
0.036081362070286
0.170455461850952
0.242574908416709
-0.080696943999197
-0.136008922008965
0.022369164421654
0.291448526955934
-0.150110192874881
0.115369075783740
0.104708162534171
-0.221644002587010
0.343736771555169
0.359043784355267
-0.288010718317258
0.207134022480622
-0.237890463024004
0.303306668389393
-0.193358853099941
0.161972805076279
0.334070071937497
0.118651445954871
0.360598990572665
0.137470152138202
-0.035345239381360
-0.288757132745665
-0.058943267390894
0.313753282409894
0.055248072089412
0.091457772135340
-0.126839923326650
0.002297528140562
0.078537338276406
-0.064467511516882
0.093999699124997
-0.294138645203428
0.444605934866765
0.429088636222656
-0.111244481973133
0.164264003430107
0.257333573638492
0.072352867413315
0.388283845567120
-0.035834068558321
0.064421931659236
0.015822232658592
0.156466767691763
0.082049444689414
-0.017392557904285
-0.055752472341009
0.035139934146380
0.475312253007276
0.151123836523568
-0.152105540675925
-0.004098963058820
-0.026630861561697
0.350209379633583
-0.359146492815404
-0.095599087502396
0.309715451616186
-0.274654827624026
0.035912260716081
-0.104329606601575
-0.098080129827284
0.093600518896567
-0.209644912246252
0.068514492373330
-0.052536973184091
-0.148400884625826
0.076199134336354
-0.046742949470833
-0.327322875565281
0.374559402113956
0.006732760078230
0.156417445091590
-0.199418444037055
-0.268447989027556
-0.233694746444685
0.344436730566243
-0.419321465648074
-0.175136866478406
-0.095972037955442
0.371151417196965
0.276682606655155
-0.153704184720794
-0.321265930312707
-0.451560608412036
0.006112138149428
0.354653597885108
0.035176126801747
0.225539646549473
-0.084086750796073
-0.093379208784491
-0.254932567604066
0.109901804451289
0.177263821058626
0.007292554605655
0.330680491102462
0.208359218527365
0.059177043048440
-0.270278764240296
-0.339088807069003
-0.199556137734787
0.470502326900100
0.121790579186972
-0.112539717768632
-0.408481322015875
0.320983984575108
0.203574475481341
0.528495979956566
0.257635565996783
0.146522027769448
-0.523855428139625
0.229464115542836
-0.272132956261051
0.175068134309979
0.183183872095830
0.233431909321822
0.198701332157183
0.175592213274431
0.054190223860358
0.094467216499019
0.000807977167820
-0.025483499436874
-0.013016945277951
0.133872285305044
-0.118963867522372
-0.176408311304512
-0.004627680467669
-0.204640726020940
0.181770572795171
-0.266191226974109
0.301152293973011
0.267583445033327
-0.202752571804856
0.153638991097098
0.312728477909095
-0.010590357725270
-0.237543085387535
0.293760954366685
-0.370302627203728
0.070916032750097
-0.200509865323405
-0.293170991343895
0.493336137600325
0.186193723569525
0.145119347456789
0.183309652942324
0.513270415009042
0.220657582632678
-0.489408745897476
0.563671929554693
-0.462030803677025
-0.346097651205219
-0.414127211839134
-0.332872356122677
0.347600144703416
-0.447291607752370
0.459671649506183
-0.424796553239467
-0.529420140860292
-0.365106432102030
0.348914100142908
-0.465488574111353
-0.465066504589243
0.343512454077908
0.349217682312643
-0.367405576917651
-0.285987927861464
-0.332849502874923
-0.353261312713766
-0.337387962852532
-0.582477713063005
0.409265416807686
-0.347318008807119
0.424539408528539
-0.258320956180501
-0.386794140687862
0.510813814601783
-0.400512270921361
0.369704690566614
-0.243177576496861
0.445665227582758
0.595248135522899
-0.429799074698374
0.432663811700099
-0.549065818550780
0.357988698486040
-0.342255668154338
0.471814370643252
0.610005692762403
0.477851251467973
0.291212527272652
0.536692428279276
-0.346762571680844
-0.458340835603994
0.278417146833074
-0.347888112751960
-0.263396629471137
-0.597639869469209
-0.461375487871743
-0.495160194549940
0.610390303909263
-0.670316559114459
-0.698499914883521
-0.616261976472133
0.551904274706746
-0.633987290099151
0.650971009468610
0.758241904518055
-0.572530977525709
-0.670077242188781
-0.594752133919829
-0.506349481167574
-0.716748440430401
-0.623043200081458
-0.515196156925457
0.680958468479820
-0.478761234441249
0.668468446294324
0.738557732937117
0.570860697894032
0.569981995002531
-0.497821721870720
