0.574727501227373
-0.074134188984337
-0.444835018981052
0.313853059234330
0.290015328036152
-0.342989257113200
0.202417787171952
0.586815351650352
0.252923312482498
0.307276742984801
0.506266301509111
0.412967505650869
0.379910506044716
0.265254480975086
0.553592009186529
-0.307696751933619
-0.248882594094069
0.006856442055502
-0.241371855677839
0.528507832534146
0.480356390899581
-0.145123938974615
0.517666820325994
0.590679518092042
-0.223368914001037
-0.406732733764837
-0.383387709977151
0.092784070169426
0.367961968358516
-0.408370122305924
0.217311895283560
-0.468972312477517
-0.073700864319235
0.046250404566495
0.018534168155503
0.033402057325453
-0.021341888586030
-0.015202804027333
0.104730305510729
-0.343425904911728
0.202286710133695
0.546896733906947
0.539182638691028
-0.521610891080470
-0.358131535771794
-0.645806402053097
0.159062488327288
-0.233119354526553
0.171055243749289
-0.469899341481818
0.121206660082983
0.105889067695157
0.028141341905987
0.694616323909782
0.584763229466297
0.665667645962331
-0.419603152201746
-0.019556446564310
-0.089920635000915
0.511131858961650
-0.081354319004268
0.112160212530314
0.285098702326066
0.212340821195017
-0.089490563191576
-0.608781066922789
0.219795207626451
-0.090118010805191
0.629037848914441
0.105344772774871
0.666850623008462
0.181321359915159
-0.339241653070600
-0.070656531145908
0.444531869846555
0.377174092973300
0.044717892307043
-0.141156609527383
0.013047428810383
0.073346342912988
0.518305849193908
0.503223799283484
0.154859867216778
0.420639209906989
0.257512119655917
-0.224837197111795
0.085168347837410
-0.037559971226053
-0.077553895480240
-0.154478580794286
-0.239486941915446
0.279219733692500
0.110958303727911
0.389729205418091
-0.408282189376967
0.178410195023538
0.472047066350783
0.060926740932571
-0.290416138257006
-0.356061998258179
0.716354031155378
0.089415595339851
0.286964011430103
-0.467120159180098
0.363665888070188
-0.253384938442498
-0.153195040115066
-0.229174920002634
0.003626485527651
-0.518362846611206
-0.267494798170255
0.190333536098705
-0.742782644966474
0.495123595417281
0.232932116210212
0.285520827989664
0.035535790571429
-0.309190866567314
-0.264876579448635
0.225159418784618
0.133508016911329
0.234757299979151
0.776991772589700
0.217572884333024
-0.103692321744716
-0.310784035884767
0.286418486741362
-0.122952202813014
-0.252722103961352
-0.546830194514514
0.307107458075513
0.017813537122917
0.260562517242351
0.806599654154088
-0.114056960934236
-0.371583596076798
0.420893701869283
0.275660759187762
-0.579431734456957
0.438459779078030
0.278152352143922
0.286893373512157
-0.003992531203054
-0.370749652003188
0.285893188235008
-0.084980825460820
-0.314997340342276
-0.734228767715270
0.326206062886927
0.398561152788844
-0.556917008822825
-0.460122648795794
-0.443294824302124
0.714959245840645
0.640662427511972
-0.529888138371103
-0.422826989579525
-0.604495008816101
-0.810271031959281
0.698224792010695
0.527121962194378
-0.533363689377892
0.710582323962865
-0.444571300830571
-0.575010621264575
0.660281701259280
0.643285718894754
0.492811677051362
-0.470079673658064
-0.638118213817140
0.694843244956817
-0.499361671146038
-0.564357191885446
-0.441356862485345
-0.763232774066070
0.901224642674061
0.904434240124067
0.541697710356098
-0.838766436183694
-0.474660559505371
0.849311244864510
-0.320350910992187
-0.625196488454360
0.814053939648042
-0.643258052643487
-0.598832426616667
-0.481245676293376
-0.580440279495674
-0.734702370308585
0.531580601265662
-0.447774595490682
0.527375546374193
-0.745852123264245
-0.435119090574979
0.431984979834378
0.496405246951063
0.465750977084062
0.606175316441059
0.790649087778691
-0.428999650647814
0.473792627226207
-0.815700831928301
-0.936040893938213
1.013501978842664
-0.988968325678593
-0.809324019200673
-0.966164344696872
-1.000370568170085
0.975317890178377
-0.879447907942325
0.983512543816275
-0.914789597126270
-0.827416707110296
-0.836361477240270
-0.659422954226176
0.882563317929783
0.805834869121258
-1.051983843784012
-0.954252389044860
-0.700904495334244
-0.847753667385206
1.067488118482233
-0.668627040434540
0.815358457911343
-0.910958321234232
