-0.147942652647256
0.097214736745206
-0.100357686194637
0.204849290773688
-0.093274117467014
0.204041615864140
-0.163011149311568
-0.139496704480964
0.057032174235447
0.081988953315192
-0.140030304196688
0.198920723184866
-0.102504907132006
0.027948445046218
-0.006102737055665
0.173250399271283
0.182106022975464
0.170057949744064
-0.177074405088555
-0.125100702563431
0.073765263512267
0.163003685627939
0.138461025797617
-0.037079555021219
0.090645968143809
0.100320553186287
-0.051126364097173
0.041276672416247
-0.081648099252412
0.246390733452038
-0.242032267173565
-0.157340764019286
0.072596206212768
-0.141080099462059
0.003094252834951
0.006741539634920
-0.189997735723224
0.236113774228793
0.213322521562615
0.070563748241503
0.013393822181783
-0.025066699793945
-0.007543400804249
0.235557678732902
-0.016465478045083
0.036100073475403
0.209899238180887
-0.051981695427173
0.052366535125963
-0.025914417649912
-0.023718459835992
-0.034288526651529
0.022567141715920
-0.022985024196601
-0.045091969190532
-0.146519013493528
0.123586518890278
-0.072870989527664
0.019343935482257
-0.188803733703608
0.191582611627870
-0.047381325620342
0.152340330394032
-0.208994182122333
-0.103738769931383
0.044523656950574
0.178669598445668
-0.139182286685219
0.142840651275593
0.105506931546423
-0.167285797135453
0.026535182730324
0.188589308083747
0.005865016905449
-0.022148331122712
-0.023143440647699
-0.001339681040820
0.176197040646541
-0.045565855326999
-0.039636145764006
0.028572144721668
0.073134593945283
0.047234837308779
-0.017394393024502
-0.031675311765273
-0.257104232462812
0.017072012441801
0.222034501544974
0.039363938747523
-0.107377147113669
-0.135151537998066
0.092622964497121
0.164648537794537
0.007863676430131
0.048481974507105
0.072726011183862
0.130656508287376
0.095307171296998
-0.191073116049023
0.289857692705147
-0.128216179426931
0.156298190640279
-0.220735272145427
-0.007326078033171
-0.024821040538996
0.123030081128577
-0.068148656744076
-0.294691199545721
-0.111280692752475
-0.232374044293424
-0.055396201699662
-0.000658025829271
-0.063567999179917
-0.105233595823985
0.020622094307890
0.094848673694783
0.097776746507085
0.092620845944387
-0.132177887979363
0.172973607490044
-0.006956825535699
-0.157906433320538
0.076045034293631
0.137053405361873
0.104384479068015
0.143864553826882
-0.154419280530945
0.027899478005989
0.057350229245127
0.019904779509168
-0.115935885268697
-0.111312375229344
0.141567151423330
-0.156702587234194
-0.014554123174681
0.072506278929378
-0.146035359684726
0.106442597568968
0.269634748514993
0.085593291196014
0.256323563577117
-0.149491673970193
-0.209847350415461
-0.092923271198539
0.035850587094510
-0.047607830550468
-0.071561779052202
-0.012107147935821
0.279447059552297
0.149726079060590
0.187984266478372
-0.322141719711662
-0.253607033021371
-0.185268909388638
-0.182873505125033
0.191380561657967
0.285689356185130
-0.144781964945896
-0.152711035404480
0.251623907022252
0.165611401281173
0.291377863720398
0.251603336075544
-0.220739143813562
-0.279182198319215
-0.260136058051373
0.230590462965645
0.184700908993629
0.294823345028056
0.239408222833572
-0.296390570706144
-0.225018878390681
0.190455021221145
0.231900374957147
0.216870630237349
-0.332240314396870
-0.207251555038492
-0.138643167492781
0.306931018252751
-0.194401373582431
-0.292754621327716
0.140059620401019
-0.185553831044572
-0.245399714074222
0.260784312078050
0.329111245495427
0.175850094056446
-0.304167581119098
-0.231595568679706
0.320780512345717
0.151192530535726
-0.178075044926592
0.284842093643131
-0.215953357751268
-0.237784058030451
-0.195924208947269
-0.269153611213827
-0.256644651453918
0.219117741142001
0.177713678889554
-0.200709479998968
-0.391566809918105
-0.281969106855932
-0.257351463971347
-0.309748901099530
0.302836718077590
-0.274467790273063
-0.341419147816068
-0.270085064978947
0.393397637701361
0.298826910227010
0.406092866972391
-0.323607352366872
0.323230420977565
0.361627950026240
0.357459182228906
-0.329427782176917
0.344818546402163
-0.381806096973902
-0.325525950398198
-0.364158110006566
0.293291279667099
-0.348944442545763
0.371314556847515
-0.267999038928968
