-0.481808588566277
0.308973229980310
0.320612604024177
0.550277749173410
0.569995218976310
0.506838007335338
-0.456478868699019
0.528995897060043
-0.513764635615554
0.357535161884267
-0.491168634379033
0.458878729989343
0.502097607349850
0.413769609114018
0.572734085387609
-0.425429525945456
0.230371718162538
-0.554563213274400
-0.238934647482771
0.362092309278073
-0.597776560726873
-0.291714212115029
-0.367342009725477
0.351737800194113
0.358685655446274
0.374540837844098
-0.493803979144063
-0.109138652849990
-0.035587652992994
0.084522842984625
-0.056487398754033
-0.297710154620464
0.172527732936239
0.030316772588734
0.190220352823386
0.432649733197563
0.300113270331855
-0.614689761105174
-0.187167579079132
-0.276308842683644
0.491211392311364
0.516974130243950
0.018147173980236
0.369199384750115
0.030808666287217
-0.555692733078915
0.023796348132978
0.429167979149770
-0.013252183339141
0.589874077875011
-0.410622410012803
0.189065311953311
0.030208189930216
-0.068041021280111
-0.431027255042010
-0.261352404964436
-0.382391274065660
0.204068021856161
0.209288420942076
-0.125299390237024
0.544714458013611
-0.233664114011452
0.274804495380643
0.310978046166196
0.489789873221551
0.366657307240622
-0.219465125452656
-0.085892355009117
0.133845965002872
-0.133119313020140
0.147036539895439
0.064469035011638
-0.339565991334591
-0.159383015624988
-0.103279601750084
0.051169538534565
0.177111408873919
0.470865688938878
-0.053176452424959
-0.184674711221878
-0.096105344176841
-0.032261970406399
-0.421869902774770
0.456752817444733
-0.010337943932119
0.095186644204623
0.130434249279513
0.542340578025007
0.068128699800124
0.579473467922223
0.604052754927932
-0.398929405433308
0.258134130694026
-0.068770973656719
0.194036157080448
0.587678396481763
0.155654682289103
0.038368093091141
-0.069098669459588
0.031561234663447
-0.478027173775423
-0.041703337595385
-0.660001762794155
0.159564909942013
-0.375781943738030
0.118924393349549
0.144282193413205
-0.075230904946487
0.158626860273979
0.115174110463704
-0.073496647998974
0.113601227995592
0.187622831233703
-0.080709820586613
-0.241027197941663
-0.068226059931648
0.040096029937815
-0.184965038658845
-0.547769390314758
0.290690856924839
-0.044770290001312
-0.356733846022617
-0.496582282348748
-0.290907463043440
0.094854526408079
-0.280594918057551
0.545679323898125
0.015657458486847
0.098884017727195
0.047109068370235
0.122088118764936
0.064156111532340
-0.414897829080885
0.079493563514663
0.355902876300243
0.128929556635511
0.198762069809235
0.061758920404977
0.639912187862990
-0.058189425338498
-0.090904467404062
0.038137473173157
-0.093662120175025
-0.277301471702482
0.084192181261212
0.093737073312148
0.362928513993056
-0.000483333199394
0.138815821095582
-0.369290822774912
-0.358141175537633
0.347996244978691
0.617021883274075
0.213001356559323
0.454051803064470
0.218808255865650
-0.336290517225990
0.565381565218692
0.449359052727707
0.229389065115652
-0.334513965286503
0.333142429970494
-0.301969692898874
-0.197579919033229
0.568531720316242
-0.248388173181791
-0.643060403151317
-0.446606623938645
-0.403794921239339
-0.297214415534281
0.345784181925218
0.598138707336400
-0.692346242332269
-0.254802054667246
-0.248730208129247
0.364854024292496
-0.592949582606206
-0.353075700382439
-0.282737582943935
-0.243876721278959
-0.547798823462620
-0.252106404953033
-0.345612214983278
-0.443143682611310
0.193275084998360
0.376982064611763
0.197159852137510
0.203514935752603
-0.344671574718647
0.418253029951099
0.364710914912684
-0.613133186246184
-0.210588229746829
-0.343063436036239
-0.272696909136636
-0.479792331350217
0.641165800323298
0.336463816642564
0.404476421790129
-0.507869425905195
0.302751515966274
0.639136180373373
-0.745105486155899
-0.666610205189698
-0.578410544407653
0.567530042946100
0.518914030657131
0.691025732226191
-0.601327272493577
0.533714963326047
-0.418532778783365
-0.752470937163986
-0.515115302181044
-0.620312895772706
0.505074620280720
-0.458703381730415
0.443027693779584
-0.591649475875202
-0.513906520112025
0.607178090501318
-0.722514486374314
-0.476242454720938
-0.393960581188863
0.674478138826077
-0.677593314823632
