1.000006456513199,1.000050135784130,0.840649393594375
0.999986497247175,0.999835299797516,1.000010982472152
1.000542118710801,1.000061401347595,-0.849360982526325
0.999621340428537,1.000088691019627,0.560557276032197
0.999902902810724,0.999758475498430,0.997470961653234
2.964045737327974,1.027766260972015,0.989698906688161
1.000269447090143,1.000050140873084,0.567444919978034
1.000156458464302,0.700510938025387,-0.990166620138145
1.000096787854258,0.999876346922174,0.567444919978034
1.000552600182591,0.999808153544060,-0.187754814267154
0.999628904924704,0.999930291399476,0.567444919978034
0.999655182973443,0.999762938147493,0.565411255784547
0.999986497261122,1.000135758383610,0.567444919978034
0.999628904924704,0.999995016221106,0.567444919978034
0.999986497749983,0.999913204702294,-0.990207024620737
1.000002598196717,0.999915481263952,0.567444919978034
0.999986497261122,1.000135758383610,0.567444919978034
0.999903553940225,0.999816655234305,0.567444919978034
9.011828177194079,1.000241526246374,0.699379713250558
1.000002596732211,1.000114432578056,-0.498514658629123
0.999790937279967,1.000109385839212,0.567444919978034
1.000002598196761,0.999762943260005,0.567444919813670
1.000260470170214,1.000135758383845,0.625982787274464
0.999792529002585,1.000113748438787,0.567444919978034
0.999986497247175,0.999835299797516,1.000010982472152
0.999969218910372,1.000589746592824,0.566869234901939
0.999966385542100,1.000063048882057,0.567444919978035
1.000242877252266,1.000056774121234,0.598469018661161
0.999655182973443,0.999762938147493,0.565411255784547
0.999843248705311,1.000109391521399,0.628945412649178
0.999986497749983,0.999913204702294,-0.990207024620737
0.999843248705311,1.000109391521399,0.628945412649178
0.999792529002585,1.000113748438787,0.567444919978034
0.999843964320554,0.999874320993211,0.567444919978034
1.000553062181286,0.999920140785524,0.567444920117329
1.000316918664350,1.000135758383610,0.977199313461406
-1.000127507721884,0.967747672532313,1.000122775701793
-1.000030774036589,0.276518869753914,1.000342495590148
-1.000169058217202,-0.882336317432004,2.845888062462469
-1.000371095075296,0.276518839196397,0.999633350577096
-1.000207470970328,-0.992075866348599,1.000083868417611
-1.000244569782409,0.276518839196397,0.999748869234674
-1.000289717982603,0.276518839196397,1.000326581367114
-1.000289717982603,0.276518839196397,1.000114711287584
-1.000013502738879,-0.969390624059015,0.999699242427352
-0.999974602831121,0.276518892681477,1.000036502250073
-1.000084583176100,0.961859607495784,1.000084018021492
-1.000336489319397,0.426073251705359,1.000248088902504
-1.038420047557183,0.341162279576532,0.999809321399938
-1.000184779510411,0.276518839196397,1.000318546287719
-0.999997403267789,0.276518839196397,0.999580396539000
-1.000033617543414,0.402881159371446,0.999722664789630
-0.999447018752261,0.276518839196397,1.000122775702668
-1.000244569782409,0.276518839196397,0.999748869234674
-1.000209062732298,0.276873461356520,0.999982062730336
-0.999997403267789,0.276518839196397,0.999580396539000
-1.000244569782409,0.276518839196397,0.999748869234674
-1.000083288279245,0.274862742865441,1.000039956315796
-0.999972774266727,-0.969425625869158,0.999603536591754
-0.999730552917019,0.276518839218210,1.000488116939230
-0.999993560791198,0.276183260461541,0.999781366336388
-1.027623827965865,-0.932370038779993,0.999730136830427
-0.999993560791198,0.276183260461541,0.999781366336388
0.999986497247175,0.999835299797516,1.000010982472152
-1.000169058217202,-0.882336317432004,2.845888062462469
-1.000185088940013,-1.000071645392398,-0.999533741263785
-1.000205755802357,0.378041162686963,1.000067012688226
-0.999446937819098,0.276518839196397,1.000020739418796
-0.999447018752261,0.276518839196397,1.000169433483794
-0.999730552909857,0.276518839196397,1.000019605739753
-1.027623827965865,-0.932370038779993,0.999730136830427
-1.000244569782409,0.276518839196397,0.999748869234674
-1.038420047557183,0.341162279576532,0.999809321399938
-0.999447018752261,0.276518839196397,1.000122775702668
0.909256566574336,-1.000353360743754,-0.999674360695478
0.007245132476788,-1.000287036175182,-0.999932400973134
0.485373304883243,-0.999893486261276,-1.000334352096275
-1.000185088940013,-1.000071645392398,-0.999533741263785
-0.155061597577995,-1.000120866354737,-1.000017920385852
0.485373304883243,-0.999893486261276,-1.000334352096275
0.007509931440057,-1.000026121724610,-1.000353283555121
1.006010315436669,0.707804953567744,-0.999618016193118
0.007509931342281,-0.999357055914592,-1.000057737029052
0.007509931342281,-0.999643111071310,-1.000334320285271
0.681866862847687,-0.999753826193645,-0.999979260559232
0.007509931440057,-1.000026121724610,-1.000353283555121
-0.975969573093232,-0.999850394033125,-1.000057714881325
0.006424112947390,-1.000188084082098,-1.000325474150049
-1.044367811636794,-0.999886251561213,-1.000138973779239
0.007509931438412,-0.999852799051319,-1.000353283555122
0.007555744576530,-1.000229519392435,-1.000366649420530
0.008624622792467,-1.000121663467320,-0.999963497599024
-1.044367811636794,-0.999886251561213,-1.000138973779239
0.681866862847687,-0.999753826193645,-0.999979260559232
0.007509931342281,-0.999893485076552,-0.999443820991093
0.008624622792467,-1.000121663467320,-0.999963497599024
0.007509931342281,-0.999864241616155,-0.999915981978508
0.008894434341391,-1.000285250485035,-1.000159219312458
0.006126630034420,-1.000188084094002,-1.000325474313747
0.007509931342281,-1.000299584274297,-0.999611535525188
0.006129975276770,-1.035036973064877,-1.043104886844880
-1.000185088940013,-1.000071645392398,-0.999533741263785
0.007509627543453,-0.999911188755189,-0.999980813712520
0.007509931342281,-0.999369588862913,-0.999637706730948
0.007509931342281,-1.000069708600524,-1.000218327582102
0.006801174567406,-1.000071395905536,-1.000388850640370
-1.000185088940013,-1.000071645392398,-0.999533741263785
-0.994091408165369,-1.000287195698752,-0.999829916589496
0.007509931342281,-1.000146748397547,-0.999885288712416
1.006010315436669,0.707804953567744,-0.999618016193118
0.007509931342281,-1.000146748397547,-0.999885288712416
0.007509931342281,-1.000084518736048,-0.999858904840456
0.976475113994308,-1.000125638657389,-0.999960254094648
