0.999991709577941,0.999866041777377,0.226076644182271
0.999974044953512,1.000020020154488,0.226867756124749
1.470832787599943,0.999863211118789,-0.826626717115214
1.000053591212426,0.999841428475756,-1.454384044699044
-1.000498492441604,0.999757919561167,0.999939977759050
1.000098060229461,0.999674794663556,-2.582721446330529
9.342129547954405,-0.803247807534598,-1.000388964590094
1.000116650410063,1.000419344287714,0.998653967705479
0.999811720784137,1.000201852842023,-0.457972802273010
1.000129367054204,1.000044867237450,0.226704870734021
1.000307287694932,0.999979041843237,0.230708108484022
1.000084113302208,1.000476176169468,0.228765372869560
1.000053595891668,0.999905270954653,0.228766002997816
0.999984979425745,2.610178568957258,-0.578506757862637
0.999849567635836,1.000384697180261,0.928564396808813
0.999836754666399,1.000021427249987,0.189916257802167
1.000449174252783,0.999907323280872,0.218276831482974
1.424410626257253,0.999996548031286,0.078030427727111
0.999974044953512,1.000020020154488,0.226867756124749
0.999833385145293,0.999973314943794,2.060233326357527
0.999991709577941,0.999866041777377,0.226076644182271
1.000409282235197,0.999873582168216,0.217893588657969
0.999674159327100,1.000000999314776,0.922031520282309
0.999811720784137,1.000201852842023,-0.457972802273010
0.999905507196825,1.042977317341853,0.224977810382480
0.999811744256021,1.000085955259183,-0.382738047796472
1.424410626257253,0.999996548031286,0.078030427727111
1.000379026035771,1.000036304330395,0.228815595713471
1.000436490692618,1.000010309094400,0.226065169478384
1.000379026035771,1.000036304330395,0.228815595713471
0.999992254020082,0.999878992788059,0.228765038913386
1.000012960560040,0.999660026905407,0.228765946114854
1.000053591212426,0.999841428475756,-1.454384044699044
0.999966182525487,1.000089444864349,0.316830678951512
0.999550970372490,1.310339006430081,0.872467506292349
11.750754863018248,0.999923087144924,0.111604027566973
-0.999530689651723,-0.374675859154884,1.000124432372830
-1.000498492441604,0.999757919561167,0.999939977759050
-1.000409418006579,1.341657497064327,0.999965822218993
-0.999950547462253,-0.734716686498344,0.819861363673578
-1.316189997353783,1.671812962975383,1.085080395414888
-1.000344354137224,-1.000077052524406,-0.999935505295799
-1.000034471336317,1.664643601766270,0.999906758375869
-0.999953053758451,0.153336841385537,0.999852004997622
-1.000067204924288,0.507186724949196,0.999626569648292
-0.999951757390428,-0.632935642041011,1.000183503444180
-0.999987702039847,0.150986293368138,0.999939872621084
-0.999967852764211,0.153293492681001,0.999747914385250
-1.000498492441604,0.999757919561167,0.999939977759050
-0.999529431981720,0.156599356252838,1.000227053204968
-0.999897925696701,0.053005136200718,1.000174296019671
-0.999685385487019,-0.997026181136980,0.999962383279755
-0.999994714064610,0.151980561448698,0.999937208813971
-1.000079909951555,0.152333714662857,0.999872049424839
-0.999636781592370,0.153335795728959,1.000361879815984
-1.000324527900548,1.021879720342716,1.000354912194768
-1.000007956368515,-0.495711992317266,1.000069182374497
-0.999814933159801,0.153336841549635,1.000110535300927
-1.000179487610348,0.998463727747454,1.000357913422601
-4.275883075086939,0.723083507281420,1.000342006713457
-1.000378404957040,-0.989579445153552,1.663752400800891
-0.999885363453031,0.249322422313794,0.999927164367684
-0.999987702039847,0.150986293368138,0.999939872621084
-0.999994714064610,0.151980561448698,0.999937208813971
-1.000356337108836,1.196114919594778,1.000019320290303
-1.000067204924288,0.507186724949196,0.999626569648292
-1.000378404957040,-0.989579445153552,1.663752400800891
-1.000179487610348,0.998463727747454,1.000357913422601
-1.000166255692548,-0.085482709438946,0.999655390878534
-1.001864006415704,-0.994176165382502,1.000046485142927
-1.000080641843246,0.153570556315138,1.000270781275036
-0.999999529677189,-1.075162456745762,-1.000574648286236
-1.001864006415704,-0.994176165382502,1.000046485142927
-1.000079909951555,0.152333714662857,0.999872049424839
0.452379551911346,-0.999978162261784,-0.999963437876302
-0.153017953567235,-0.999808204788905,-0.999786851142141
-0.151308573712099,-1.000321558552970,-1.000251911405997
9.342129547954405,-0.803247807534598,-1.000388964590094
-1.202400769185710,-1.019214265800126,-1.000436067739699
-1.000344354137224,-1.000077052524406,-0.999935505295799
-0.178249061384807,-1.022388404716210,-1.082619590913545
-0.984901876536084,-0.999986829296135,-1.000057570047144
-0.178249061384807,-1.022388404716210,-1.082619590913545
-1.001711987512494,-1.000017200061532,-0.999912942757845
1.147342745241717,-1.000153901926401,-3.777551542651612
8.717120612665838,-1.000098729921163,-1.016279460832923
2.131156320230269,-1.000370505762322,-0.999929096035901
-0.151308573712099,-1.000321558552970,-1.000251911405997
-0.152352678638320,-0.999525069452006,-1.000177451325930
-1.001711987512494,-1.000017200061532,-0.999912942757845
-1.853730607369004,-1.000408415035206,-1.000202429330138
1.814508929581587,-1.000126078266295,-1.000173129957940
-0.145538759119332,-1.000003817792299,-0.999890054705741
-0.151932673246642,-0.999997988753807,-1.000127950391380
-0.536185842492637,-1.000242027359087,-1.000150903749570
1.814508929581587,-1.000126078266295,-1.000173129957940
-0.528910381611401,-1.000218425440707,-0.999775777803125
-0.227584550882041,-1.000164939489935,-1.000136055546772
-1.223283560439914,-0.999554390404647,-0.999629181382577
-0.142099647333424,-0.999955126521004,-0.999882445354090
-0.997562828407549,-0.999712612380364,-1.000036373452959
-0.773408567513169,-0.999802185685393,-0.999699514623606
-0.536909700292940,-1.000094177785842,-0.999657743569804
0.811808876827435,-0.999561677309066,-0.999968047366860
-0.999999529677189,-1.075162456745762,-1.000574648286236
-0.153016459597779,-1.000119292024471,-1.000019596649644
-1.223283560439914,-0.999554390404647,-0.999629181382577
-1.000344354137224,-1.000077052524406,-0.999935505295799
0.043570163975822,-1.420872795524889,-1.000149322598393
2.131156320230269,-1.000370505762322,-0.999929096035901
2.203187872949761,-1.000217559131212,-1.000430408534115
8.717120612665838,-1.000098729921163,-1.016279460832923
-0.927449575232197,-0.999465311850389,-0.300797736202060
