1.000143940137673,0.999840051013951,-0.491270422481407
0.999851111517337,0.999991637816836,0.516075698161159
0.026065696884168,1.000045073362031,1.000064486992833
0.999815106256942,0.999980050678926,0.577127213939082
1.000330638285015,0.999998094074797,0.516075698161159
1.000013877301723,1.000192980250141,0.516075698161159
8.444710026062296,1.000286466590265,0.652714739324460
0.999643682821990,0.999805434624764,0.997201051228339
0.999638483366900,0.999842944578507,0.803792466183777
1.000024320259833,1.000321559026815,0.972471699045501
0.999970626905461,-0.461379755145793,-1.000507247353153
1.000547057256446,1.000192980250141,0.516075698161159
0.999701730476385,0.999934430655244,0.516075698165640
1.000450764934979,1.000364163730669,0.516075698161159
1.000024361151829,0.999842950964902,0.516075698178246
0.999815106256942,0.999980050678926,0.577127213939082
0.999609471542007,0.999691814406416,0.514120192200687
1.000293286864911,1.000232874480603,0.516075698161159
1.000024553860250,1.000468720863349,0.515562854143078
1.000400074079778,0.999852271147929,0.516075698144411
0.999987803141818,0.999682778944910,-0.851777195201706
0.999624646052829,0.999939015265963,-0.990621118597128
1.000207979165385,1.000021546816383,0.516624945566235
0.999987803141818,0.999682778944910,-0.851777195201706
0.999965846976210,1.000401279886439,0.516075698161159
0.999970587826654,1.000233558988972,0.516075698161159
0.999851111517337,0.999991637816836,0.516075698161159
0.999970587826654,0.999852271147927,0.516075698161159
0.999954405081397,1.000193277587027,0.546354839374826
1.000450764934979,1.000364163730669,0.516075698161159
0.026065696884168,1.000045073362031,1.000064486992833
1.000450764934979,0.999948270542719,0.516075698161159
1.000023218704594,1.468515139854558,0.156284316210822
0.999609471542007,0.999691814406416,0.514120192200687
1.000024553860250,1.000468720863349,0.515562854143078
0.999815117041559,1.000295500421366,0.516075698161159
-1.025566847241824,0.077217081704150,0.999968225163232
-0.999985153472388,0.002041471634484,0.999957285477225
-0.999985552969258,-0.001587077009845,1.000065158159489
-0.999975637980237,-0.001089734883894,0.999912093800518
-1.000107041019494,-0.902763704773582,2.836809825138913
-0.999992365967626,-0.974787352656275,0.999842839984068
-1.000058345614924,0.944333422237736,0.999940515587494
-0.999985153472388,0.002041471634484,0.999957285477225
-1.000148888482663,-0.001089734883894,1.000388507285178
-1.000012248223652,0.594745921902235,1.000402437819594
-0.999520372363987,0.124614301858461,1.000404988170035
-1.000034153023790,-0.001089734853330,0.999619646212216
-0.999975637980237,-0.001089734883894,0.999912093800518
-0.999986122693521,-0.001089734883894,1.000372137048766
-1.000148888482663,-0.001089734883894,1.000388507285178
-1.000107041019494,-0.902763704773582,2.836809825138913
-0.999976783861368,-0.001089734883894,1.000404985812222
-0.999992355233622,-0.001089734883894,1.000490329996277
-0.999792020834615,-0.019340287910941,0.999958994792370
-0.999985552969258,-0.001089734883894,1.000400889355875
-0.999985552969258,-0.001089734883894,1.000400889355875
-0.999800419479502,-0.001089734883894,0.999923769020468
-0.999985552969258,-0.001587077009845,1.000065158159489
-1.029554129010851,-0.944103505112514,0.999605922284160
-1.000115620845048,0.158598256649203,1.000010501169221
-1.000123246159487,-0.001089734883894,0.999942317962390
-1.000186980671557,-0.001089734883894,1.000064486992833
-0.999987648863115,-0.001054213773692,0.999923769002716
-1.000007247509400,-0.001089734883894,1.000328753716841
0.026065696884168,1.000045073362031,1.000064486992833
-1.000378002862562,-0.000605015785032,0.999968223156426
0.026065696884168,1.000045073362031,1.000064486992833
-1.000190838408478,0.954802719954224,1.000387671627243
-1.000058345614924,0.944333422237736,0.999940515587494
-1.000123246159487,-0.001089734883894,0.999942317962390
-1.000045589279954,-0.001089734883894,1.000388507285178
-1.025566847241824,0.077217081704150,0.999968225163232
-1.000007247509400,-0.001089734883894,1.000064486992833
0.025052513840414,-1.000378850697728,-0.999955916492302
0.026045178825713,-1.000311149841457,-0.999934560532227
0.024958950176576,-1.000298588177003,-1.000042704965264
0.999970626905461,-0.461379755145793,-1.000507247353153
0.026223224198381,-0.999766816537903,-1.000323078660953
0.993402846663888,-1.000049100310465,-1.000300941421656
0.025052513840414,-1.000378850697728,-0.999955916492302
0.024958950187120,-1.000069937353523,-1.000336420256880
0.046225130602682,-1.000234017751243,-1.000013334363934
0.024734117900723,-1.000147488160745,-0.999612725884353
0.024958950176576,-0.999977161450394,-1.000322221272511
-1.047574003224853,-1.000051729457310,-1.000091160327600
0.024958950176576,-1.000147488156380,-0.999783018114378
0.024958950176576,-0.999860412548864,-1.000325270702890
0.024958950176576,-1.000298588177003,-1.000123664122107
0.024958394217477,-1.000194558576485,-1.000478947514398
0.024958950186907,-1.000069937353523,-1.000336420256880
0.046225130602682,-1.000234017751243,-1.000013334363934
0.905208638021611,-1.000234153272876,-0.999583244387899
0.024958950176576,-1.000147488156380,-0.999783018114378
0.025244172282739,-1.000378850675335,-1.000478929855167
0.024448547397029,-0.999807019749859,-1.000057678711228
0.028055134583169,-0.999692891430339,-1.000167613147992
0.026045178825713,-1.000311149841457,-0.999934560532227
0.532409257856293,-1.000159961387603,-1.000131373271036
0.024958950176576,-0.999678441019781,-1.000131373234358
0.033883671523501,-0.999768740032830,-0.999789512422675
0.006236649393608,-1.000019949324842,-1.000059484266886
0.993402846663888,-1.000049100310465,-1.000300941421656
0.473924654991857,-1.000308157838823,-0.999627872626908
0.024958950176576,-0.999822107824141,-0.999935513007167
0.473924654991857,-1.000308157838823,-0.999627872626908
0.024958950187120,-1.000069937353523,-1.000336420256880
0.024958950176576,-1.000008366768681,-1.000013341327527
0.025074059276136,-1.029105363794997,-1.043612377536609
0.024958950176576,-0.999669153408550,-1.000053941886108
0.024958950176576,-0.999978453207832,-1.000166750877479
0.024958950186907,-1.000069937353523,-1.000336420256880
0.033883671523501,-0.999768740032830,-0.999789512422675
