1.000407450262260,1.000070810462258,-0.003087719364016
0.879248328577469,0.998986266116805,-0.376844122715389
0.919665474777907,0.963252005614457,-0.003087719364016
0.999651985255801,1.000068628671408,-0.005094353642014
-0.057037179992326,0.963252005614457,0.973614935406217
1.000078596723857,1.000214701551651,-0.507178983568878
1.000227471573559,0.999664202772767,-0.003673253155921
1.000407450262260,1.000070810462258,-0.003087719364016
-1.000260287487549,0.963252005614457,1.000079842089021
0.920238160850828,-0.508295300123385,-0.999734553677858
0.999787283076525,0.999885355724665,0.139325719530998
0.999743499198573,1.000124705473490,-0.003087719364016
1.000078596723857,1.000214701551651,-0.507178983568878
0.999911317630670,1.000152654296490,-0.687880245144281
0.863249945081862,0.963222550571790,0.054591115721456
0.919124994320613,0.963252005614457,-0.002500429437951
0.999911317630670,1.000152654296490,-0.687880245144281
0.999743499198573,1.000124705473490,-0.003087719364016
0.919665474777907,0.963252005614457,-0.003087719364016
0.299168357353836,0.963252026944930,0.617416141714029
0.999614603842587,0.999965490688808,-0.003689064745575
1.000078574486021,1.000113632102825,-0.003150442017562
1.000078574486021,1.000113632102825,-0.003150442017562
1.000008143663509,1.000097867151478,-0.003087719364017
0.919665474777907,0.963252005614457,-0.003087719364016
1.000082927027137,1.000216954220210,0.146404229166608
0.919665474777907,0.963252005614457,-0.003087719364016
1.000008143663509,1.000097867151478,-0.003087719364017
0.999787283076525,0.999885355724665,0.139325719530998
-0.851345214317115,0.961166840825165,0.947590286471043
0.919667694342683,0.963254225179234,-0.003087719364016
0.919667694342681,0.963254225129360,-0.003087719415605
0.999911317630670,0.999602778635145,-0.268772475149928
0.999667420109261,0.999567112553570,-0.003175100741891
1.000082927027137,1.000216954220210,0.146404229166608
0.999651985255801,1.000068628671408,-0.005094353642014
0.919665474777907,0.963252005614457,-0.003087719364016
-1.000043043729912,-0.036160704459477,0.996912280635984
-0.999592549229388,-0.036667558967274,1.000382917258957
-1.000204706145613,-0.070280031100699,0.902236952855867
-1.000421706591186,-0.036747994385543,0.996912280635984
-0.999810976313854,-0.038686444057895,0.998220821799204
-1.000348016213767,-0.036747994385543,0.999584273670749
-1.000043043735901,-0.036747994385543,0.996912280635984
-1.000385394087884,-0.036747994385543,0.996912280635984
-1.000207239557786,-0.036747994385543,0.996912280635984
-1.000348016213767,-0.036747994385543,0.999584273670749
-1.000212701670254,0.151964552378980,0.999616587341508
-0.999800434807044,-0.036812663622480,1.000079842087652
-0.999650591026687,-0.977349088446968,0.020209625865751
-0.999800434807044,-0.036812663622480,1.000079842087652
-1.000260287487549,0.963252005614457,1.000079842089021
-1.000260287487549,0.963252005614457,1.000079842089021
-0.999813895225737,-0.994173115761060,0.002788204073213
-1.000212701670254,0.151964552378980,0.999616587341508
-1.000389781233682,-0.977441366030256,0.717512635302537
-1.024810217632675,-0.950127040288700,0.959015762470700
-0.999638786231330,-0.036747994385543,0.999677685719727
-0.463090373481001,0.583675259421511,1.000383362821165
-0.999471322228120,0.909752317868507,0.999743289831809
-0.999650596409398,0.114725676560456,1.000095369670193
-0.999650596409398,0.114725676560456,1.000095369670193
-1.000231947111307,-0.913214226213441,0.981356821601523
-1.000231960613274,-0.036747994385543,0.996912280635984
-0.168851972689305,0.545803382275818,0.442208529946334
-0.999801532177993,-0.039415577486682,0.993248630734486
-1.000204705210294,-0.036747994385543,0.996912280635984
-0.999471322228120,0.909752317868507,0.999743289831809
-0.999779359575090,-0.036747994385543,0.999677685719727
-0.999517174676428,-0.060967322888766,0.971772005450237
-0.103631870451860,0.939954660384690,0.996912280635984
-0.999779359575090,-0.036747994385543,0.999677685719727
-1.053382216857814,0.061343247259743,0.999616575293525
-0.999592549179192,-0.036747994385543,0.996912280635984
-0.080334638656365,-0.999931372734842,-1.000097384203709
-0.078450493933703,-0.999786935997512,-1.000097485610431
-0.080334525222094,-1.000488879137604,-1.000126515966523
-0.080321339305864,-0.999898253150563,-0.999919057814116
-0.978232967266366,-0.999785301049463,-0.026385064593783
-0.086836569327347,-1.000319315244317,-0.999904628372750
-0.080334525222093,-1.000157578760291,-0.999609493824630
-0.080223217466472,-1.000447421129433,-0.999915129274466
-0.080334525222093,-0.999847368354135,-0.999609493824630
-0.080334525222093,-0.999847368354135,-0.999609493824630
-0.103443029975338,-1.000115671321478,-0.977947444178271
-0.080334525222093,-0.999619081954910,-1.000259658861943
-0.080396262102684,-0.999886367984258,-0.999929067664865
0.409840027927346,-0.999886284753108,-0.999734564205820
-0.080334525222093,-0.999915883295564,-0.999914024022499
-0.078153074839683,-1.000207642657469,-0.999914023977268
0.507187089802502,0.138141683233462,-1.000263541201557
-1.039933497525816,-0.999879779735311,0.833987269346694
-0.080203925228404,-0.999881847701875,-0.999864006754714
-0.080334525222093,-1.000488879137604,-0.999865529257724
-0.080334525222093,-0.999784152022819,-1.000259658861943
-0.081738815395295,-0.999879779825527,-0.999625119806000
-0.078450493933703,-0.999786935997512,-1.000097485610431
0.409840027927346,-0.999886284753108,-0.999734564205820
-0.080334525222093,-0.999929344476304,-0.999929033565471
-0.080334525170324,-1.000115671321478,-0.999623487836989
-0.080334525222094,-1.000488879137604,-1.000126515966523
-0.080318201263990,-0.999837756798676,-0.999915140047945
-0.080334525170324,-1.000115671321478,-0.999623487836989
-0.994329878134188,-0.999779838861545,-0.008963642818466
-0.080350694973346,-1.000114644275278,-0.999915021148234
0.920238160850828,-0.508295300123385,-0.999734553677858
-0.080334525222093,-0.999915883295564,-0.999914024022499
-0.172856628761806,-1.000447238021627,-0.908412391583899
-0.081382674653948,-0.999886220765759,-1.000235016287230
-1.039933497525816,-0.999879779735311,0.833987269346694
-0.080334525222093,-1.000505424159441,-0.999915021148506
-0.080321339305864,-0.999898253150563,-0.999919057814116
0.949439725402927,1.005586993029060,-0.448460368480120
