1.000081571305953,0.999580408258906,0.938631812940331
0.999684790899840,1.000320600726250,0.999965450566333
0.999598639696801,0.999677986904707,0.186134013990244
1.000083486782365,0.999994765505820,0.171709192028549
0.999676964764315,1.000218947595178,0.191860796828942
1.000263191009520,1.000365906369288,0.147505781735178
1.000383207668318,0.999639502287915,0.188684794835915
0.999896645544864,1.000250954528634,0.191867313026203
0.999639441645946,1.000316413972594,-0.400211920225450
0.999843474004256,0.999491979841024,0.186181911533521
1.000434110119349,0.999995212836620,0.511517650821978
1.000383207668318,0.999639502287915,0.188684794835915
0.999570471531788,1.000028264988759,0.869405953836940
1.000169951397025,1.000069984738977,0.187418634700524
0.999845023132836,0.999638361003507,0.191867819363652
1.000109777532485,0.999874549368579,0.998351949342759
1.045921467138756,0.999973366651833,-0.793028954515343
1.000083486782365,0.999994765505820,0.171709192028549
0.999684790899840,1.000320600726250,0.999965450566333
1.427442286696705,-1.016472993162525,-1.173365070484728
1.000327035223343,1.039241249094896,-0.031692195045512
1.000137476177838,1.000098748949191,1.781737511186525
0.999638592372248,1.000138884290186,0.196738139922141
1.000155211304189,1.000263856657096,0.265538953420455
1.000545644873778,-0.978256549578682,-0.820450315503273
1.000049834451794,0.999802717167396,0.176140816618931
1.000319978780688,0.999492545812076,-1.483945966947169
1.000170046051986,1.000217436403761,0.191867755127373
1.000083510310049,1.000137452492703,0.072410055595854
1.000319978780688,0.999492545812076,-1.483945966947169
1.020975922040600,0.999797338690888,-0.093075768543861
1.000049834451794,0.999802717167396,0.176140816618931
0.999884226295411,2.605445781097400,-0.516574016141602
1.000290094072996,-0.901738425331072,-1.011281756386560
1.000169951397025,1.000069984738977,0.187418634700524
0.999570471531788,1.000028264988759,0.869405953836940
-0.999897163624578,-0.724654322140079,0.999929108133822
-1.000039813464385,0.026231749380787,1.000160531191689
-0.999883293724922,0.663160386681440,0.999785380595786
-0.999926405375035,0.086461626156690,0.999914549019062
-0.999911650907952,0.997757950680917,1.000240994378397
-0.999951721327724,1.024927745064225,1.000337927473844
-0.999854224495875,0.094902831818953,1.000281626702158
-1.000031534884502,0.094795436250419,1.000063891531915
-1.000099895454623,-0.997349855330779,1.000197433062194
-0.999815177299326,0.087876930949940,0.999887523049953
-0.999897163624578,-0.724654322140079,0.999929108133822
-1.002971423886030,0.088094781263230,1.002176270605119
-1.000031534884502,0.094795436250419,1.000063891531915
-1.000048999420008,1.639567509793156,0.999862118091480
-0.999928152818149,-0.628173196240744,0.999730297803199
-1.000086363076103,0.094810120287705,0.999843959570773
-0.999810863440495,0.312811805015427,1.000321595458464
-0.999913357022477,0.094849102320110,1.000025360306730
-1.000048999420008,1.639567509793156,0.999862118091480
0.999684790899840,1.000320600726250,0.999965450566333
-0.999926405375035,0.086461626156690,0.999914549019062
-1.000439432807481,0.517582311581565,0.999977800959124
-0.999951721327724,1.024927745064225,1.000337927473844
-0.999916352508617,0.094851585598604,1.000281585455493
-1.000348870400978,0.095155280872191,0.999933378652721
-1.000140686362538,0.095226577806588,1.000060084816619
-0.999951612003178,-1.078937838724810,-1.000277013063439
-0.999898262382588,0.094853535756616,0.999933307214128
-1.000272422696451,-1.000061488360432,-0.999675529522668
-0.999854224495875,0.094902831818953,1.000281626702158
-0.999502669161186,0.101430790873205,0.999740627767490
-1.000093163117884,-0.456522437976723,0.999601092765135
-1.306899403371123,1.640323117426992,1.087334117585177
-1.000319423730278,0.084799176510042,1.000059862706892
-1.000108138663445,0.088198412986375,0.999884420232803
-1.000108138663445,0.088198412986375,0.999884420232803
-1.000284387766917,-0.588657635442129,0.999814770592805
-1.000093163117884,-0.456522437976723,0.999601092765135
1.000290094072996,-0.901738425331072,-1.011281756386560
0.037888834033974,-1.000131166920766,-1.000318669073305
2.176344023488360,-1.000197041234282,-1.000291691364161
0.949002601910926,-0.999932262581892,-0.999758309549111
0.014429433540296,-1.000273210099790,-1.000158829477922
-1.000272422696451,-1.000061488360432,-0.999675529522668
0.014228408945145,-0.999752551208107,-0.999936068408095
-0.997707174508349,-1.000013198961976,-0.999826718755035
0.053486887003533,-1.036732015266779,-1.141215227324280
1.037361655131542,-0.999911967822556,-1.000049308264098
0.026153858752358,-1.000293039289223,-1.000182466140956
-1.007292248246104,-0.999993089004028,-0.999441362953295
0.491955199482811,-1.000433089962504,-1.000146337029186
0.949002601910926,-0.999932262581892,-0.999758309549111
-0.441225048974941,-1.000393400158853,-0.999879474845914
1.037361655131542,-0.999911967822556,-1.000049308264098
-0.974386529201209,-1.000080328686542,-0.168951549606789
0.994853103256764,-0.999767897816987,-1.000019387228407
0.017687905477411,-0.999745490765618,-0.999872709047666
0.011642453633903,-0.999752347764069,-0.999760458126243
-0.942396518473204,-1.437404045622309,-0.999943023873721
-1.007292248246104,-0.999993089004028,-0.999441362953295
1.216054089943319,-0.999752442192778,-1.000162441226986
-0.532314588011023,-0.999651561331294,-1.000397359890486
1.317140248943570,-0.999863386751686,-0.999833177067620
0.491955199482811,-1.000433089962504,-1.000146337029186
-0.999951612003178,-1.078937838724810,-1.000277013063439
2.308043489248901,-0.999545982668370,-1.531272704814046
0.026153858752358,-1.000293039289223,-1.000182466140956
-3.231985764280131,-0.999540377523917,-0.999764211636973
0.015433925637864,-1.000273237014919,-1.000115806510731
-1.000272422696451,-1.000061488360432,-0.999675529522668
1.216054089943319,-0.999752442192778,-1.000162441226986
1.059792078409489,-1.000460931195257,-3.951798889072931
-0.647776083460008,-0.999756797872750,-1.000093183878712
0.011642453633903,-0.999752347764069,-0.999760458126243
0.011940497607189,-1.000354694253905,-1.000201602118464
0.639120312234037,-0.999902134510146,-0.999901879061170
-0.455683164722444,-1.000174552613712,-1.000134850916568
