1.000168835919698,0.999748193299726,-2.133901559947589
1.114150165393343,0.999970714980377,-0.812873775068667
1.000237330159340,1.000235401434275,0.519340674994922
1.114150165393343,0.999970714980377,-0.812873775068667
1.000050364105536,1.172177075208936,-0.220580740055425
0.767534260924638,0.787227482947475,0.233580085656669
0.999950300855690,1.173793582823241,0.375758708401463
1.000050364105536,1.172177075208936,-0.220580740055425
1.528496710783404,0.883757166124920,-3.905000430052183
0.999978477993725,0.975543782838934,1.049745739187202
0.975979082886287,1.000231438511704,-0.547316520917917
0.105971766201595,0.999830684195714,0.999953254691590
0.896673820733571,1.170022595089677,1.655616609742921
0.999882695401755,1.000431389573518,1.335113631033565
-0.541618824848353,0.999668440030489,0.519759054001227
0.999757411678221,0.999636842655241,0.095340478349868
0.999895270372295,0.999988024840763,0.780139997673118
0.620087521870392,0.999664123896919,0.945101267610639
-0.811901032977371,-2.386266687856566,-0.780369242647168
-0.732064387953369,0.999840823614549,0.330071932683580
-1.191905607564135,0.779519271971796,1.974319875284237
0.999875366154828,0.999689684923614,-0.100631698157187
0.105971766201595,0.999830684195714,0.999953254691590
1.000024970684695,0.969069699879195,-0.656437865397493
0.259713875664733,1.000293994742786,3.176308736204419
0.999757411678221,0.999636842655241,0.095340478349868
1.112036900487058,1.000540174913433,-0.200382620149043
1.000092062847787,1.000104087361126,1.078508584195703
0.999866722928690,0.999725724047622,0.641220757914738
0.999836115595460,1.506578705063437,-1.447321078400222
0.999882695401755,1.000431389573518,1.335113631033565
0.999858854816555,-0.899241866839454,-2.131564799289023
0.999635153205748,0.999979053370615,-0.414862271038942
-0.732064387953369,0.999840823614549,0.330071932683580
1.000024152177889,-0.865675740898735,-0.568904928963477
1.158318912553472,1.000360386844377,0.271475169226946
0.323766406242260,0.999947226255572,1.100287959810913
0.105971766201595,0.999830684195714,0.999953254691590
-0.959899911742238,1.298155754203388,1.241468747619592
-1.000109663084725,-0.983605717520979,0.982767410811306
-0.999747620726279,0.472368406038069,1.000043183606010
0.105971766201595,0.999830684195714,0.999953254691590
-1.000004391601931,1.349932623726500,1.402049387672236
-0.999792753301773,-0.596262399255438,0.455877849757854
-0.999971278220482,0.299860862685667,1.000245693561837
0.608647178336827,1.015825570761073,0.999773082162790
-0.999927912385612,0.073753230400066,0.999661354572424
1.101169677024305,0.777760143820173,0.442134479998074
-0.959899911742238,1.298155754203388,1.241468747619592
-1.064224608659100,-0.968215890886561,1.000044975667194
-1.010822656589181,-1.048061560342041,0.740821505570182
-1.205628955660356,-0.969463479721841,0.908199992910085
-0.999593601105911,-0.313187055591382,0.999682709014550
-1.233340775813030,-0.477557736897141,1.024017828766205
0.343570993082654,0.969795299360031,1.000168969263001
-1.000240264126998,1.623028739495692,2.658441196420029
-0.999747620726279,0.472368406038069,1.000043183606010
-1.000192172229842,0.718874177772645,1.257703751429048
-0.999980808876384,-1.156845603349777,0.999942982962367
-1.000145270245991,-1.064012878083543,0.689040799229190
-0.644381756142277,1.142957803633537,0.999850122932742
-0.999539001741621,-0.532122982749539,1.000077423635631
-1.000109663084725,-0.983605717520979,0.982767410811306
-1.000004391601931,1.349932623726500,1.402049387672236
0.133736882204335,-0.577597266982992,0.999695492299509
-0.999980808876384,-1.156845603349777,0.999942982962367
-2.080288753489608,-2.590707447932073,1.000309646661933
-0.696790115325723,-1.000003211522469,0.543355250529444
-2.080288753489608,-2.590707447932073,1.000309646661933
-1.155888412167169,-0.808173488595595,0.999841678187593
-0.999971278220482,0.299860862685667,1.000245693561837
-0.999549802911599,0.686098221166984,1.072600447794130
-1.000359652928520,0.553418059016717,1.000279331070288
0.866778932118183,1.139371570751794,-0.055331940741482
-0.696790115325723,-1.000003211522469,0.543355250529444
0.084139947764928,1.031262715772233,1.105883554607487
-0.798985898667479,-1.225026876568093,-1.283002713362990
-0.328651003970858,-0.999429564910758,-0.999707227556485
0.999858854816555,-0.899241866839454,-2.131564799289023
-0.574929346598094,-2.394704377551542,-1.054300888609703
-0.411384871946734,-1.321968672027137,-1.000292158977572
0.723142950015631,-2.568716983281568,-2.190234452100185
0.728007017834020,-1.000303981497290,-1.000045122678387
-2.124339301871583,-2.969863221825549,-1.153428745201012
1.278374562720461,0.412392345850312,-0.658875690829177
1.086921123195868,-0.999835595019028,-1.000055568537249
-0.740120247669136,-1.042538910598824,-1.161234601753179
0.988012753451659,0.984660661799251,-0.601889786634999
1.086921123195868,-0.999835595019028,-1.000055568537249
-0.772872735921805,-1.000093267383435,-1.000084638492581
-0.435786867447402,-1.000001925714300,-0.999611884796067
-0.659281517293405,-0.999914500280977,0.285837956923345
-0.696790115325723,-1.000003211522469,0.543355250529444
-0.585647110872639,-2.377727978678775,-0.999906769907355
-1.042862277561011,-1.000169795532993,0.896298659806888
-0.768852581934379,-2.455885418004228,-1.000250815365874
-0.988836778673868,-1.000284156252076,0.927868353642268
-1.184490500359129,-0.999676058641254,0.803576838139222
-0.740120247669136,-1.042538910598824,-1.161234601753179
-0.328651003970858,-0.999429564910758,-0.999707227556485
-0.930081325225754,-0.999932583034274,-0.591924392000209
1.112757313755896,-1.086552153120580,-2.722390148136171
-0.398844093027276,0.550769483267357,-1.000247548354778
-0.728654503291065,-1.000023313613753,-0.932437837671557
0.988012753451659,0.984660661799251,-0.601889786634999
1.007401524938647,-0.302496656123494,-1.561850241437398
-0.132290755282068,-0.999914997526170,-0.999885296829376
0.723142950015631,-2.568716983281568,-2.190234452100185
-0.772872735921805,-1.000093267383435,-1.000084638492581
0.215231520476425,-0.999959021295258,-0.999635291440057
0.259642806409605,-0.999774418073096,-1.000078029202683
0.320390362378749,-1.151761365598548,-1.508924590810864
-1.042862277561011,-1.000169795532993,0.896298659806888
