0.999738957337802,1.000288316708632,1.443257604920741
0.999612214409550,0.999957737933471,-0.398399297172871
0.999612214409550,0.999957737933471,-0.398399297172871
0.999529706789496,0.999972164457863,0.133618075499388
0.999865419266571,0.999817782911710,0.127323464831005
0.999874571440166,0.999954615595180,0.126075960921495
0.999852817050354,0.999971718653933,0.128188326520025
1.000366587179607,0.999841254210974,0.127323359070981
1.000081778041897,0.314345348639714,-0.935827173011439
1.000392303296508,0.999841344029346,0.130658035233827
0.571240411863264,-0.996038924203792,-1.102955431284121
0.999943572651913,0.999823466783482,0.283878309277834
0.999504022845817,1.383634616409734,-0.825576864523405
1.000149415744131,0.999966111636127,0.113842343746725
0.999864553953380,0.999957703849593,-0.018507734047341
0.990518991780663,1.110976874948511,0.977809307293471
1.000081778041897,0.314345348639714,-0.935827173011439
1.000124646353665,0.999624346648667,0.479928526355916
0.999862976256785,1.000425712083032,0.127320185042335
0.999529706789496,0.999972164457863,0.133618075499388
0.999738957337802,1.000288316708632,1.443257604920741
0.999862975275151,1.000019158080883,0.226569978528307
1.000149415744131,0.999966111636127,0.113842343746725
1.000327761587928,1.000483807119430,0.052932879664500
0.999589150574460,1.000276758867997,0.589905197352121
0.999874571440166,0.999954615595180,0.126075960921495
0.999850773755991,0.999926316940935,0.127372332576990
1.461690965763970,1.365637472061036,2.059956859941071
0.999850773755991,0.999926316940935,0.127372332576990
1.000168178309465,1.111349634332200,0.954171564727162
0.440952321637353,1.000020614324161,1.791592826567859
1.000323269005650,0.999755098342655,0.112739279465459
1.000348968644786,1.000015649637487,0.127323417753990
0.999873408565787,1.000370746126449,0.116368363842773
1.000068109095396,0.999972599951951,-0.432966408332102
0.999485309282140,0.999641742003146,0.076123411773654
-0.728353630228233,-0.985924473503571,0.101867808853282
-0.999883367030206,-0.422499830555403,1.000124388799631
-1.000334309735048,0.101876190792196,1.000242991635735
0.999529706789496,0.999972164457863,0.133618075499388
-1.000095130391508,-0.013505342353079,1.000139863468279
0.979506775808716,1.109112200974049,1.000063438794058
-1.000258879615255,-0.209460928808504,0.999953250240929
-0.999690243438350,-1.012967349567363,-0.828484757958548
-0.999970324971712,-0.014253086949946,1.000124410390828
-1.000135967300928,-0.016972432491975,1.000271792171598
-0.999810472287146,-0.018576955671663,1.000336533916783
-1.000134614295366,-0.991649466974962,0.685009650015456
-0.999886519716450,-0.498415775173913,1.000192437671800
-0.999915017288628,-0.019124113185576,1.000271460599478
-0.999881987092608,-0.997622515602995,0.150366992134709
-0.999756844080349,-0.684042220832394,0.999661555045812
-0.999930754889837,-0.019123301999041,1.000030165601957
-0.790199136946392,0.323427589130398,0.999850851055865
-0.999813257053327,-0.020032005516645,1.000029797917244
-1.000135410947617,-0.019121342415892,0.999774600105876
-0.999582773167993,-0.022731104230187,1.000394322677931
-1.000087899260110,0.534513338757382,0.999567327053179
-1.000135967864912,-0.019502625225080,1.000134494316033
-1.000069885385333,-0.996026429654247,1.000313575712241
-0.999941927914809,-0.015250054428731,0.999888107234327
-0.999915458770470,-0.345476129532680,1.081064025815201
-1.000135967864912,-0.019502625225080,1.000134494316033
-0.999970324971712,-0.014253086949946,1.000124410390828
-1.000069885385333,-0.996026429654247,1.000313575712241
-1.000135410947617,-0.019121342415892,0.999774600105876
-0.999633412820392,-0.019125469880323,1.000433988637517
-1.000095130391508,-0.013505342353079,1.000139863468279
-1.000334309735048,0.101876190792196,1.000242991635735
-0.999883367030206,-0.422499830555403,1.000124388799631
-1.000067280677169,0.591846348211850,0.999976939339593
-0.999704949620865,0.075296131142755,1.000169700943016
-0.999915458770470,-0.345476129532680,1.081064025815201
-0.999973282699282,-0.395786312275658,0.999687613723550
0.003659584425008,-1.000201173363032,-1.002392358529578
-0.997979425123126,-0.999751832162507,0.108040523108684
-0.431325447526821,-1.000269658508232,-1.000314073660128
1.002371831373357,0.962197358669405,0.093841496871022
-0.452500164130990,-0.999645210651502,-1.000516334103788
-0.084330271971292,-1.000254488001327,-0.999921811336386
-0.092407816191105,-0.999763892416883,-1.000225403377624
-0.078704521934450,-0.999473875342215,-1.000056676011968
-0.178579588300869,-1.000215586966038,-1.000500199456519
-2.219106915255092,-1.000183220097973,-1.000056689969799
0.455845920502011,-0.999792670111798,-1.000042986044691
0.421287572256653,-0.999762066102435,-1.000045492861816
-1.748719554073818,-1.084765298522857,-1.401566860815064
-1.002395715915372,-0.999818980656416,0.528990998728433
-0.091972949332144,-1.000233673374518,-1.000099319875107
-0.761522894828870,-0.999969367590585,-1.000337019691276
0.003659584425008,-1.000201173363032,-1.002392358529578
-0.998377775538406,-1.000136775752438,-0.820859233597410
-0.091922655382529,-1.000168151573722,-0.999865325782850
-0.800547312850173,-0.999747456636386,-1.000035794279957
-0.087027906263857,-1.000002452852616,-0.999596683823531
0.002013732374876,-1.000102522268210,-0.999939471299999
-0.092407273848469,-0.999867749464869,-1.000111901559749
-0.178579588300869,-1.000215586966038,-1.000500199456519
0.921992620165868,-1.000095542689653,-0.999942754827531
-0.084460765127246,-1.000185436278181,-0.999941206167894
0.002013732374876,-1.000102522268210,-0.999939471299999
-0.078704521934450,-0.999473875342215,-1.000056676011968
-0.133245735019566,-1.071259275880849,-1.078794352735002
0.455845920502011,-0.999792670111798,-1.000042986044691
-0.092411790322250,-1.000043698459028,-1.000129095416880
-0.431325447526821,-1.000269658508232,-1.000314073660128
-1.649230202495145,-1.000006100490087,-0.999674909731495
-0.990068201979945,-1.000068059478755,0.979480368208283
0.341901344299328,-1.000095454851261,-1.000441703371964
0.421287572256653,-0.999762066102435,-1.000045492861816
1.064066691115904,-0.999973795250898,-1.130920546476299
-0.085712333639732,-1.000438244673972,-0.999750891242105
0.921992620165868,-1.000095542689653,-0.999942754827531
