0.999871349661557,2.147868095134685,1.051563724028397
1.737759909018090,0.639353134002922,-0.396249340355425
0.999865118754626,1.000376016022466,-0.346787192997347
4.014641370117122,0.999998402935818,-2.070660050352359
4.007037513413319,0.999707481750674,-1.734470822733052
0.999774674786003,-1.997432410826837,-1.047346510794064
0.894121686611382,2.209134872902892,1.131617831563374
0.999938183705726,0.999614696104613,-1.039664964509566
1.000529539524782,1.002791815218922,0.608091844547388
2.068188666954555,0.999540358681026,-2.500410092483464
1.378276714108692,1.000346465047992,-0.855323975882641
0.999977577721942,1.115289515868758,0.235996523810769
1.000013880815294,1.187510941776056,1.157804151799272
-0.015767003540604,0.999719055700242,0.278114974125120
1.000111901027152,1.154231200160323,1.076379733026474
1.000183264368169,2.395669462424566,0.062286287205896
0.999938183705726,0.999614696104613,-1.039664964509566
1.000273594841138,1.365966633212151,1.454927001659491
2.156489562285842,0.999828201892038,1.418671780703366
1.000152543133943,1.710446067234789,2.280852963001176
2.835532587806143,1.000198668380092,-0.638364701276487
1.227642846151793,0.999818413511361,0.066646004382420
0.999938846959154,0.999538444173689,1.032060349122300
1.000316517551369,0.999911947801857,-0.688975307991602
0.999865118754626,1.000376016022466,-0.346787192997347
1.000679251660254,1.000148569684780,-1.368058229527954
1.000054415639440,1.089766304528352,0.159580524292533
1.291304693376959,0.999897120641441,0.507394100090824
2.855088004926943,1.529313335574978,-0.879234774234178
0.301086218174306,2.264994181974165,1.000051170496764
1.000111901027152,1.154231200160323,1.076379733026474
4.007037513413319,0.999707481750674,-1.734470822733052
0.999768526186648,1.000133480407873,0.678366820722193
0.301086218174306,2.264994181974165,1.000051170496764
1.000316517551369,0.999911947801857,-0.688975307991602
4.925768995458061,-1.000373841860325,-1.309471966641766
1.000013880815294,1.187510941776056,1.157804151799272
-2.063566689730749,-0.882045231974947,0.999630848067084
0.788356740128918,2.270376204390631,1.211670358518745
-1.000215559845538,1.029736232073477,0.999985622306550
-0.999846622088744,0.825361823088384,1.000565971734619
-1.353463334792495,2.472349312151737,1.237890929036247
-1.432530564440702,-1.235210191248251,0.543827825278700
0.301086218174306,2.264994181974165,1.000051170496764
-3.299781406125694,-0.885248285071386,0.999902541325415
-1.000215559845538,1.029736232073477,0.999985622306550
-1.000112884283147,-2.401683619258320,1.000142831246165
-1.000235259488258,1.506298413156175,0.999829550231840
-4.415823923610822,3.257527664766480,3.507376388394849
-0.999831564505254,-2.277439788090563,-1.081856065335196
-0.026916105271001,1.635286619323216,0.999733247078040
-1.000130402828413,-0.937952919516279,-0.540565375822549
-1.000097442658376,2.252088756024756,0.999796191653192
0.301086218174306,2.264994181974165,1.000051170496764
-1.106415463891565,-0.286899050220820,2.526926065779914
2.849427546086318,0.088136821780461,-0.259511073060061
-1.353463334792495,2.472349312151737,1.237890929036247
-1.000305856832631,0.032846577563705,1.000284116110044
-1.414759384845442,3.332011490219957,1.305581373609367
-0.999875953186408,0.455219963997104,0.999895062613909
-1.000205812422287,0.038457988069512,1.000344804501075
-0.999942959592319,2.114385022182896,2.207378642139115
-1.414759384845442,3.332011490219957,1.305581373609367
-1.000097442658376,2.252088756024756,0.999796191653192
-1.000110855149238,0.667821401979127,0.999919578471004
-1.000232731477900,1.659271901460867,1.288398920567765
-0.999911916586701,3.102380363708923,1.000162413612550
-0.999946380771727,0.774747156290934,1.000491306325081
-1.000305856832631,0.032846577563705,1.000284116110044
-5.719602993902148,0.064723404968339,0.999644766316127
-1.823839739595449,-0.137033987476217,1.000178111604181
-1.000110855149238,0.667821401979127,0.999919578471004
-5.719602993902148,0.064723404968339,0.999644766316127
-0.999641156419234,1.858673639592398,1.000011911150736
5.369330147937710,-2.234455222505870,-2.038273365319967
3.733501878375878,-1.000087280971512,-0.999950311085311
-3.094434394458994,-0.999852216110002,0.842196966749441
1.107812756303752,-1.576897440865386,-1.767843444396604
-2.272248446287194,-0.999739606062919,-0.999968354934073
-0.999831564505254,-2.277439788090563,-1.081856065335196
-3.263093632584483,-1.158251298832285,-1.236080858946597
1.494700604200141,-4.610688040619150,-3.261666564674020
1.107812756303752,-1.576897440865386,-1.767843444396604
4.925768995458061,-1.000373841860325,-1.309471966641766
-3.263093632584483,-1.158251298832285,-1.236080858946597
-0.422874587397282,-1.000059637896145,-1.000057548720541
3.733501878375878,-1.000087280971512,-0.999950311085311
0.810167842180521,-1.726933262659218,-1.938845258927117
-0.099564630797214,-0.999687293101401,-0.999925686245110
-4.014413520585155,-1.000328150094232,-0.999973367406899
1.678584488651425,-1.000206016036911,-1.000148973020579
2.578198621414673,0.124764799686874,-1.029686760332553
-0.893223683816089,-1.000154363782981,-0.623442809322104
-1.132856252006708,-1.450964887218111,-1.469223798999519
6.044186902111989,-1.693438766138483,-2.199973136746607
3.903144768080522,-0.832281953038352,-2.298549185414718
-1.853015088619293,-0.999956508770749,0.847492622735444
4.078606984318013,-1.423954006337846,-0.999961334994815
-3.575425015859210,-0.999652631421297,-1.000264368819881
-1.853015088619293,-0.999956508770749,0.847492622735444
0.063864688010328,-0.999977457190488,-1.000069804674184
5.365001748845753,-1.651956218362004,-2.337370393837280
-2.272248446287194,-0.999739606062919,-0.999968354934073
3.297070159499285,-1.000315849216468,-1.000094499315694
-0.427840802531782,-1.295972572279181,-1.394929605641491
1.113840683873923,1.057546971315189,0.151299862824750
-0.959755340860386,-0.999788838644315,-1.000054352225103
-2.272248446287194,-0.999739606062919,-0.999968354934073
-1.102894321670342,-2.214111293473815,-1.000127416518890
5.377412415159382,-0.999609222506924,-0.999789286928025
-0.991037386476993,-1.000001373853548,-0.999886638573038
-1.132856252006708,-1.450964887218111,-1.469223798999519
-0.959755340860386,-0.999788838644315,-1.000054352225103
