1.005424761464466,1.000183098601812,-0.853640278460563
0.999602440790809,1.083724449268481,1.479361105075423
0.968444799954728,0.792991524950587,0.973172393918520
0.737968001100370,0.999794498090724,1.620730137786651
1.000096661311304,1.000033218269347,-1.649999823696936
1.000152462465719,1.069096006473285,-0.392318250276475
-0.967937109868897,0.999602716807429,1.831200351044982
-0.808971874800163,-0.297046699605398,0.185492043659293
1.000013092000082,1.000141953180101,-0.285561564553120
0.259125150607163,0.814936718000306,0.599103801282428
1.000412514232999,1.000243834998527,0.110501668684647
1.000131966016627,1.000136787444259,0.201648173452322
1.049532212754356,0.911454204205060,0.356507823687896
0.999534941366283,1.342142729283547,0.112734521447333
0.197253845162668,0.999954012930671,1.040169568004349
1.000150990703084,1.000307656782119,0.150337144903787
1.000115178220418,0.999881732815636,-0.575768174565197
1.000166223233242,1.114114641025385,0.910717702660755
-0.967937109868897,0.999602716807429,1.831200351044982
1.000131966016627,1.000136787444259,0.201648173452322
0.999904382668570,-0.819620729837824,-1.077889933139298
1.000305186514486,0.297872184242639,-0.675476032646359
1.005424761464466,1.000183098601812,-0.853640278460563
1.000125028607175,1.000022542448288,0.072045110699621
0.980536698946250,0.635335728395937,-0.953669894516613
0.492859155071961,0.586386412256976,0.400072587912650
0.999984261549497,1.000029464782894,0.154225578376756
-0.202711070039814,0.999905084361286,1.000257875703665
1.000013092000082,1.000141953180101,-0.285561564553120
0.995061971756484,1.129856211612023,0.955500042034600
-0.811846491826723,1.000338064690073,0.604560162836390
1.000115178220418,0.999881732815636,-0.575768174565197
1.107608078878145,0.999860615384198,-1.533428521733272
1.000056542932728,1.000007273664352,0.065909510253639
0.999648055849220,0.605331940925869,-1.045299522274931
1.000013191350452,1.000177380521744,0.084644816201281
0.989813713576511,1.145397194922628,1.000000049562590
-1.000337730103725,-2.219934693922611,-1.367402766603431
-1.000003134433963,0.186738342972999,0.999732727139578
-0.202711070039814,0.999905084361286,1.000257875703665
-1.395990322955215,-1.895029402360622,1.000405774213470
-1.526600227487473,-0.298309111304544,1.150591475713601
0.920721424738839,0.480229862670582,0.433027716828944
-1.011679103423412,1.126764166082732,1.127898166131041
-1.000209669030284,-0.574343570207122,0.807489597563454
0.887273356686545,0.766243462950800,-0.537888381534162
-1.001245407121362,-1.040193213028082,1.030343208057598
-0.484122961427285,0.149829256360999,1.000081161744693
-1.001245407121362,-1.040193213028082,1.030343208057598
0.250039003394064,0.858835709338108,0.711479588489338
-0.999813661638398,-0.145703054651987,0.999826084198349
-0.202711070039814,0.999905084361286,1.000257875703665
-0.859747116810552,1.153337064798480,0.999969595137896
0.196165288797965,0.984014306757228,0.999760939164540
-0.999632338476697,-1.053294799024250,0.999632643507112
-0.999806709510904,-1.046666783262997,-0.956980404065389
-0.999754415827700,1.084734271980367,0.999961154538942
-1.000256070644693,-1.090929131202945,0.999820305218023
-1.011679103423412,1.126764166082732,1.127898166131041
-0.999754415827700,1.084734271980367,0.999961154538942
-1.000272807969862,-0.246422251155669,1.100220849112956
-1.031478543443828,0.268461453423341,1.137165567997884
-1.000256070644693,-1.090929131202945,0.999820305218023
-1.031478543443828,0.268461453423341,1.137165567997884
-1.000003134433963,0.186738342972999,0.999732727139578
-1.000404379543029,-0.022915289578106,0.999734336246263
-0.999632338476697,-1.053294799024250,0.999632643507112
-1.000271634994931,0.647646800414140,0.999973976093208
-0.999663416091810,1.604949931029216,2.298626753949452
-1.395990322955215,-1.895029402360622,1.000405774213470
-0.999483226441098,-0.232123341217714,0.999919842923929
-1.000190252417112,0.228940523298823,1.000399428411110
-1.000271634994931,0.647646800414140,0.999973976093208
-1.000408986975085,0.301231631565940,1.000070722425455
-0.019165194439994,-1.000088360474496,-0.999923427854759
-0.603801235309579,-0.999933371001245,-0.999921997607878
0.990171133793412,0.620367205386958,-0.999544267491600
0.255082110920149,-1.000435079374378,-0.999918391999478
1.166636369857000,-0.999763675401061,-2.770362946036968
-0.995324881375355,-1.063275800796285,-1.000098073523177
0.291112984827440,-1.000045937199209,-0.999694012885019
-0.810633497518898,-1.000474036457813,-1.000254214216663
0.922589877912357,-1.000478635505294,-1.521484395497499
0.797641691967732,-0.104748018044630,-0.567883404248907
0.999904382668570,-0.819620729837824,-1.077889933139298
1.022150629622477,-0.999928132063783,-1.578734905416690
-2.022379605665728,-1.308400256468226,-1.000108244946397
-0.518269077902149,-0.999997203159802,-1.000151757234654
-0.200677166374888,1.029773025254640,1.071947324324901
-0.543590908786751,-1.049641944293568,-1.141865792892751
-1.005790683434508,-2.203462624523329,-1.323965691787149
-0.295429205390586,-0.999677617556821,-0.999615873773301
0.533182666952756,-0.999848176156990,-1.214009711279514
-0.301891261785820,-1.152507206613282,-1.350923192426103
-0.810633497518898,-1.000474036457813,-1.000254214216663
0.969575429173163,-1.000010768111897,-1.000326744646096
1.011026429103224,0.149183498983002,-0.999822177735963
-0.555808231810094,-0.999937702879850,-1.000441255896722
0.209275514094368,-0.999947389097085,-0.999449252121781
0.246386449071689,-1.000430546636095,-0.918465913646205
-1.005668522518004,-1.000042694030092,1.122275319370186
0.990171133793412,0.620367205386958,-0.999544267491600
-0.420832354223171,-0.999882849291047,0.512214345785702
-0.088154754903763,-1.000046740784956,-1.000223757201969
0.533182666952756,-0.999848176156990,-1.214009711279514
-1.086981997703372,-2.337415522704981,-1.806301295090732
-0.603801235309579,-0.999933371001245,-0.999921997607878
-0.907633802253798,-0.999952066554344,-0.518039691617283
-0.518269077902149,-0.999997203159802,-1.000151757234654
-0.810633497518898,-1.000474036457813,-1.000254214216663
1.022150629622477,-0.999928132063783,-1.578734905416690
0.969575429173163,-1.000010768111897,-1.000326744646096
-0.985546797990124,-1.000020494369875,-0.858916488608763
