-0.893483473602313
-1.468074668488184
-2.041631536254573
-1.641593426946230
-1.554303279574652
-1.867144061639239
-2.040889851483652
-1.680727929390008
-1.073903670210212
-0.745620000197015
-0.773045865151689
-0.040707641805892
-0.040889851483652
-0.504897020702140
-0.545222785987422
0.379408509761531
-0.619299050213986
-1.313396645941724
0.608436265374859
0.829678997060915
1.838639130070890
1.309438052008363
1.536926008891591
1.309270036801619
0.171736553321100
1.144092418788105
0.289749316378540
