-0.281348255601337
-1.363152303162805
-1.429688099909210
-1.601369291621364
-1.531214063990497
-1.461105186611013
-1.260389366159300
-1.351913260324345
-1.704288471450278
-1.298546380274107
-0.219281678485441
-0.062555328061524
0.098308308976812
-0.399446972574323
0.123108507691825
-0.130964447272679
1.272046560571622
0.397894512223736
2.610873895546586
1.938939273512382
1.253573029450518
1.869035552727321
0.952665926083391
0.655419046938924
0.677350224941790
1.901782942080510
1.843400257410384
