-3.112410240510736
-2.742884640534261
-2.742112511069646
-3.440900990138175
-2.743050925351648
-2.742813101087213
-2.742742367742163
-3.472862539355993
-2.496951061955889
-0.742244291039175
-0.514560005494686
-0.073146523982770
-0.741667425583298
-0.741859336425087
-1.095465850776723
-0.741774208614284
-0.857271440708501
-0.742461422178111
1.257434266358237
1.038069887035777
2.499803187998466
1.257755708960825
1.560826711827063
1.257937934689320
1.257471649704811
1.510234540320107
1.853969417843254
