-2.097595336765125
-2.054486794764706
-2.069847467256591
-2.164165019087720
-2.069368076557236
-1.566446012719210
-2.042123898942781
-1.588765126232301
-0.725533035512987
0.418821092530671
-0.568423743224900
0.207168357262302
-1.427037180510437
-0.523650585820034
-0.070301710560183
-0.725533035512987
-0.979431849545628
-0.194558983778113
1.899178968601754
1.274219954410193
1.120984843998687
0.578754030139292
0.995697340606614
1.235926789454616
0.361470399419116
1.370309598054457
1.274596865491916
