-1.548568349113381
-1.359206755681084
-1.541866640981426
-1.282290652063427
-0.649918211972436
-1.619331978898094
-0.493932523741304
-1.619275207616731
-1.619682308532111
-1.330088742295628
0.199220999373172
1.170437356364766
-0.106757167624300
-0.519936740360379
0.289411935733402
-0.189932125459963
-0.348261463396778
-0.189996611109947
2.430750139058959
1.867460244579574
1.810346009307547
0.381054277547370
1.810003388890053
1.809889541423764
1.278628213182328
1.762096970883304
1.810707767836740
