-1.551972406713018
-1.594359717243616
-0.657288184606974
-1.030679393552256
-1.593937957750611
-1.594334796545881
-1.594359717243616
-1.438179848504016
-0.928652558109241
-0.425762237382073
-0.253978434896500
0.405795490055220
-0.526198096640540
-0.372498555642130
0.406447215213009
0.484505128460056
-0.050284945878733
-0.190492237928877
1.575017228040311
0.650255833841235
1.499562686721602
0.706127523768399
1.541068858516178
1.345601166723213
1.439923590374803
0.820606409510408
1.714292975217242
