-1.934480236759164
-1.934569675813877
-1.724010489194640
-0.723955728398826
-1.827381255515721
-1.934622950087746
-0.877153128924450
-1.753752791193349
-1.934480236759164
0.969308048527488
0.065874506816601
0.065408573919663
-0.660721642471463
-0.350148797779613
-0.175250487997094
-0.310789165626407
-0.744195225130117
-0.550737370347200
1.840341592797188
0.429459855877303
1.638635857573297
1.548574623571694
1.682605985164427
0.944904228291358
0.613862443033694
2.414032062257178
1.527928511580891
