-1.590569326245394
-0.656111690455589
-1.358730242322796
-1.341309293833937
-1.027451252439555
-0.471880939424937
-1.659453098188986
-1.220562327697053
-1.658892714114802
-0.371758574154486
-0.371758574154486
0.794526998114234
-0.675971115612207
-0.131865993193539
-0.265391888795113
-1.089829004575414
-0.102525368210474
0.341087501516216
2.129675679353939
0.774615258130920
1.628623367890421
1.430503271546135
1.627933597046571
1.628372596264967
0.844384633045550
0.497765660768149
1.386038408610599
