-1.450169590412385
-1.566956171400491
-1.530208412450420
-1.669835080616973
-1.838316433259301
-1.331340137227539
-0.421386916078147
-1.722344060610492
-0.537433227462248
0.214089930458190
-0.208408663982794
-1.002561967207944
-0.694339786120096
1.102504009011875
0.023971102153187
0.277655939389508
-0.114487554550983
-0.217713976702141
2.669007806235584
0.908003607044600
1.782241914016770
1.758663194578840
1.062796658790754
1.781604262042091
1.587727573552570
1.946987702608665
0.656646337636847
