-2.720104822122608
-2.720068722708264
-2.719994308847751
-3.191405797891763
-2.720066436527811
-2.719945308110338
-3.825362919618502
-2.719602934504443
-3.310954894792148
-0.719593088107770
-0.719637078682285
-0.720513764063466
-0.719776933069090
-0.719615489208950
-0.719393375362275
-0.719593088107770
-0.720261655710326
-0.720408784067754
2.159006004402324
1.280084690380993
1.279704195896344
1.668397718677411
3.199136707070702
1.279848289994558
1.280370534783044
1.279781231721226
1.280567898147621
