-1.539403804711859
-0.473263145300239
-1.461898159437346
-1.145760053863428
-1.297428930024909
-1.178904183365760
-0.696847817162555
-1.540004820877028
-1.214191466771843
-0.176193868257483
-0.642771942289329
-0.192539960336447
0.713914089013386
0.460596195288141
0.256722317232327
-0.772414357184173
-0.202327641864227
-0.512042403451857
0.711005146913497
1.478348651436062
0.793598687067725
1.260354845495218
1.526345749103370
1.527042643073289
1.321963008555504
1.312170888304970
1.526503118610052
