0.691233396442566,1.065904889670295,1.259256408328716
0.784797439727029,0.999781445126745,0.894508642210109
0.999881384457404,0.999424826996915,0.874664980920511
0.512604213611900,1.000148666686261,1.195249987629088
0.089835992371540,0.900520898633534,0.850905804358746
1.000331920140739,1.255332301126846,1.157398599625709
0.071925667298170,0.928953217321184,0.905475645708643
0.634783950923857,0.999781727783508,1.193865860305255
0.777480240283830,1.096076383336847,1.328244668251563
0.791150640265298,1.158597796069645,0.999889008243094
-0.977022490379126,0.312427400584191,0.945384887224306
-1.000093631565213,-0.603716566261120,-0.448159593543354
-0.461340337823956,0.581114394338573,0.852957894794299
-0.408973950961075,0.804537668848433,1.023283605982269
-0.920964684488623,0.218400986101160,0.587825968014112
-1.000119718949061,0.569798527590762,1.038030616177403
-0.360758872496713,0.608811969343571,1.000224191460540
-0.963672203198373,0.654668367170637,1.274265351820027
-1.443826473321322,-1.427781972831832,-1.400678357469638
-0.894385991108737,-1.078694373262670,-1.175059102408506
-1.147000618550843,-0.999706716416060,-1.000110421743782
-0.301118790469759,0.197222788161763,0.218074860343678
-1.109370807801926,-1.000057792061924,-0.999700371721171
-1.124407027692741,-0.999700412812392,-0.967036786952761
-0.926605825308958,-0.684077462341841,-0.483293685599427
-0.751517906642077,-0.999973294797836,-1.118671421305651
-1.092117438579936,-0.999699071553600,-1.000302593604819
