1.000370135465187,1.000151671980604,0.944564092003949
1.000341626677260,1.000125870311602,0.164633413767210
0.999954119129851,1.385801135266320,1.572279883756663
1.000107046878987,1.144714294597431,1.404832737469397
0.999824727382841,0.999299841093093,0.133677975985660
1.018967353941231,0.999778117483994,1.038088542489873
1.471072708494524,1.000037155715267,0.948966376848711
0.999601968017223,1.000023198837404,0.681777610392037
1.708211339220736,1.083625293330569,0.907272796150198
-1.201865569657881,-0.951260475339222,0.999762727344890
-1.000392869123763,0.107444872628082,1.000228709845682
-0.999689655218896,0.949010817811666,0.999711352647567
-0.999805652911915,0.588714591111346,1.508939129021073
-0.999728614471431,0.245515850544407,1.280103111563776
-1.000242644874691,-0.622270090371887,0.999854677220751
-1.000292981980672,0.581088464710874,0.999933677626846
-1.000046370107011,-0.881411059159492,0.999974471262268
-1.200337721336832,0.185460896344871,1.601513567796622
-1.094214687154220,-1.869158467910829,-1.285020879409510
-0.108147805528567,-0.999828934116696,-0.999402522824183
-0.891786475304038,-0.999962895542400,-0.999429045614087
-1.028918175832817,-1.595647704704767,-1.026944428822862
-0.327540471604971,-1.689749302309443,-1.974834789400656
-0.953627641079318,-0.999733302238913,-1.000238169398995
-0.753638287228962,-1.365151188213704,-1.160964234009056
-1.195540388593935,-1.384417742586115,-1.000152184480635
0.294185969511184,-0.999891126597379,-1.000245843178482
