1.000058763624457,1.000406641981428,0.142218553946623
1.000193666472818,0.999722221084181,0.364374362013024
0.999515852234359,1.000387204481267,0.091922637655149
1.000301352524408,0.999763239333766,0.008744792359918
1.000148488353168,0.999765920119849,0.189432071594142
1.000030309909583,1.000328184147773,0.006689555663812
0.999616329579757,0.999973246732887,0.421356750103911
1.000208614204186,0.999973765304227,0.092166946447338
1.000066768237149,0.999559949854423,0.064419340282642
-0.999951101315354,0.034960125317097,1.000231001552511
-0.999925188596421,0.184690478861303,1.000359746615491
-1.000330603132507,0.174650905651945,0.999657561022389
-1.000019527189073,0.232925593985135,0.999855444654408
-0.999933216013168,-0.705058103933401,0.999556147218113
-0.999497984037723,0.495935896872183,0.999487527480181
-1.000024871401708,0.169415642785287,0.999841090364748
-1.000416923531709,-0.627298975101686,0.999969326802660
-1.000040766952744,0.160664569188943,0.999959036307737
-0.154289131162032,-1.000026234141164,-1.000085795919317
-0.201616912609370,-0.999673591129593,-0.999582840204992
-0.104480189376815,-1.000535391695679,-0.999993489195257
-0.108250761619866,-1.000336058117603,-0.999742845856853
0.041138884922997,-0.999829894656922,-0.999719974508439
-0.072751905615537,-1.000047790375421,-1.000144561089596
0.048038006324922,-0.999566154406685,-1.000161557842699
-0.453950912483703,-1.000186375981046,-0.999591154808352
-0.122337815510551,-0.999678858500691,-0.999894623083040
