0.807025499463109,0.999791874122135,0.867987212842179
0.432724373425588,0.967223974511783,0.942526643293813
0.033005216488207,0.868349194899171,0.843301378982133
0.528909454607821,0.999937187188899,0.977827244369443
0.984998517651626,1.298883260378761,1.196817112348034
0.531845733173516,0.999791685358240,1.190635183233889
0.999898919500645,1.099156404777084,0.778185638646919
0.815531842571769,1.169986262823536,1.364533783890680
0.489105856272087,1.106511158724907,1.402874053016569
-0.762213842159585,0.176063608660137,0.892381921095745
-0.908709701540002,0.052235148703840,0.635717310505615
-1.000100170522271,-0.727715706884604,-0.443511770519813
-0.999564556881052,0.255493891272112,0.999792180142170
0.707363703012295,1.219817151149825,1.000594689277001
-0.388684369579022,0.442123760499852,0.819122639308659
-1.000234018636412,0.256201014924653,0.999800140049423
-0.247167368832053,0.655205703678521,1.000325664457158
-0.167935328775358,0.626124400951520,0.999688148607756
-0.681137265077044,-0.999510364636700,-1.104029807250765
-1.315779950312538,-1.094860815262739,-1.000201235918304
-0.881142634955288,-1.145462922259593,-1.141451456996681
-0.963078158271288,-1.000008828516911,-0.986135350675728
-0.933582857546831,-0.744781003261650,-0.458971805096759
-1.612654080667049,-1.651982012658106,-1.428923594147008
-0.908039642129219,-0.276106240988754,0.294572073735217
-1.070310389468419,-1.021802271877099,-0.958766804058842
-0.748196351039149,-0.165635735265810,0.043698527617456
