0.999894606317296,1.000051303646961,1.866429111068264
0.999579300983667,1.000051430512407,1.336524001253531
1.000282701841742,1.049469441859461,1.886299590643359
1.298011319563546,1.068675777493389,0.986192316864474
1.129867384632888,1.000174457694536,-0.430565207038901
1.000267440702958,0.999825366259274,0.929850342433088
0.999805581509023,0.999862005420738,1.204717600339572
0.999755603261991,1.000238655278522,1.615714520639843
0.490556330138791,0.999968886832994,0.240210617702898
-1.273143590183574,-0.742562139938173,0.812056322099084
-1.000318054994947,0.146878366729714,0.999876964868255
-1.000021330564102,-0.619454094552770,0.999678498800413
-0.073318620525001,1.131290078668722,0.999990184362397
-1.249273024966540,0.073394102644712,1.567460464220137
-0.999561717131375,-0.589074054551999,1.000025751307205
-1.000111358882795,0.289606882915647,2.233242337292822
-0.999465098184393,0.798469896374857,1.310098786044281
-1.000110596446809,0.240554654375894,0.999980592797534
-1.579781989142449,-1.739469577571248,-1.000012417654447
-1.551172491844371,-1.193988473988296,-0.999844230082045
-1.183641595693040,-1.000195007165072,-1.000019604550999
-0.785503484076351,-1.000299015863554,-0.999740893595390
-0.651434888202278,-0.999779554113788,-1.188370022595990
-0.733079139113714,-1.157435375470831,-1.496712720088784
-0.937157576917274,-0.999898568750048,-0.999763914161455
-1.036758252945039,-1.241382663020782,-1.204707185248752
-1.189567680777650,-1.329432585891337,-1.000169827124422
