0.957693755902980,1.000111013852229,0.059727907643004
0.999676820485587,1.000307753320994,0.180759174094181
1.000416046988818,0.999781760211491,0.115089950690323
0.999789068167184,0.999673955944227,0.257882530101286
0.860975408703994,1.000051767488211,0.364570285103504
0.999947032244675,0.999828167475883,0.193475279339322
0.999597573955082,1.000026011294179,0.234056215234023
0.999985211789125,1.000327189652902,0.457360953700262
0.999754793916723,0.999549784925877,0.186145817748008
-0.414684895442809,0.504818828780775,1.000097444345685
-0.999666393696550,0.128387993365665,1.000097439462261
-0.999744668579367,0.101130677512883,0.999817790220976
-0.999840178285341,-0.019354736805781,0.999923459039902
-1.000141545014329,0.154936304931548,1.000111009942888
-1.000026062425025,0.072230953513969,0.999899879376844
-0.999707281132656,0.089623970990538,1.000147775341460
-1.000014803265793,-0.792956695246375,-0.048654787055727
-1.000025603212419,0.025949338336677,1.000018063161733
-0.129071685245171,-0.999612119951635,-1.000276677414539
-0.204970864186018,-1.000337532426234,-1.000300680766627
-0.437874094148207,-0.999943033919356,-0.970169087698680
-0.250028288718547,-1.000423288084699,-0.999988022769461
-0.128667140155671,-0.999612134531576,-1.000007069769263
-0.130901540408711,-0.998479948756746,-0.898687029894490
-0.200694795815131,-0.999948232413606,-0.925455919519369
-0.200274574660530,-0.999644331800361,-0.999664436989342
-0.513716989661535,-1.000136743790496,-0.999875983042182
