0.591969317679759,1.193993505373068,1.512443586517521
1.000467429155686,1.000275383375825,0.871765678496167
0.615238127534396,0.999773520055959,1.257007142621450
0.448596607631485,0.873773515860688,0.677629412331834
0.691135226074439,1.000038007821374,1.341976284978622
0.999774909232987,0.999937069581286,1.097365288492795
-0.046506336933943,0.723510146299876,0.843901862288984
0.247890631098434,0.629773260171687,0.535393247282435
0.654686149417668,0.999937336520580,1.326619997841939
-0.939906914797454,0.433155774900131,1.010927785703208
-0.774879685808045,0.404085082862352,1.000190040406771
-1.000227927085193,0.276656560969624,0.999934302215303
-1.000225924636432,-0.655549782917548,-0.407031838200958
-0.248839947323437,0.334139411871744,0.565979828671775
0.061743893125696,0.839550847294858,0.999538834616766
-0.805027264850862,0.581206131881537,1.312209060973756
-0.999788941701956,-0.081985392284096,0.523502806905852
0.746477454078038,0.829354242280721,1.000403796282451
-1.279362790968379,-1.427759461728133,-1.233338791561963
-1.262478813949105,-1.289790574169023,-1.035387086549733
-0.913577907682215,-0.607354943474440,-0.335420654057446
-1.122170046880107,-1.029467743427325,-0.957596734136740
-1.085425199500159,-1.218469470739924,-1.287248397395662
-0.268763227349234,-0.289198516654306,-0.261578298089651
-0.553372619099297,-0.557974597912015,-0.460513571081595
-0.702263323305125,-0.999836894646355,-0.912378390319259
-1.157917808147119,-1.000126766184244,-1.000067057754843
