1.350813065988428,1.469427985238476,0.676461616399659
2.489003230367880,1.358815180973955,0.289743266099328
0.999831520069188,0.999649135257097,0.517163976175289
0.999831416550601,0.999650692976356,0.672204908138620
0.999682619864766,1.472988554015473,3.447481253453427
1.056429665421982,1.185924326623462,1.892726687543809
1.354349076020947,1.838603752145415,3.630604247940321
1.117703851421917,1.000169129322443,2.246512510367387
1.000152919489205,1.000325947334346,2.210485337240256
-0.999882206762342,0.544478716637757,2.283529303413089
-1.000242429921022,0.127594899094506,1.496027136816777
-0.999570969851581,-0.255026051854219,1.325229869647002
-1.040042111960792,0.599451808189112,3.779760508900504
-1.087837868712887,0.346344894376260,2.910255161156437
-1.621304836436996,-0.730566008162085,0.999790354119240
-1.258211124209529,-0.309710532241722,1.000378198085125
-0.999809801945565,-0.207628397360141,1.000170530166001
-0.977840733873299,0.051355017359064,0.999543438133495
-1.727936315333883,-1.200736764020703,-1.237380720104662
-0.809799906785306,-1.000108368756088,-1.000195761198510
-2.267157471600390,-1.394001486526006,-0.999857762638894
-2.585582051873308,-1.000192213335078,-1.000213598056946
-2.296638235119920,-1.128216476021310,-0.999964390541558
-1.895439506196785,-1.495911103309409,-1.538940149447329
-1.287210672721477,-1.178291347906939,-1.617022186656869
-1.069051066851577,-0.999498704097256,-0.999661462248146
-3.107345239702076,-2.067848756596419,-1.044360204019335
