0.060744924109661,0.580074205760739,0.853577286775772
0.382826543076424,0.655918800025113,0.519569202610192
0.701967406592372,0.800732487775392,0.920624740565136
1.000035027517374,0.999972423807383,0.859843601658075
1.000224438655282,1.154360685844134,1.287686653297096
1.000034794341653,0.999627628095620,0.968255721162232
0.701404513638167,0.999972591895227,1.262267218597295
0.939886347693236,1.169205375833108,1.459399758485238
0.431341805389243,0.575875097499698,0.516711520272305
-0.444527373615953,0.625525088968691,0.999540156394297
0.800192746743008,0.890523017231283,0.946272372134224
-0.793353107895985,0.316453192841545,1.000365752853303
-0.948212631201159,-0.603000798268940,-0.079553765996985
-0.471524929368927,0.566280455513095,1.276565825267446
-0.930132374957665,-0.023058463792944,0.561160344099389
-1.000294925422153,-0.674177475221360,-0.119662878767053
0.068616255969729,0.658236007901784,1.000304081191540
0.010410782919759,0.209551368795676,0.472452561466891
-0.968657216840374,-1.066730962074939,-1.000104241921174
-1.145256593013054,-1.384530864671672,-1.000103131079032
-0.416752864383165,-0.950002149225334,-0.901979664515816
-0.937630117061618,-0.620805152216167,-0.096848453609360
-0.376225243573002,-0.572646786622613,-0.395435902461602
-0.067490113576847,-0.326395726081690,-0.309395051821531
-1.528920282265915,-1.766827763676056,-1.300184359570184
-1.069356288234742,-0.999572256404506,-0.696035374927375
-1.109951898830685,-1.186815418009989,-1.033760423074249
