0.851917840693054,1.026203603172615,1.138266187610249
0.999962466134778,0.999801177719141,0.839550633108898
0.605316829375200,1.007736182929732,1.270197962439030
0.806812884261696,1.000210943568362,1.194334010277954
-0.259709585141274,0.786214214567901,1.016268062257217
0.705298299174507,0.932899985865861,1.028375280398139
0.999726860765318,1.282140570854832,1.404799361752144
0.509306827963999,1.024189867150046,1.270038060531443
0.087031338934834,0.818242077788472,0.865566683433285
-0.064738703330130,0.824751111867995,0.999625469750014
-0.999414176247998,-0.529162149580095,-0.285293006499145
-0.919508099389032,0.241755063218600,0.999955114212986
-0.487264510394268,0.466956263748744,0.800949187253317
-0.911050701369980,0.563254175813404,1.403700285874918
0.582852421750876,0.923352216596293,1.000105042556502
-1.000274224509219,0.323938433320828,1.011048360605086
-0.893494724026966,-0.033376778608383,0.523830227438582
-0.983433309169297,-0.088355125026565,0.689270862316584
-0.945277089792721,-0.620003223095464,-0.452728453760233
-0.994468689966758,-0.617846605462331,-0.327787521747657
-1.126996392174122,-1.171002266718240,-1.170969854473865
-1.243311269531820,-1.000225962977435,-0.949766378164326
-1.334446003915468,-1.129469915584755,-0.999699150999322
-1.276274657608290,-0.999788358855255,-0.999944183116859
-1.895726024051368,-1.600236942142241,-1.313555164297575
-1.450269624148701,-1.172250973276664,-1.000043636101395
-0.932054018848679,-0.423329429388060,0.217785989068683
