1.000050014968503,1.000285122759518,0.136921827239569
0.999588362689579,0.999701132344292,0.084714053018119
1.000226784701542,0.999986950843488,0.168809670922043
0.999741779032020,0.999928100013287,0.153820471621838
0.999896402664944,1.000104065365206,0.173007060459179
0.999946015139620,0.999453504160529,0.443704150847364
0.999896399311019,1.000104061927501,0.124876554826079
1.000050303058934,1.000105374604951,0.241496670203487
0.999776325196166,0.999996122844562,0.596951958290370
-0.999672551658663,0.025158871439512,1.000012362679821
-0.999751171864330,0.155069399795421,0.999978821253461
-1.000200594693713,0.150098953582339,0.999985711264029
-0.999992137258095,0.476567724310764,0.999882900066548
-0.999742857452206,-0.724347713820982,1.000129881623778
-1.000003661498669,0.302219011423590,0.999904387160046
-1.000276111208198,-0.214599346097619,0.999703620596956
-0.999789744342142,0.182988536343022,0.999706955486082
-0.999743525694556,0.159928397673630,0.999636300116844
-0.134259238643571,-1.000042968774018,-0.999914276335936
-0.214110171713745,-0.999895258685704,-1.000014286980127
-0.141780061952494,-1.000291972990289,-0.999635944740287
-0.534787212278443,-0.999710281779416,-0.999889690999157
-0.434457297256315,-0.999641676554803,-0.999856949633189
-0.252752346331758,-1.000334242330022,-0.999988836302895
-0.143980275856800,-1.000068660274405,-1.000171339415928
-0.130341314733462,-0.999811713628883,-0.999546007550713
-0.272386232890201,-0.999867639434454,-0.999923649469674
