0.540464416369808,0.597372886619141,0.226345755377265
0.777804209331855,0.999943069501530,0.936469820156232
0.999920797844249,1.195311270359774,1.092712120717870
0.790351677096050,1.031242569401897,0.965195472189081
0.613246586387474,1.000461162644049,1.018685610676304
0.974624882645730,0.999997157059605,0.897488618099937
0.999945654367523,1.234027376117741,1.193243120337300
0.999921370791709,1.000044360567106,0.745846875253273
0.519441794525936,0.683591670060103,0.302798549559135
-0.636951256295168,0.547073180822563,1.070823839845362
-0.602139190434703,0.555783249666089,0.999962725628157
-1.000137693226602,-0.161348329136882,0.610726130593349
-0.999648738464376,-0.063388905192182,0.525083091829670
-0.598678065588989,0.190640982304700,0.655007630766889
-0.970013245293474,0.368912800585719,1.044468035789061
-0.895756367529802,-0.475478392527762,-0.303640506347195
-0.855250838346007,0.408940621702323,0.999951740675865
0.637613336931958,1.013126836190335,0.976728239546532
-0.603928773057008,-0.600531146115456,-0.616328317550879
-0.410233097908303,-0.879141544363787,-0.928656638665583
-1.598654421180542,-1.664205648344082,-1.374640223053331
-1.084875371831625,-0.999954183614872,-0.999912869891838
-1.271041922350585,-1.286761247040774,-1.162084883509587
-1.291907856555893,-1.182967282227827,-0.999913290485882
-0.065527491079764,-0.301051111862620,-0.452203023564879
-0.999012128514474,-1.000490200259202,-1.000086690469507
-0.779819249198624,-0.554978967394543,0.019882610405107
