0.999750603585986,1.000322979167701,0.635311862517308
0.999884799878911,0.999768374376173,-0.903604270690654
1.000010191645162,1.000263683935559,-0.446025611190984
0.999557634968951,1.000221668732153,0.129891581912771
1.000299654734867,1.000071979009580,-0.661122819823135
1.000362565122949,0.999895219552634,0.129891581912771
1.000191926001726,0.999930976338502,0.128034942617899
1.000194452127796,1.000221668732153,0.129891581912771
-0.035260116257441,0.999894540671172,1.000133250345995
1.000191926001726,0.999930976338502,0.128034942617899
0.999557634968858,1.000138806411116,0.129891581912771
1.000010191663362,1.000426249443789,0.129891583705572
1.000532850901845,0.999880500782683,0.232278078113837
1.000532850901845,0.999880500782683,0.232278078113837
0.999914723820081,1.000043374604060,0.129891581912771
0.518560618687181,0.999898473085956,0.995260791090482
0.999923360896002,0.999536997411954,0.129891581912771
0.999557492123391,0.999536997412006,0.129891581912771
0.999923360896002,0.999898550468920,0.121823961456542
0.999923360896002,0.999942270662610,0.129891581912771
1.000362562026420,1.586744717461251,-0.192627481921478
1.000488073960571,0.999895297258431,0.129891581911129
0.999923360896002,0.999536997411954,0.129891581912771
1.000041732962420,0.999999982575899,0.129312238791941
1.611452967800310,0.999902394968574,0.980863255820403
1.000299654734867,1.000071979009580,-0.661122819823135
1.000182100126075,0.558409546608204,-1.129305331377413
0.999761820540406,0.999898552183151,0.980935320697603
0.999923360895780,0.999895219552420,0.129891581912771
0.999574018576139,0.999899076017824,0.129891581912771
1.000041732962420,0.999999982575899,0.129312238791941
0.999884799878911,0.999768374376173,-0.903604270690654
1.000488052043578,1.000426249443789,0.129891581912771
0.999557534240961,0.999880500304992,0.129891581912771
1.000362565122949,0.999895219552634,0.129891581912771
-0.035260116257441,0.999894540671172,1.000133250345995
-1.000085276179919,0.002720776057800,1.000196265491777
-1.000442365031473,0.002720776057800,1.000149634311828
-0.999628731731004,0.002720776057800,0.999548851605111
-0.999938251736126,-0.002089009030922,1.000088845046819
-1.000076678901539,0.002720776057800,1.000118254477701
-1.000085276179919,0.002720776057800,1.000196265491777
-1.000425981423860,0.002720776057800,1.000117681745369
-1.000141056249866,0.002720776057800,0.999548851605111
-1.000159778135411,0.208251355959298,0.999594887187792
-1.000076678901566,0.002720776057800,0.999942746126530
-1.000101791212978,0.000851052871952,1.000171534446513
-0.999964180699928,0.977917800130179,1.000117681745369
-0.999513064812668,-0.977639482046389,0.999958342269542
-0.999513064812668,0.002720776057800,1.000170121948838
-1.024441392669574,-0.950775982489118,0.999750260021328
-0.999965391010438,0.405003833284059,1.000081786066542
-1.000159778135411,0.208251355959298,0.999594887187792
-0.999958279320585,0.002720776057800,1.000118254477701
-0.999938260613155,-0.914299270468685,1.849787074443254
-1.000115200107063,0.002720776057800,1.000199439184687
-1.000083786668019,0.006719038282305,1.000176603913677
-0.999965391000019,-6.322737155634264,0.999593090643662
-1.000442465759039,-0.028089063072655,0.999945109398262
-1.000218162637583,-0.977715790663549,-1.633798447020313
-1.000085276179919,0.002720776057800,1.000176603941003
-1.000083786668019,0.006719038282305,1.000176603913677
-1.058572711178084,0.113463930884157,0.999594887160555
-0.999938260613155,-0.914299270468685,1.849787074443254
-1.000442365031473,0.002331091683358,0.999918837180140
-1.000076678901556,0.002720776093017,1.000300576442805
-0.999513065052629,-0.999917814155764,-0.999699423578868
-0.035260116257441,0.999894540671172,1.000133250345995
-0.592787625765334,0.988875413235743,1.000143232071365
-0.999628731731004,0.002720776057800,0.999548851605111
-0.999513064845317,0.002720776057800,1.000476137028928
-0.999513064845317,0.002720776057800,1.000476137028928
-0.035260116257441,0.999894540671172,1.000133250345995
-1.000076678901566,0.002720776057800,0.999603320143943
-0.038420160834860,-1.000278062348581,-1.000117633522193
-1.039555964979463,-0.999814640993070,-1.000253801193169
-0.036784394756276,-0.999956625395940,-0.999803734508223
0.543509687372557,-1.000025651719373,-1.000081162833057
-0.036784888186573,-1.000104699585931,-0.999790981660863
-0.036784394756276,-1.000118785734642,-0.999921968620935
-0.035080411034451,-1.000118687965268,-0.999761441729335
-0.038410362679010,-1.025764200958111,-1.028749611329370
0.543509687372557,-1.000025651719373,-1.000081162833057
-0.037159032282333,-0.999641313173810,-0.999857102580162
-0.038043348625236,-1.000278062258785,-0.999759982676448
0.002504436229412,-1.000091833329833,-0.999781090198541
0.491101991484403,-1.000018540180118,-1.000057205300997
-0.044897842549658,-0.999739897661709,-1.000094629220716
-0.036784394756276,-0.999778316287286,-0.999969474821999
0.911646702021990,-1.000097918244041,-1.000418071233187
-0.038420160834860,-1.000278062348581,-1.000117633522193
-0.243859236495408,-1.000102415663539,-0.999642079575417
-0.999513065052629,-0.999917814155764,-0.999699423578868
-0.035302897241972,-0.999911058877722,-0.999692188046021
-0.066390959896370,-1.000102415483352,-1.000047927895361
-0.036784394756276,-1.000100923982175,-0.999921968620935
-1.039555964979463,-0.999814640993070,-1.000253801193169
0.861283713759360,-0.552967994492632,-0.999969469422327
-0.036784394758694,-1.000025696601843,-1.000304894482868
-0.999513065052629,-0.999917814155764,-0.999699423578868
-0.036784394756276,-0.999778316287286,-0.999969474821999
-0.978291673103536,-0.999736612394458,-1.000090401875974
-0.036784394756276,-0.999740301921062,-1.000293458421158
-0.036784394756276,-0.999861195113141,-1.000054892855614
-0.999513065052629,-0.999917814155764,-0.999699423578868
-0.036784394756276,-1.000100923982175,-0.999921968620935
0.491101991484403,-1.000018540180118,-1.000057205300997
-0.036784394756276,-0.999739301561403,-0.999819505382283
-0.036784394758866,-1.000050447131749,-1.000304894482868
-0.037592583737849,-1.000033197438130,-1.000030766221607
-0.036784394758866,-1.000050447131749,-1.000304894482868
-0.036784394756276,-0.999909655229507,-1.000065786511597
-0.036784394756276,-1.000396482976621,-1.000065786511597
