1.629789197087373,0.999619566537943,-0.548999652302470
0.999868962588803,1.000203944700791,0.397960233216307
0.999804051715298,0.999989047855084,-0.818755377366942
-0.644987101089444,1.000005132377231,1.098506670491171
0.999666285470223,0.999719449885198,1.115509771041853
0.999808858342842,1.000068177901891,-0.458488181199237
1.429973301611849,0.833080236274906,-1.192472937580737
0.999969698055477,-0.999730379604704,-1.529577091630880
1.000048651669968,0.999955539446955,-0.806828414133142
0.999871747955947,0.999937809587546,0.851798944739059
0.999732942095275,0.999628649217320,2.346380976276363
0.999808858342842,1.000068177901891,-0.458488181199237
1.000093069022438,0.999795593955638,1.021847045209057
0.999628893420660,0.999552819509779,-1.513586074384063
0.999871747955947,0.999937809587546,0.851798944739059
0.999908592766471,1.000133588175539,-0.261172634625949
1.000232310498913,0.999810377889596,2.268117635566072
0.999662937897878,0.999617731093690,-0.370321833714930
1.000557728373761,0.999847681094983,-1.392594999054873
0.999755311381673,1.511442486059970,1.183725168339526
0.999908592766471,1.000133588175539,-0.261172634625949
1.000598868249494,0.999963728324792,0.522721041912562
1.000557728373761,0.999847681094983,-1.392594999054873
0.999973672769098,0.999913184405844,-2.174920395262083
0.999954767437171,0.999960479622611,-0.388342508912107
0.999920943768157,0.999764040216118,-0.420723482479748
0.999732942095275,0.999628649217320,2.346380976276363
0.999662937897878,0.999617731093690,-0.370321833714930
0.999804051715298,0.999989047855084,-0.818755377366942
2.755243104780416,1.000159881431980,-3.788233718431139
0.999920943768157,0.999764040216118,-0.420723482479748
1.509241796933307,2.599169469903637,0.476885426784298
0.999954767437171,0.999960479622611,-0.388342508912107
0.999754921320826,1.735744503076494,-0.496268130054012
0.999627659835934,1.000038785836106,0.665644571318952
1.000453953441959,1.000155370936394,0.327914042910178
-0.999735904909503,-1.198591561036751,-1.059346334689192
-0.999823218275299,0.809094431749514,1.000199766986806
0.999804051715298,0.999989047855084,-0.818755377366942
-1.233175318928733,0.736182047585857,1.271718053016470
-0.999781363553896,0.278265981998408,1.000204149176583
-0.999955291426236,0.436911297662373,1.000189638848615
-0.999935083006878,0.464040875753957,1.000193650730810
-0.999970666625120,1.131983765679021,1.000189222144992
-1.000237864520475,3.497841087856941,4.410662899336653
-0.999989537469023,0.171046798687424,1.000183573529740
-0.999964161545538,2.748536843903425,1.000339353261044
-1.045954945908054,-1.162579902353968,0.999961630217207
-1.057982236889220,-1.213999852954263,1.003984020929659
-1.000204268188245,1.342425517225825,1.000215522144760
-1.000179097197733,-0.883774851078549,0.999815240715411
-0.999926127679547,0.904082384125621,1.000282936229129
-1.273031946675619,-0.979273448267757,0.999960842773328
-0.999939886035324,1.077047188339794,1.000601612902165
-0.999719949330401,-0.760535344152716,0.999807973726233
-0.999719949330401,-0.760535344152716,0.999807973726233
-0.999416083878006,-0.888752153836126,0.999714990457038
-0.999832836580910,-0.765652214600071,1.000022210297161
-1.000160123157318,3.044485501203656,1.944071441955469
-1.023485685099988,1.589228313765451,1.264696821275583
-1.023485685099988,1.589228313765451,1.264696821275583
-1.224057764469311,-2.658027589738128,1.000086302148283
-0.999687059957455,0.739825841890839,0.999696562447757
-1.045954945908054,-1.162579902353968,0.999961630217207
-0.999964161545538,2.748536843903425,1.000339353261044
-1.380939811752259,3.074718353742372,1.288043919552072
-1.000011819215249,0.262679701133838,1.000035013303350
-1.224057764469311,-2.658027589738128,1.000086302148283
-1.000204268188245,1.342425517225825,1.000215522144760
-1.000006911693081,-1.415800876939775,0.999665999977608
-0.999926127679547,0.904082384125621,1.000282936229129
-0.999935083006878,0.464040875753957,1.000193650730810
-2.065996505269286,1.055234340276678,1.937005337554999
-1.000387483433858,1.815278126483784,0.999961338103972
-0.862880464172324,-1.000287987749019,-1.000357418746844
1.237460510372838,-1.000022731249610,-0.999957017605985
-0.964970603867104,-0.999650160116101,0.498796347408140
0.410795961342583,-0.999416173035012,-1.160186831487038
0.929207459003717,-1.000127136655516,-1.000371360261780
-1.682563120013842,-0.999734249931555,-0.999672873906479
-4.771111495747167,-1.000231667801811,-0.999895981154647
0.999969698055477,-0.999730379604704,-1.529577091630880
0.146514451725321,-1.041547736288401,-2.663065705913803
3.130569816187287,-0.999719384800785,-1.863315016600019
1.305093953945427,-0.123220503320876,-1.000305599706925
0.378013362195813,-0.999824613431592,-1.188469608936320
-0.404179922768722,-1.000032896694999,-1.000068782522612
-0.127346760377012,-1.000066708672515,-1.000096358442943
-1.042927014013944,-1.612829422834243,-1.244033615813414
3.130569816187287,-0.999719384800785,-1.863315016600019
-1.015590506669784,-0.999585545280210,0.995852497290393
6.300657368100840,-0.999798731276422,-5.374113145758536
-0.918471410202787,-1.000085174653401,0.837951671070728
-0.127346760377012,-1.000066708672515,-1.000096358442943
-1.092826676394313,-1.956820525182362,-0.999748078930040
-1.092826676394313,-1.956820525182362,-0.999748078930040
-0.651747491853786,-0.999989992744700,-0.999939603208251
-1.012406943624203,-1.000165573340545,-1.000299950331033
0.395395379735274,-0.999985086116105,-1.000006862264724
-5.565430605048537,-6.216527162681765,-1.362158270708596
-4.828075600014447,-2.661108689875508,-1.000179257999876
0.776346357336618,-2.324869282804312,-1.891063953280768
-1.015590506669784,-0.999585545280210,0.995852497290393
-0.999735904909503,-1.198591561036751,-1.059346334689192
-1.042927014013944,-1.612829422834243,-1.244033615813414
0.929207459003717,-1.000127136655516,-1.000371360261780
1.015306760782235,0.903391220723197,-0.910050761579951
0.070994248468761,-0.999957532711843,-1.000193556665022
-0.658304133923369,-1.000011227986873,-0.999846240048012
1.215808465938519,0.915818534878487,-1.000486892785863
-1.012406943624203,-1.000165573340545,-1.000299950331033
-1.036199560630539,-1.180270262513059,-0.999726256895007
-0.742012394592936,-0.999854959882376,-1.000054614496993
