2.402233184119312,-1.000175736417207,-2.511566733687578
1.000190408920526,1.000097576036358,0.531879345401039
0.999480331589600,0.999687547376191,0.438951060330417
0.999892570873162,0.999588298293627,-0.665394278778321
-0.081318351609860,1.872131541944248,0.854032496650459
1.097404974541205,0.999862822220566,-0.272270821620822
0.999939432575590,1.393353932157176,0.436565404061174
-0.999782657239928,1.000183807623814,1.000068895433902
0.999719262761980,1.000105038702858,0.376981951717576
0.999907179192384,1.000067306415532,-0.138212665818001
1.000003841142571,1.000076284452676,0.168954054657133
1.521801410345342,0.305761565568240,-0.500170398767912
0.999907179192384,1.000067306415532,-0.138212665818001
0.999892570873162,0.999588298293627,-0.665394278778321
1.044682981680288,0.999761547126466,-0.686256702765459
1.000080914948098,1.000077282989511,1.119624209770485
0.999866062285806,1.000054106187221,-0.941198212559917
1.529961537041952,1.318405401553783,-0.165885821757165
2.190239323940831,0.999858889133503,-0.815665494771770
0.999628835053212,2.197391279784037,0.172617634105597
0.999860170233704,1.228106551378942,2.190591357114831
1.000407925467384,1.000467015949251,-0.055733172898654
0.999626006262857,0.999766763261949,0.329678776205423
2.190239323940831,0.999858889133503,-0.815665494771770
0.999626006262857,0.999766763261949,0.329678776205423
0.999866062285806,1.000054106187221,-0.941198212559917
1.000114033207235,1.000037810278223,0.333126369507132
1.729315310610628,1.000368422894616,0.858974923699122
0.999860170233704,1.228106551378942,2.190591357114831
1.097404974541205,0.999862822220566,-0.272270821620822
0.999746348409072,0.999975630754201,0.135336550751658
1.044682981680288,0.999761547126466,-0.686256702765459
1.000324119078113,0.999515246172306,-0.025625102304689
1.000393815659023,1.718058109494834,1.525549788718670
4.784609897301429,1.000473156513333,-2.838797282851862
1.526430510375909,0.999511245057514,-0.056478279987790
-1.000157764580654,0.265972532570356,0.999622450310331
-1.000177309787486,0.185073337993576,0.999860291480878
-0.456847685203007,1.653690099274061,0.999811468899017
-0.999914528801163,0.438101194424780,0.999928436828214
-0.999661642502759,0.218741357493422,1.000003728440402
-0.265727507068993,2.016003708645996,1.000095391559798
-0.999856927875860,0.832806756119285,0.999782593200240
-0.999802508927650,0.899590656283713,1.000050385305064
-0.999766396190273,-0.023734362227825,0.999638348533822
-0.999782657239928,1.000183807623814,1.000068895433902
-1.000072053693422,-1.201359054917531,0.999826746317458
-0.999802508927650,0.899590656283713,1.000050385305064
-1.063993411533158,-1.151766880779732,1.040881754735599
-1.000072053693422,-1.201359054917531,0.999826746317458
-2.330782621469215,0.109351093913956,1.370379415509452
-2.866414385444646,2.852728114129843,3.401019997326825
-0.999661642502759,0.218741357493422,1.000003728440402
-1.233483338086474,1.075937352997447,1.191351160230763
-0.999957769539912,0.191951485698036,1.000005483041293
-1.000230453517378,-1.000379027539091,-1.000168329568640
-0.999782657239928,1.000183807623814,1.000068895433902
-1.357268461225540,2.634532281030397,1.482626861730706
-0.999910108336671,-0.914367062273875,1.000260508047073
-1.000146369994537,2.396923463975505,1.311326096962707
2.096774688643617,0.007005999480723,1.000100971982101
-1.063993411533158,-1.151766880779732,1.040881754735599
-1.000072913667217,1.138375472597986,0.999960185845063
-1.000032488008902,0.501161082967185,1.000148160353602
-1.233483338086474,1.075937352997447,1.191351160230763
-1.390413049519565,-0.896616396900451,1.249636696741920
-1.756032849617677,-1.512810524031645,0.999781685748624
-0.999792415585758,1.517981768409900,1.000196515366911
-1.005169367270013,-1.628933332203987,1.000073318463501
-1.000106797633724,-0.678378180022965,0.999828612733624
-1.000420473369511,-0.101082521211310,0.999725428586002
-0.999792415585758,1.517981768409900,1.000196515366911
0.198814678488241,1.395641529468669,1.000404561586583
-0.999910108336671,-0.914367062273875,1.000260508047073
-0.200982467307549,-1.547627713206234,-1.495373551647056
0.257420542919131,-1.948193880883325,-2.687338964495057
-0.232819875255144,-1.492080061176027,-2.280651406794716
-1.114401207198750,1.088058207093021,1.093564551552086
0.771010693459496,-1.000208598198841,-0.999915280820085
4.719938599916148,-1.000368155397547,-3.458285145398913
-0.754710856711236,-0.999846235706351,-1.000235317242139
-0.232819875255144,-1.492080061176027,-2.280651406794716
3.573369192888257,-1.000121738034951,-0.999679578248785
1.836657328382431,-0.999767767326561,-1.889721437505673
0.869662065452411,1.058730266937008,-0.035683640919333
3.174783529225388,-1.734778847651754,-3.194532951562985
0.877817444610381,-1.160680534628434,-1.176009243108586
-0.578297899156300,-1.000416870362683,-0.999972907865631
3.174783529225388,-1.734778847651754,-3.194532951562985
-0.861633711465126,-0.999630198741324,-1.000066669816068
0.877817444610381,-1.160680534628434,-1.176009243108586
-1.208262600807531,-1.000454488742034,-1.000114217770024
-0.274785376781133,-1.220233475276485,-1.297052803598543
3.573369192888257,-1.000121738034951,-0.999679578248785
0.664629514218914,-1.000126596763226,-0.999677684790124
1.624688512487559,-0.999771977334244,-0.999999134088546
-0.886137620707683,-0.999620356336937,-1.000334316207235
-0.454745446829240,-0.999789395621931,-1.000307514313472
1.394117644014970,0.644853250931552,-1.000111305406376
1.699069918806553,-1.786532689018356,-1.744302615910281
3.470143663737657,-0.999727096150691,-0.999934606914582
2.088820301328136,-0.484727803827833,-0.999723610341123
-0.314389852439663,-0.999523220843908,-1.039801522600161
0.964966390313624,-3.133392766579264,-2.392684831108577
1.624688512487559,-0.999771977334244,-0.999999134088546
-0.365280249864872,-0.999696343936969,-0.999691174809412
-1.258560168873299,-1.000052111711962,1.165489910020314
2.402233184119312,-1.000175736417207,-2.511566733687578
-0.777344095136676,-1.000182776591833,-0.999815485491640
-0.150238197641734,-1.568948582005854,-2.349365258875610
-1.000230453517378,-1.000379027539091,-1.000168329568640
-1.000230453517378,-1.000379027539091,-1.000168329568640
1.025999304723940,-0.999616084095635,-0.999801399217331
