1.000169272429612,0.999705177799194,0.058236508011516
0.999791174013736,1.002816564821166,-0.464136671412172
1.293278437329992,1.307906890749050,0.955519975188015
0.999844876879280,1.000071755080892,0.055503913486565
2.575910944641490,1.000221097438681,0.780196358559097
1.000126236726968,0.999985160066863,-0.089366179150608
1.539846123386588,1.000321393778248,-0.972318545876593
1.000207126663251,0.999817844154088,0.055660814445776
0.054372815253049,0.999806246393282,1.000287036163173
0.999978920411780,1.000026965015314,0.055516017922440
0.999978920411780,1.000026965015314,0.055516017922440
1.000254480354903,2.607014570082620,-0.882682332136201
0.999924432042662,0.999843714911609,0.044540246326899
10.285809545573422,-0.804970555086335,-0.999800216635850
0.147794432674510,1.324365918954969,0.978516459878575
1.052037120685544,1.000045761226348,-1.005768627597800
0.999964193805673,0.999830846130322,1.425113359468503
1.000368000689392,0.999818524884315,0.528970010472883
0.999979054992883,0.999971217872693,0.055238817666295
0.999908279857083,1.000046727968562,0.045687151404019
1.000169272429612,0.999705177799194,0.058236508011516
0.999672332287423,0.999951761250980,-0.935404478806668
13.487108860817674,1.000095091774290,0.596000707839752
1.052037120685544,1.000045761226348,-1.005768627597800
0.999945447239791,1.000022561992872,0.055504270282410
0.999957200074995,0.999817984619713,0.055504305033237
0.999672332287423,0.999951761250980,-0.935404478806668
0.054372815253049,0.999806246393282,1.000287036163173
0.999912667649887,1.000172762325357,-0.992576421000281
1.000378607356589,1.000074122383064,0.052887140310294
0.999488646144579,1.000117617094260,0.223646556298748
1.000028952915436,1.000319545881913,0.877594990729482
1.539846123386588,1.000321393778248,-0.972318545876593
0.999893617871678,1.000097325525265,0.941980677376071
0.999908248418225,0.999661145099941,0.055504235687104
0.999845991138626,0.999788049359250,-0.537644639100146
0.999677499425727,1.000027079683256,0.054958630691185
-0.999912076270132,-0.384706944284193,0.999749299229137
-0.999632137808015,0.547009887473384,0.999964042924223
0.054372815253049,0.999806246393282,1.000287036163173
-1.001944966545572,0.084331001778047,1.002726877911146
-1.000054552763748,0.092838178408038,0.999691935905468
-0.999718698927896,0.092933939078709,0.999783792905529
0.054372815253049,0.999806246393282,1.000287036163173
-1.000218169927857,0.076035522054011,0.999697667678695
-1.000075036402965,0.020234422525862,1.000036139970070
-1.000336377141729,0.885551939811486,1.000326732282463
-0.999722932605521,-0.504847690308956,0.999771486577873
-0.999516974454732,0.092842262162312,1.000308346609668
-0.999912634765646,0.092842110416316,0.999923220114893
-1.000159524754384,1.507733495940088,1.000162692415697
-0.999758408114078,0.998833539489088,0.999893677141022
-0.999722932605521,-0.504847690308956,0.999771486577873
-1.000511559652564,1.632995469682087,0.999624326893820
-1.001944966545572,0.084331001778047,1.002726877911146
-0.999844417838212,0.530239163633288,1.000016824706538
-0.999929594393738,1.339088240869028,1.000026728462797
-1.000009472586285,0.085055612898360,1.000021582671244
-0.999860363047695,0.092996848604059,1.000199476972646
-0.999912076270132,-0.384706944284193,0.999749299229137
-1.000160615961696,0.081459006638785,1.000110606615406
-1.000042799632319,0.092792423321554,0.999733988826147
-0.999577429300705,0.014333774587916,1.000593665032351
-0.999988766330014,-1.075022675258619,-1.000219987145952
-0.999718698927896,0.092933939078709,0.999783792905529
-1.000009472586285,0.085055612898360,1.000021582671244
-0.999777239500041,0.048588219525843,0.999831627206922
-0.999869607651623,0.095066597142032,0.999598584256557
-1.000102307189880,0.092822929801817,0.999846672954510
-0.999998789779601,0.092843498582251,1.000083323528858
-1.000218169927857,0.076035522054011,0.999697667678695
-1.000102307189880,0.092822929801817,0.999846672954510
-1.000511559652564,1.632995469682087,0.999624326893820
-3.977708802860130,0.682852504097764,0.999613141931589
1.026975102238454,0.999078504034350,-0.999792988132239
9.560816610893347,-1.000377345006124,-1.097639280846078
1.026975102238454,0.999078504034350,-0.999792988132239
-1.247249098475736,-0.999608194072274,-0.999426527879104
0.147758321008506,-1.419250328001370,-0.999860162347067
-0.169397362037215,-0.999704445657746,-1.000057699526063
0.463923276790533,-0.999735297899863,-1.000068259455442
-1.857826059433123,-1.015301426307897,-1.348672851747265
-0.159328633856557,-1.000125937174703,-0.999729308822385
-0.169397362037215,-0.999704445657746,-1.000057699526063
-0.027708129209138,-1.000173484199089,-1.000004163825983
2.489654664751418,-0.999952733293554,-0.999946275189301
1.142914596370826,-0.999985095836271,-1.000107139325969
-1.247249098475736,-0.999608194072274,-0.999426527879104
0.011821431431315,-0.999902679073848,-1.000108007668706
-0.174209957214728,-1.000125889794253,-0.999754939709633
2.070611371898631,-0.999924492216587,-1.000081590813476
-0.181307212382947,-1.000214745244102,-1.000076774122000
-0.163168803825603,-0.999689648656944,-1.000016830051752
-0.503127906071611,-1.000194625707047,-0.999876005374314
-0.165427122003880,-0.999795613559556,-1.000019320201125
0.463923276790533,-0.999735297899863,-1.000068259455442
10.285809545573422,-0.804970555086335,-0.999800216635850
0.051162938969528,-1.000351625410249,-0.999679058879696
0.594003485170885,-1.000047904893893,-1.000082212316639
0.769712768963493,-0.999970512134783,-1.000068380928725
0.092125458823021,-1.033919891622681,-1.000089960961648
2.489654664751418,-0.999952733293554,-0.999946275189301
-0.999988766330014,-1.075022675258619,-1.000219987145952
-1.595880820165334,-1.000115115860942,-0.999774724871014
-0.636548901647860,-0.999988403519021,-1.000169286567309
-0.181312791073017,-1.000181346164469,-1.000066092192368
0.011821431431315,-0.999902679073848,-1.000108007668706
-0.184736023963665,-1.000118042018607,-1.000142152724336
9.560816610893347,-1.000377345006124,-1.097639280846078
-0.181317475861301,-0.999724399222828,-0.999916676626195
-0.173814559169751,-1.000003217538534,-1.000021938249782
2.070611371898631,-0.999924492216587,-1.000081590813476
1.934251991879818,-0.999687032628645,-0.999936928293551
