1.000305376665591,1.000207396081616,0.019081622116582
1.000327700211859,0.999765429037423,0.020411179119760
1.000284261701624,1.000236869364765,-0.685976598556726
1.000357872399838,0.999794036182200,-0.906328428213055
0.999474397914528,1.000380193363155,0.020411179119760
0.999797632124050,0.999944591890275,0.950651400944797
1.000049661685199,1.000506697315742,0.020411179119760
0.999523480116856,1.000507480728822,0.172640371617154
1.000244886924149,0.999891263387713,0.020411179119760
0.999857949734563,0.999854519082127,0.020011145876880
0.999796716793174,0.999761152565385,0.561338510515888
1.000397169576920,-0.489662931252868,-1.000182026881792
0.999857949734563,0.999854519082127,0.020011145876880
1.000284261701624,1.000236869364765,-0.685976598556726
0.516741763193443,1.000023423073373,0.994430495728215
1.000149553676202,0.999888422231028,0.020411179145698
1.000230615229556,0.999863143663335,0.020411179119758
0.999796871655738,0.952028244398623,-0.838755968131953
0.999844503116299,0.999866391490453,0.020411179119760
0.999474397914471,1.000012394356585,0.020411178866382
1.000327700211859,0.999765429037423,0.020411179119760
0.999990616854937,0.999862422107531,0.138291538192430
-1.000159974122902,0.999837357341633,0.999947014537644
1.000397377711766,1.000299180007708,0.020411179119760
1.279971418000901,0.999897393864696,-1.132022308743193
1.279971418000901,0.999897393864696,-1.132022308743193
0.999523518701239,0.999899906670218,0.632966579208421
1.000357872399838,0.999794036182200,-0.906328428213055
1.643135213288859,1.000040203839897,0.977743887553230
1.000305376665591,1.000207396081616,0.019081622116582
1.000292012677859,1.000012400601762,0.088098314170863
0.999626649696273,1.567799916683170,-0.259633997593215
1.000158902422582,0.999740217097230,0.020411179119760
0.999970967670884,0.999794137809070,0.020411179119760
1.000228622970695,0.999866391490453,0.977570444679518
0.999891530188150,0.999842481268538,0.020411179119760
-0.999850436782198,0.018578418164758,0.999841311452349
-1.000525606336173,0.018578418164882,1.000186257156918
-1.000220498531975,0.018578418164758,1.000004742541837
-0.999837729517521,-0.993136050853902,1.000345608158878
-1.000159974122902,0.999837357341633,0.999947014537644
-0.999950338314801,0.018578418164758,1.000068947000088
-0.999656731444600,0.169665383303485,0.999988229854733
-1.000350766400156,0.634685233861107,0.999817712004859
-1.000155496883701,0.018578418164758,0.999994702234309
-1.000204113519714,-0.976358144216363,0.999610565482809
-1.000159974122902,0.999837357341633,0.999947014537644
-1.000142061347630,0.018578418164758,1.000069241055688
-0.999602830565075,0.018578418164758,1.000068947000088
-1.054643012734301,0.119754698038154,0.999744779200765
-1.000159972760744,-0.999491703014311,-1.000197718383355
-1.000408401248500,-0.910059559869977,1.188979954532327
-0.999602622288234,-0.977082567552686,0.999898372759800
-1.025019168426722,-0.948177104393720,1.000194984957884
-1.000036258282500,-1.026388475802665,-0.867058702605208
-0.999715860772148,0.018678207501612,1.000259600569334
-1.000220498531975,0.018578418164758,1.000004742541837
-0.999838726629595,0.950568695628258,1.000267316153401
-0.999837729517521,-0.993136050853902,1.000345608158878
-1.000122670566368,0.285709198891952,1.000259319955238
-0.999850446323798,0.018578418164758,0.999800856075396
-0.999654123881353,0.210162745466018,0.999983106650689
-0.999850436782198,0.018578418164758,0.999841311452349
-1.000203216258188,1.165181216026411,0.999981125059819
-1.000142061347630,0.018578418164758,1.000069241055688
-0.999950338314801,0.018578418164758,1.000064191069033
-0.999672299788141,0.018578418164758,0.999882239733535
-0.629275405376408,0.988820727917475,1.000078068283037
-0.999838726629595,0.950568695628258,1.000267316153401
-1.000408401248500,-0.910059559869977,1.188979954532327
-0.999950338314801,0.018578418164758,1.000186257156918
-1.000009378809105,0.017251320520662,1.000205997279187
-1.000037286205579,0.018578418164758,1.000270619836233
-0.999556331814006,0.977567124846845,0.999827171515190
1.156470805768143,0.968209917880604,-0.999648652245732
-0.056044950288033,-1.000111571491038,-1.000479375679049
-0.056744004512676,-0.999750644222422,-0.999930755458175
-1.040003596647718,-0.999493302684258,0.794873010647107
-0.056044950288033,-1.000037430727094,-0.999907392741510
-0.873597896497882,-1.000071888506513,-1.000445618581809
1.156470805768143,0.968209917880604,-0.999648652245732
0.470763572212116,-0.999959161774270,-1.000046080889643
-0.056044950288033,-1.000100093270768,-0.999960864751773
-0.056044950288033,-1.000037433411197,-0.999960867439262
-0.056044950288033,-1.000136854798186,-0.999935808930967
-0.057323211354112,-1.000144063701805,-1.000378678877939
0.526331582857022,-1.000055496439858,-0.999989900736275
-0.056044950030302,-1.000141478793316,-0.999938273979284
0.470763572212116,-0.999959161774270,-1.000046080889643
-0.056119694767560,-1.000264128997073,-0.999917593355396
-0.052819961381084,-1.000135940736997,-1.000175172662536
-0.978705443718973,-1.000144195821917,-0.999812802672148
-0.239287115847455,-0.999487386073233,-0.999778669897508
0.526331582857022,-1.000055496439858,-0.999989900736275
-0.020781631482456,-0.999504578693298,-1.000117760266508
-0.056044950288033,-1.000145136114547,-1.000018865469732
-1.000159972760744,-0.999491703014311,-1.000197718383355
-0.056044950288033,-1.000145487142710,-0.999804802707190
-0.055942740591286,-0.999619807264068,-1.000158818086005
-0.054849720133500,-0.999989036349266,-0.999547218225348
-0.054849720133500,-0.999989036349266,-0.999547218225348
0.907707623670452,-1.000279929437952,-0.999774238178000
-0.978160757419305,-1.000234570962577,-1.000507314223805
-0.056044950034759,-1.000108724014029,-0.999971925508798
-0.994379556476551,-0.999488021527080,-0.148114351317443
-1.000159972760744,-0.999491703014311,-1.000197718383355
-0.056044950030302,-1.000141478793316,-0.999938273979284
-0.056044950288033,-1.000358717574480,-1.000479375679049
-0.056044950288033,-1.000358717574480,-1.000479375679049
-0.056044950288033,-1.000155559809494,-0.999873219681358
-0.056044950288033,-1.000155559809494,-0.999873219681358
1.000397169576920,-0.489662931252868,-1.000182026881792
-0.994640086772825,-0.999750651038366,-0.999904847097570
