0.999940431236081,2.411228378749691,1.000085727048615
0.999940431236081,2.411228378749691,1.000085727048615
1.000143414707208,0.999874465260298,-1.151909968637808
1.000045908838769,1.597785171273138,-0.640767134745813
1.083423083241354,1.543359876132520,-0.980795516708197
-0.790161882909007,1.302777025920825,3.618857105436761
1.000163855946352,1.000359432180524,-0.838118571528737
-0.749646866394488,0.959788659986664,-1.517321448059632
0.999724979658976,1.367897044818854,1.711512915957444
0.999953494847358,0.999918599961468,-0.138789054970501
-1.007234699769316,0.999510590017742,0.563018877105280
0.999755662002525,3.242619109362302,-0.225952524590396
0.910764278625646,0.999841691373838,2.597067657108043
1.000145707407609,1.138074675625496,2.612616576667408
0.999877794453863,2.395684467619624,1.274800234228125
-0.313439677876050,-2.309814996269999,-0.407404662215170
0.999655544654996,1.000576611255276,1.716343080505469
1.000294383887462,0.999961335995529,-1.419222073347312
0.999772966184236,1.000074856758154,4.161715831721397
-1.029268379884644,0.999988068701676,0.721228841926988
1.305783411308806,1.000185105366548,-0.371684321289861
0.999905966382625,0.999827593661173,-2.433268605123188
-0.301763795050380,1.000021608567984,1.266807654628694
1.083423083241354,1.543359876132520,-0.980795516708197
1.015577524414465,1.459163060453200,1.193986029787554
1.041955749364928,1.000088512030295,0.672404588082729
0.999655544654996,1.000576611255276,1.716343080505469
0.999903396853637,0.999816806379279,0.169088678164955
0.999903396853637,0.999816806379279,0.169088678164955
-0.790161882909007,1.302777025920825,3.618857105436761
0.999816581734462,0.999594588088492,-2.549612006601804
1.000143414707208,0.999874465260298,-1.151909968637808
1.078445978488316,1.000146754148552,-7.075469008626085
0.999953494847358,0.999918599961468,-0.138789054970501
0.999965952080442,1.712415151506896,4.192516777205599
1.000045477550128,-0.999916389843172,-3.624199524326726
0.999905966382625,0.999827593661173,-2.433268605123188
-1.045559932433394,-0.433041790920008,1.027683750068165
0.998554056457732,2.456963866909753,1.422246501740476
-0.999919660104371,-2.467631324406845,-1.148117066980133
-1.955586786989289,-0.649650272879619,1.000300755932032
-1.006207045989828,0.901696799666873,1.000353860945681
-1.000087281886596,2.536259656342288,1.444553874122918
0.999940431236081,2.411228378749691,1.000085727048615
-1.045559932433394,-0.433041790920008,1.027683750068165
-2.766970550191860,-0.577592421761089,6.336972538591924
-3.747185289593363,-3.136972443624920,0.999823099175403
-0.999728348726495,-1.617175298746240,0.999984256950726
-1.000107150698642,-0.936665134312527,1.000430252578000
-0.999922947382362,1.184609225290735,1.000247306139970
-3.747185289593363,-3.136972443624920,0.999823099175403
-0.999803998842213,1.580601173095950,1.512004956813386
-1.000242815055191,3.246797182804023,6.627454718959614
-0.958437502023986,2.300276917215918,0.999586751567237
-1.000013155465768,0.921798799673304,0.999905330380800
-1.041060589458385,-0.373657742119114,1.170138488946934
-1.000013155465768,0.921798799673304,0.999905330380800
-0.999838252383557,-0.607347080618972,1.000265653427293
-1.000087281886596,2.536259656342288,1.444553874122918
-0.989509352752253,0.190208528432443,0.999687972936174
-1.020927732426531,-0.075982879750988,1.883789126192043
-1.000233980881450,1.502952276713366,2.042741113678873
-0.999744291499797,-0.235523094406965,0.999842117331597
0.905231924010349,1.635829795777006,0.520155135356178
0.799381577811840,0.286849556686555,1.000095529947218
-1.000105839693179,0.016161225069261,1.295170804848355
-0.315911142357396,0.888640146673545,0.999429745598392
-0.999393493424878,1.243853124187815,1.061877273972202
-1.000173676311948,1.131020223832941,1.551429446720151
-0.999892335078999,-1.778126664153540,0.999681226756040
-0.999851165613978,1.327380232108233,2.695841203856746
-0.989509352752253,0.190208528432443,0.999687972936174
-1.784618511307900,-0.883280801711628,0.999981392984993
-0.999922947382362,1.184609225290735,1.000247306139970
1.153315267931629,-1.000284603019388,-1.307255995293856
-1.026981666782791,-0.999982977023585,-1.000247243458019
-0.388400531904682,-0.999639410104344,-1.000148265012838
-1.661538380631288,-1.000027059939150,-1.000090929658866
0.256378239344980,-1.589126987510205,-2.415224867283185
-1.275790243638158,-1.000121744769437,-0.473739278359729
0.457670191349888,-2.079174722219129,-1.922160818511073
-0.320914849607749,-2.572334752121826,-1.013558942524681
0.970806047358832,0.475175450044510,-1.000117189485634
-1.020248580564117,-2.782686387951223,-1.889530475692466
-1.781707966201640,-0.999821620780487,0.714096351022037
-0.997625867855692,-1.000197968170930,0.851449305519866
0.541564265551568,-1.000546258540219,-1.885212137972060
-3.086038073163496,-4.882439575141341,-2.503396996517138
0.312467811443224,-0.999778040567996,-1.000048931032423
-0.964482678013115,-1.000310651369766,-0.999768374676235
-0.890999128158074,-1.551399706120144,-0.428629373755014
-0.869890648451320,-0.999516621974514,-0.999994151722133
-0.118538064125192,-0.999773606464252,-0.999705701409523
0.992434682671882,1.057606584908633,-1.000251443171563
-0.964482678013115,-1.000310651369766,-0.999768374676235
1.129554313864713,-0.999608958055084,-1.592891106404962
-1.115143982923956,-1.473795705839386,-2.368384020108904
-0.972125129209945,-1.161273284408814,-1.435177224811567
0.256378239344980,-1.589126987510205,-2.415224867283185
-0.996342436664537,-2.404470398157052,-0.999659950183498
1.000045477550128,-0.999916389843172,-3.624199524326726
-0.529820099551517,-0.999567628567313,-5.163632321804796
0.270519652668026,-1.000352928154932,-0.999402437644888
-2.993005320371782,-1.000432389904624,-0.999731626591695
1.700192133286618,-1.000189457925437,-1.000069818205232
-0.529820099551517,-0.999567628567313,-5.163632321804796
0.906914232968728,-1.687227787455178,-5.244040445615253
-1.026981666782791,-0.999982977023585,-1.000247243458019
-0.972125129209945,-1.161273284408814,-1.435177224811567
-0.536725627615016,-1.738249083757289,-2.734663517861220
-1.111771044293010,-2.364267111807173,-2.327855629510039
-1.031281858737503,-1.298670228377539,-1.721854996200348
0.992434682671882,1.057606584908633,-1.000251443171563
