0.999753507771489,1.000001258277907,-0.653769752003519
0.999981216435268,0.999796209423532,0.023245260496267
0.999900906197847,1.000342007983049,-0.894975553762149
0.999738099893208,0.999993712736938,0.023245260496267
0.999898019390357,0.999950752068905,0.023245260496846
1.000026718370095,1.000540479966366,0.120525535969803
0.999733691966675,0.999727699138659,0.023245260496267
1.000014825257857,0.999709058744312,-0.444867658808322
0.999920441857330,1.000073048683327,0.021196848520281
0.999928827791829,1.000342684246541,0.023233870319716
0.999753507771489,1.000001258277907,-0.653769752003519
0.999898019390357,0.999978611888445,0.023245260496267
0.999900906197847,1.000342007983049,-0.894975553762149
-0.999624218332806,1.000033561392273,0.999991321966441
1.000212476131869,0.999828669861464,0.143469131165473
0.999898080337902,0.999822018478869,0.023245260447145
0.999900906237943,1.000298477372413,0.018471940300822
0.999898080337902,0.999676535564678,0.023245260496267
1.000212476131869,0.999828669861464,0.143469131165473
1.000246524331910,1.000100552719484,0.023244904655853
0.999904015586270,1.000468236100208,0.023245260496267
1.000026709750833,0.999676535564678,0.023245260496267
1.000014839764515,0.999769090241636,0.022221971906882
1.000227083622228,1.000023577128412,0.600864678487562
1.000100517810408,1.580973030885223,-0.216091127659718
1.000026718370095,1.000540479966366,0.120525535969803
0.999981216435268,0.999796209423532,0.023245260496267
0.999991968577124,1.000065099604520,0.023245260496267
0.999598749473251,1.000073048583299,0.022980343507129
1.000105795690123,0.999978611888445,0.023245260496267
1.000370972614223,1.000104934680251,0.023245260496267
1.267425536406904,-0.826797051163424,-1.124519608325554
0.999678194798575,0.999845630665238,0.974935804301147
1.000370972614223,1.000104934680251,0.023245260496267
0.999982960845028,1.000205741723909,0.023245260496267
0.999628426610383,0.999733702966949,0.023224811353067
0.999470924942296,-0.826775452095119,-0.843155186023353
-0.999624218332806,1.000033561392273,0.999991321966441
-1.000086085226094,0.285146430397760,1.000484241160851
-1.000018567351704,0.981598099868979,0.999870775768404
-0.999895103393136,0.283933766653258,1.000403469090592
-0.999907883819381,0.285146430397760,0.999896402454963
-1.000095951831054,0.708572029280111,1.000348979627336
-1.000095729190045,0.285146430397760,1.000113477811253
-0.999930478787043,0.285146430397760,0.999925314513588
-1.000158642391817,0.285146430397760,1.000401922966281
-1.026906343082652,0.340728085955032,1.000123840223468
-0.999765325554418,0.371648307563770,0.999957473041233
-1.000004934721753,0.285169420836052,0.999905619100414
-1.000062954544217,0.285146430407035,0.999887096919523
-1.000019701481748,-0.991636002118469,0.999886145605079
-1.000079560144969,0.285146430397760,0.999870775768404
-1.000018783564733,0.285146430397760,0.999949669722701
-0.999624218332806,1.000033561392273,0.999991321966441
-1.000158642391817,0.285146430397760,1.000401922966281
-0.999930478787043,0.285146430397760,1.000118379144712
-1.026906343082652,0.340728085955032,1.000123840223468
-0.999894204309877,0.262555911948037,0.999949669776298
-1.000529006115473,8.327517762418355,0.999887101547426
-0.999765325554418,0.371648307563770,0.999957473041233
-0.999895422310377,-0.999932014460029,0.022077428603655
-0.999907883819381,0.285146430397760,0.999896402454963
-0.999959301933199,-0.873634567604553,0.999846260776575
-1.000246476436911,0.285146430397760,1.000346481385424
-0.999616002392424,0.399064846590114,0.999908865373710
-0.999693979981320,0.285146430397760,0.999998557181615
-0.999914106609212,0.285146430397760,0.999905619181723
-0.999629027385802,0.285146430397760,0.999875191336027
-1.000086085225276,0.283861348059841,0.999986106585065
-0.999693979981320,0.285146430397760,0.999998557181615
-1.000018567351704,0.981598099868979,0.999870775768404
-0.999959301933199,-0.873634567604553,0.999846260776575
-0.999693979981320,0.285146430397760,0.999908875939066
-0.999616002392424,0.399064846590114,0.999908865373710
-0.005577273405643,-0.999774814346210,-1.000013893022298
-0.005577273405643,-0.999774814346210,-1.000013893022298
-0.005577273358138,-1.000064760020040,-1.000402217977071
-0.006370889320950,-0.999570788511160,-1.000264599503685
-0.005530939954320,-1.000320397227585,-1.000103597544296
-0.006069669112089,-0.999854400780616,-0.999927884666027
-0.006515381460060,-1.000177981521131,-0.999928540239426
-0.005577273405643,-0.999972394716579,-1.000061283693113
0.514551006966699,-1.000266870021363,-1.000018046996557
-0.004708501493438,-0.999988911485195,-1.000042526932008
-0.005577273359276,-0.999705926800465,-1.000402217977071
0.454206464162966,-0.999470737730505,-1.000124807730151
-0.902566239485070,-0.999934900395480,-1.000060745550643
0.901215526160873,-1.000280866366958,-1.000124462167002
-0.005577273405643,-0.999998709885518,-1.000074689305089
-0.005577273405643,-1.000280898219167,-1.000010321926450
-0.006632002115510,-0.999743086542943,-1.000056838441516
-0.005577273405643,-0.999794258276091,-1.000123873567931
-0.993569149446442,-1.000319028717814,-1.000112355466788
-0.902566239485070,-0.999934900395480,-1.000060745550643
1.151377167461817,-1.000150264671531,-0.999510794632870
-0.005577273358138,-1.000064760020040,-1.000402217977071
-0.005577273359276,-0.999705926800465,-1.000402217977071
-0.005577273405643,-0.999932155027889,-0.999538167723566
-0.974099794768372,-0.999854173434101,-1.000033991563846
-0.004566753877228,-1.000290121341283,-1.000074689294467
-0.004708501493438,-0.999988911485195,-1.000042526932008
-0.006626928869980,-1.037240505425714,-1.029805447736713
1.151377167461817,-1.000150264671531,-0.999510794632870
-0.006631097123621,-1.000050006617635,-1.000112237844000
-0.023054641299818,-1.000066257718170,-0.999776792137901
-0.999895422310377,-0.999932014460029,0.022077428603655
0.514551006966699,-1.000266870021363,-1.000018046996557
0.454206464162966,-0.999470737730505,-1.000124807730151
-0.004188384264487,-1.000043072255938,-1.000001442818384
-0.006631097123621,-1.000050006617635,-1.000112237844000
-0.005577273405643,-1.000034378545271,-0.999756703518100
0.015279105036866,-1.000271356983616,-1.000074685486570
-0.005577273405643,-0.999945142756070,-1.000015242696827
