1.000003730975442,2.590185432831449,-0.821429168688109
1.000077895243140,1.000499695290239,0.970830193568990
1.000088632319138,1.000166513438435,0.263112629369053
0.999527897076466,1.000300003657009,-0.335433918150108
1.035167501117713,0.999809488758024,0.329096931112378
1.000204948534144,0.999643653352716,0.212839356638309
1.000423600857715,0.999863862819526,0.261607442614160
1.000088175666929,1.018369700740086,0.332013473594062
0.999948121198043,0.999945467465095,0.260518513072025
0.999948121198043,0.999945467465095,0.260518513072025
0.999527181190122,1.000351496087649,-0.407844675314174
1.000085520140594,1.000473881636206,0.261607440034994
1.000152222718040,0.999975358662760,0.972304256685182
0.540307857682766,0.999954934661552,0.999901233933099
0.999776407667996,1.000392496393696,0.261606216621209
1.277824885460079,0.999562749088438,-0.942871295730456
0.999651550771061,0.999804067724754,0.136483037876239
1.000406990986016,0.999957625823299,0.262331088179424
0.999798087084653,0.999950695607665,0.261607420982944
13.541803578777754,0.999957437612848,0.537211631009815
1.000204948534144,0.999643653352716,0.212839356638309
0.999914628824659,1.000052075603593,0.261607452796998
0.999937920823711,1.000421835496848,0.628594112079497
0.999615173370145,0.999916042947872,2.012988861155474
1.000255017137196,0.999789665176990,0.903999039874441
0.150921677885869,1.232346566150277,0.972228264411376
1.000185054411362,1.000237108819996,0.270660759547619
1.300114692786899,1.224642260513841,0.943450960267926
0.999801257981574,1.000158998467198,-0.938998441606658
1.000440288260541,1.000317253734952,0.605202531345253
1.035167501117713,0.999809488758024,0.329096931112378
0.999527181190122,1.000351496087649,-0.407844675314174
0.540307857682766,0.999954934661552,0.999901233933099
0.999536627823803,1.000052063617633,0.998482286914650
0.999801257981574,1.000158998467198,-0.938998441606658
0.999651550771061,0.999804067724754,0.136483037876239
10.316855176437942,-0.771278084225382,-0.999889144165536
-0.999795324393455,0.047311975090550,0.999849963932477
-1.000407389191005,-0.999869192684872,-0.999869429354684
-0.999730667612485,1.018610418217634,0.999601373509987
-0.999880997671938,0.047315635546168,1.000279515126752
-0.999605181359103,1.003889272914048,1.000320563496104
-1.000069928357774,0.044638640673621,1.000105868345780
0.540307857682766,0.999954934661552,0.999901233933099
-1.000195153787045,1.353086202752466,1.000233781297102
-1.000380620845213,-0.066147525376059,1.000084717497302
-0.999592342965174,-0.633190448947098,1.000186239961975
-0.999594841580431,0.047540412397064,0.999724703779439
-0.999979934835192,-0.995229257727667,-2.248867917493974
-0.999730667612485,1.018610418217634,0.999601373509987
-1.000001157216447,0.997807364873094,1.000218729789446
-1.000083321320241,0.081740717362340,1.000071635973117
-1.000061187431738,-0.412856584667364,0.999755705283286
-0.999930802400923,0.476415359901591,1.000471639770905
-0.999950611830006,0.004293317634955,1.000246270531269
-1.000051950884284,0.041345139016424,1.000186113923525
-0.999982136377199,-0.994751913059906,1.690362694239060
-1.000060893324051,0.490260359570530,0.999968240784397
-0.999982136377199,-0.994751913059906,1.690362694239060
-0.999979206458361,-0.547429511060318,1.000109472130196
-1.000026006723641,-1.000335190540511,-0.999757653100020
-1.000069928357774,0.044638640673621,1.000105868345780
-1.000287649289449,0.047318685297623,0.999913693685336
-0.999958037313200,0.047315635529613,0.999977168417746
-0.999581266890442,0.047316761957992,0.999706882417635
0.540307857682766,0.999954934661552,0.999901233933099
-1.000348276059486,1.522189671405399,1.000224612526564
-1.000195153787045,1.353086202752466,1.000233781297102
-1.000223206380368,1.238238589822485,0.999702994506112
-3.976238491182475,0.596463893436243,1.000107370083029
-1.323502245116536,1.502166117515412,1.097178083869397
-0.999563018156663,0.047317540593935,0.999977169211156
-0.999950611830006,0.004293317634955,1.000246270531269
-1.001554885917135,-0.998011834597298,0.999615924643611
0.415036475160299,-1.000307992118503,-1.000004395162287
-0.249582387906369,-1.000189058830866,-0.999890946780854
-0.199598294839010,-0.999859010289009,-1.000380990180164
-1.000407389191005,-0.999869192684872,-0.999869429354684
-0.152789433689981,-1.000280513209806,-0.999948000289295
-0.328618844816693,-1.000061348444498,-0.999928779926736
-0.457644886713636,-0.999603580371039,-0.999816301632083
-0.199583448360740,-0.999739169348824,-0.999818933501046
-1.837659294978368,-1.000078041777189,-1.000235407432135
-0.243410225385270,-1.024872614072053,-0.999928435839165
0.114749930371831,-1.275894813861488,-1.079124405457097
-0.173147150920139,-1.000054301729634,-1.000163273397225
-0.180504760442184,-1.000019651246221,-1.000342009822027
2.000629419842905,-1.000375049731550,-0.999867756884028
1.446191084649105,-1.000437609083408,-1.000325658905813
-0.189113724175998,-1.000019990102014,-0.999710636550686
-0.152789433689981,-1.000280513209806,-0.999948000289295
-1.000026006723641,-1.000335190540511,-0.999757653100020
-0.199584580407403,-1.000254881008384,-1.000150036306018
-0.130255781859052,-1.000357621053336,-0.999968357193298
-0.328618844816693,-1.000061348444498,-0.999928779926736
-0.190304382416516,-1.000110421033519,-1.000162201399282
-0.806894088608516,-0.999777770024285,-1.000017313231098
-0.216513890366756,-0.999862860988489,-1.000233814908086
-1.002416493853220,-1.000172339439766,-1.000040645051651
9.419533830338153,-0.999866423456323,-1.001776621304451
-0.555667422691387,-1.000042405442163,-0.999928488408201
1.142175450550576,-1.000410587047329,-1.000415237709640
-1.252839611815193,-1.047140319879862,-0.999919320580117
-0.180504760442184,-1.000019651246221,-1.000342009822027
1.108986950311003,-0.999717545253163,-1.000034409150741
-1.002416493853220,-1.000172339439766,-1.000040645051651
-1.000026006723641,-1.000335190540511,-0.999757653100020
1.446191084649105,-1.000437609083408,-1.000325658905813
2.000629419842905,-1.000375049731550,-0.999867756884028
-0.199591478084498,-0.999526118364819,-1.000083946195518
9.419533830338153,-0.999866423456323,-1.001776621304451
10.316855176437942,-0.771278084225382,-0.999889144165536
-0.547487304148433,-0.999812013885291,-0.999699146357788
