1.000205055154773,0.999929020161581,0.131512476055397
1.000295194796969,0.999601444261505,0.227680232335174
0.999708128176062,1.000127228735283,0.131512476055397
0.999949345033707,1.000289790770357,-0.883122442126641
1.000259108818657,1.000316392739032,-0.601128850110189
1.000081025604751,1.000067782729161,0.131512476055397
0.580687596118503,0.999616561173003,0.993735613341967
0.999698813058456,1.000144995986792,-0.850336402903625
0.999515765852301,1.000249991415236,0.129872902774920
-1.000295537400253,0.999780045482777,0.999609756833762
0.999877405449548,1.000044274215854,0.131512476055399
1.000205029137091,1.000067777989353,0.948525119061103
1.000074123884612,0.999514273162934,0.126674634766409
0.999700914398586,0.999925701875089,0.131512476055397
1.250359157426631,1.000111965899120,-1.116632627903244
0.999877405606439,1.000288669374382,0.131512476055397
0.999515766097192,1.000287598508876,0.130387189796948
0.999877399248262,1.000067777062720,0.131505514364447
1.000158214618208,1.000043496268565,0.207361868169906
0.999943757813885,1.000067777989353,0.131512476055397
1.000140434887241,1.000050715316494,0.131512476055397
1.000352993153855,0.999962285588063,0.131512476055397
0.999972909993057,0.999929020161581,0.977044933206664
1.000158214618208,1.000043496268565,0.207361868169906
0.999700914398586,0.999925701875089,0.131512476055397
1.250359157426631,1.000111965899120,-1.116632627903244
5.217624995326855,0.999962053568179,0.359787155530385
0.999877405606439,1.000288669374382,0.131512476055397
0.999877399405154,0.999721226590544,0.131240901570777
1.000259108818657,1.000316392739032,-0.601128850110189
1.908939779066994,1.039016818474618,0.976277399931089
1.000402613319063,0.999833582180961,0.131512476055397
1.000140434886329,0.999821321224431,0.131512476055397
1.000205055154773,0.999929020161581,0.131512476055397
1.000295194796969,0.999601444261505,0.227680232335174
0.999515766097192,1.000287598508876,0.130387189796948
-0.999776207908013,0.001373671733444,1.000162951755264
-1.000056304156483,0.980151150684849,1.000165803716442
-0.999597386680937,0.001126164220851,1.000179054056645
-0.999647006846145,0.001373671733444,0.999905036276891
-0.999740891181343,0.001373671733444,0.999587620390984
-0.999706886709794,0.001373674915684,1.000267883409210
-0.775010367512359,0.954167214219603,0.999657969875064
-1.000478647045323,0.001373671733444,0.999757359131397
-1.028773011493330,0.067864495814398,1.000048454470655
-1.000295537400253,0.999780045482777,0.999609756833762
-1.000299085601414,0.001373671733419,0.999663511936880
-1.000138979577402,0.001373671733444,0.999745215108485
-0.999918974395249,0.001373671733444,0.999687391706022
-1.000484439464727,0.000052255396053,1.000170231192294
-0.999964047164014,-0.896718445263000,1.940269334312865
-0.999595262758049,0.003782230978128,0.999759250954960
-0.999597386680937,0.001126164220851,1.000179054056645
-0.999870904520571,0.940765983426261,1.000101351171907
-0.999925876122780,0.001373671733444,1.000258002909931
-0.999647283466909,0.000377692062250,0.999854284328867
-1.000464906261706,0.001373673428041,0.999657434310463
-1.000094646797725,0.973127747514441,1.000364975263503
-0.999859565113671,0.001373671733444,0.999757359131414
-1.000027685978061,0.001373671733444,0.999853471229220
-0.999706876464688,-0.973095710907872,-1.344046759470524
-1.000124679558331,0.110425007855187,0.999846494060066
-0.999870904520571,0.940765983426261,1.000101351171907
-0.999595262758049,0.003782230978128,0.999759250954960
-1.000094646797725,0.973127747514441,1.000364975263503
-1.027284715722380,-0.940512637346550,1.000508960572665
-0.999859566052255,-0.999897768050523,-1.000154121671733
-1.000138987349098,0.142989890631449,1.000008404389326
-0.999595262812851,0.001373671733444,1.000170231131747
-1.000124679681540,0.001373671733444,0.999956863080331
-1.000299085601414,0.001373671733419,0.999663511936880
-1.028773011493330,0.067864495814398,1.000048454470655
-1.000124679558331,0.110425007855187,0.999846494060066
-1.000295537400253,0.999780045482777,0.999609756833762
-1.043957889163135,-0.999971872543181,-0.999822425135500
-0.096010504062339,-0.999834720452555,-0.999836298947521
-0.096951131345752,-0.999527810068623,-0.999461352372937
-0.096951131345775,-0.999749485798672,-1.000412379609016
-0.096951131345752,-1.000091893426848,-0.999738552550052
-0.096951131345752,-0.999709946972245,-1.000336482752787
-0.096951131345752,-1.000220551284840,-1.000216122516015
-0.096951131345752,-0.999710365918040,-1.000094521613323
-0.999859566052255,-0.999897768050523,-1.000154121671733
-0.975885271950806,-1.000153835345922,-1.000391436641822
-0.097945604995752,-1.000189536290940,-1.000446462218236
-0.097383145466486,-1.000007541589183,-0.999640382568046
-0.096951131345752,-0.999872772065142,-1.000176111105960
-0.096948679348462,-1.000376621415081,-0.999483723053676
-0.097174147892255,-1.000398317441044,-0.999631450174206
-0.096951131345752,-1.000398317441044,-1.000242640868586
-0.097011251103619,-1.000398030261205,-0.999836152230969
-0.096951131345752,-0.999586697205771,-0.999898635665377
-0.096951131345752,-0.999980451577036,-0.999724556477859
-0.079173649283483,-0.999980451927791,-1.000043100709439
1.143938166569672,0.997599912762604,-1.000198360741851
-1.043957889163135,-0.999971872543181,-0.999822425135500
-0.096951131345752,-0.999856955302169,-1.000172506563694
0.613014803346472,-0.999990416737858,-0.999837048235493
-0.999859566052255,-0.999897768050523,-1.000154121671733
-0.095766989658197,-0.999709012747506,-1.000058413164675
-0.096951131345752,-0.999872772065142,-1.000176111105960
-0.099889331824505,-0.999955727359272,-1.000286001521124
-0.079173649283483,-0.999980451927791,-1.000043100709439
-0.096951131345752,-0.999971871251859,-0.999640382224823
-0.095842231997157,-1.000166409777138,-0.999506500416375
0.886970155161350,-0.999598764547732,-1.000094963712024
-0.097945604995752,-1.000189536290940,-1.000446462218236
-0.096951131345752,-0.999946785024815,-1.000176111105959
-0.096951131345752,-0.999527810068623,-0.999461352372937
-0.999859566052255,-0.999897768050523,-1.000154121671733
-0.096010504062339,-0.999834720452555,-0.999836298947521
-0.097796433225611,-1.000189536311045,-0.999506365246036
-0.096708080675734,-1.000376357058396,-0.999834204849511
