1.000122236809991,3.796875574403344,0.362280467876181
0.999486958614172,0.999974252622363,0.787106141377717
1.000012527029616,1.581021280957864,-0.600814731424138
1.000332102653547,0.999877758716290,1.523143122147831
0.999731366226382,0.999797153310895,-0.382549881555913
1.563306558828403,1.000255307836672,-1.127688040604260
1.000012527029616,1.581021280957864,-0.600814731424138
1.226439473120609,0.999711375335205,-1.134132895660874
0.999924579616879,1.000084974000614,0.999823202366786
0.999872289427233,1.166634637058940,1.362376748497600
0.999734505705906,0.999766881352956,-0.319820153742091
1.000452042034527,1.000039870086574,0.798350618783289
0.999710480238034,1.642606447950353,2.026678980688060
1.000046981992740,0.999826308528851,0.988683267398860
4.955648675307675,1.000004070006733,-3.145144331380722
1.000240746012581,1.073311044605396,1.138637029937099
0.100215571169894,1.000278971810564,1.067241577555424
0.999710480238034,1.642606447950353,2.026678980688060
0.999656005315972,1.000112861562062,0.224589783866576
0.999731366226382,0.999797153310895,-0.382549881555913
0.999580044308430,0.429481890417028,-1.191997097840882
1.000086288659217,1.000218466955654,-0.338109380118682
0.918369811774326,6.266203717323656,0.914671051577342
1.000396540164486,0.999846626666250,-0.415739287254716
1.000218636314437,0.999483179332004,-0.785812315269476
1.000272244349010,1.186614538887412,1.242082411143619
0.999924579616879,1.000084974000614,0.999823202366786
2.126513913528044,0.999997096990032,-1.312919679574170
0.999994675064752,0.999972281073701,1.136388553063441
1.071867573740564,0.999846288578670,-0.051759843728106
1.000396540164486,0.999846626666250,-0.415739287254716
1.000240746012581,1.073311044605396,1.138637029937099
1.563306558828403,1.000255307836672,-1.127688040604260
1.000240002898344,6.082762975580565,0.830733093564613
0.999656005315972,1.000112861562062,0.224589783866576
1.000225286156794,1.000013018740863,0.573512002665069
-0.999815210570836,-0.698183241883846,0.829704597733804
-1.024350295756972,-1.290820495703763,0.999922877778739
-1.171794219490284,0.625346071924285,1.396072167495186
-1.000425234038852,-1.384438421668019,1.003950546170853
-1.172572596967427,1.205134085311095,1.227311491148975
-1.167475037972361,-0.797791568029550,0.999892254027710
0.999924579616879,1.000084974000614,0.999823202366786
-1.000225917159496,0.833330946764683,1.154208556416095
-0.999627312326721,1.408646437951623,1.000078301956726
-1.000162602811665,-1.383377808698960,1.000264548936905
0.441679709850148,1.459458297956112,0.999949140179855
0.999924579616879,1.000084974000614,0.999823202366786
-1.000162602811665,-1.383377808698960,1.000264548936905
-1.000012134498721,-1.252122870198494,-1.056040184816874
-0.999613211823247,0.847982582848882,1.000186941599466
-0.999786782878927,3.146555555725104,1.000094646131709
-0.999786782878927,3.146555555725104,1.000094646131709
-1.000017106309080,-1.161338166800189,0.999633176039041
-1.395117542936454,3.546150723967222,1.269270901022125
-1.000258845198728,4.604945513512098,3.898279666786915
-1.024350295756972,-1.290820495703763,0.999922877778739
-1.095752151776049,-1.843301130457792,-0.999747818054928
-0.257029938501413,0.880915541061750,1.000030138454275
-1.255464804315028,-3.641685429723728,0.999913574445618
-0.999617659729221,0.990982555074056,1.187647797616562
-1.000425234038852,-1.384438421668019,1.003950546170853
-1.000017106309080,-1.161338166800189,0.999633176039041
-1.172572596967427,1.205134085311095,1.227311491148975
-1.255464804315028,-3.641685429723728,0.999913574445618
0.834605736411941,6.449684226091593,0.999687577063489
-1.000027721396280,0.713255789867489,0.999932346845789
-0.999681427857786,-1.151056422081679,1.000067465703367
-1.067399875514027,-0.837859944933713,1.000054032973370
-1.395117542936454,3.546150723967222,1.269270901022125
-1.000295601726197,0.820296438885720,1.000039175098677
-1.000522466732131,2.049864905102812,1.000263531926038
-1.000295601726197,0.820296438885720,1.000039175098677
-1.000137009353423,0.335100438019427,1.000247747255484
0.491080247027453,-1.000050151697978,-0.999996483446913
-1.000012134498721,-1.252122870198494,-1.056040184816874
0.607896742701414,-1.533330261254211,-1.210635662209552
1.299028828029043,-1.000250191009045,-1.000124216076374
-0.968440128883156,-1.000009913986195,0.509862579546229
1.296256336556352,-0.368592709761969,-0.999796992675799
-0.404007855748200,-1.971473500383266,-0.999725416770269
5.083944546956412,-2.485539328672949,-5.407868176540507
0.595034368127203,-1.443826146173071,-1.436377516836286
1.100473486735221,-1.000451818110517,-0.999927590579369
2.174790788343002,-0.999690093144147,-1.626807716394461
-3.475280231164616,-9.387088543682349,-1.668084425840119
-0.808484108549815,-1.000382447027067,-1.000356883868503
-1.053241086299984,-1.000121488724825,-0.999717946168313
2.896481112846671,-1.464224840792116,-1.537666228886216
-1.095752151776049,-1.843301130457792,-0.999747818054928
-0.910575303373658,-1.000030259356764,0.666355516459739
0.030073822971164,-0.999998987060801,-0.999770671502228
-0.490940604591358,-1.000027234904029,-1.000128552714016
-0.938089156696625,-0.999511105988329,-0.999685351578207
0.931747826935510,1.009310349469375,0.907645704002347
1.075693007205835,-1.456314857619930,-2.576253547615078
-1.672928171535302,-2.013423850592594,-1.000415615229552
0.826401931482344,0.569473177836575,-1.000481135201040
1.495377185411368,-0.999620035887758,-1.489718187790599
-0.822912792811838,-0.999729431088177,-1.000087454781271
-1.095752151776049,-1.843301130457792,-0.999747818054928
2.896481112846671,-1.464224840792116,-1.537666228886216
1.299028828029043,-1.000250191009045,-1.000124216076374
1.678301490303407,-0.999571876650847,-1.000250821836143
0.482699777323169,-1.904458149798091,-1.541884031115289
0.056965596064126,-1.000241046260788,-0.999739883025929
-1.053241086299984,-1.000121488724825,-0.999717946168313
0.375094238307711,-1.000185225601356,-1.000003381913505
2.174790788343002,-0.999690093144147,-1.626807716394461
0.482699777323169,-1.904458149798091,-1.541884031115289
-0.480078029060051,-0.999568976849856,-0.999780383602560
-1.105538354857466,-0.999880161308591,0.995855864542204
0.364389311874502,-0.999773987201650,-1.000090300735156
