1.000147665978157,0.999844150657062,-0.073239204271272
0.999754121092058,0.999698174663066,-0.073239204271272
0.999992864840860,0.999966676661423,-0.073239204270587
0.999754121092051,0.999573175344203,-0.073239204271272
0.999568950627776,1.000195410580531,0.565569052612877
1.000119346777326,1.000232532236708,0.063836490858086
1.000044328526162,0.999769237978148,-0.073239204271272
1.000148035749014,1.445644318600807,-0.295207841706347
0.999902625828860,0.999516039368178,0.040010809170035
0.999869559768240,1.000360202223884,-0.073239204271272
1.862726588086257,0.999897114912694,0.973146749917860
1.000480883636966,-0.497658993731404,-1.000331713977209
0.999965344213032,0.999941253187130,-0.690741066717004
0.615861279777708,0.999921479487143,0.993382393684935
1.000008332942224,1.000289218435497,-0.075896564404456
0.999902625828860,0.999516039368178,0.040010809170035
0.999885770677520,0.999921711260484,-0.901784514359545
1.000002243872183,0.272646020913254,-1.130352806560523
0.999972467516970,0.999930381182959,-0.086667564081671
1.000021702450905,0.999904240335666,-0.073239204271272
0.999754121092051,0.999573175344203,-0.073239204271272
1.000021702450905,1.000289218539140,-0.073239204271272
-0.016929592383116,0.999842903908595,0.999661537712145
1.000020068994446,1.000443425244543,-0.073239204271272
-0.016929592383116,0.999842903908595,0.999661537712145
0.999869559768240,1.000451655961832,-0.073239204271272
1.000002247141525,1.000444318012093,-0.073239204271272
0.999972565452230,1.000451655961832,-0.072427865735040
1.000044328526162,0.999769237978148,-0.073239204271272
0.999949821745874,1.000214108010334,0.939942266297826
1.000008332942224,1.000289218435497,-0.075896564404456
1.000020068994446,1.000443425244543,-0.073239204271272
0.999869559768240,1.000360202223884,-0.073239204271272
1.000119346777326,1.000232532236708,0.063836490858086
0.999885770677520,0.999921711260484,-0.901784514359545
0.999885770787343,1.000091430679822,-0.073239204271272
0.999669190898727,1.000199102691459,0.973180885376917
-1.000256101225035,-0.065239921220231,1.000133488961500
-1.000018473430371,-0.082630628438244,1.000346923604226
-0.999978296594730,-0.065239921220231,1.000492097476063
-1.000018622923330,0.973372696647180,1.000208951216742
-1.000256101225035,-0.065239921220231,1.000327663989185
-0.999955671421435,-0.067920462538852,0.999645065606945
-1.000396538794256,-6.847144192798280,1.000050902262022
-1.000097375815127,0.106075474132664,1.000488978817466
-0.999880640914647,0.066911426999320,0.999876700088748
-0.999730659229598,-0.948282155464546,1.000425284437244
-1.000049891859594,0.570468935974602,0.999662170166473
-1.000027532483029,-0.065239921220243,0.999920718500472
-0.655129966624595,0.986491157264874,1.000229178658536
-1.031599347345869,0.019142559053653,1.000562101190242
-1.000256101225035,-0.065239921220231,1.000133488961500
-1.000390224132633,-0.065239921220231,0.999926425149249
-0.999520877176363,-1.026657813995422,-1.000347280620181
-0.999978296594730,-0.065239921220231,1.000110272307046
-0.999524869719606,-0.064434014498390,0.999635138222154
-1.000390224132633,-0.065239921220231,0.999926425149249
-1.000113147060064,0.941003682281316,1.000306684954019
-0.999521597646307,-0.065200316190891,0.999753986163227
-1.000027434558476,-0.065239921220231,0.999924491168955
-1.000113147060064,0.941003682281316,1.000306684954019
-0.999730659229598,-0.948282155464546,1.000425284437244
-0.999852334021843,-0.065239921220231,1.000038976556668
-0.016929592383116,0.999842903908595,0.999661537712145
-1.000007135159140,-0.065239921220231,0.999705563903655
-0.999978296594730,-0.065239921220231,1.000492097476063
-0.999717451647871,-0.909741014988665,1.623723998527189
-0.999991667057777,-0.065239921220231,1.000110272307046
-0.999748579806952,-0.067100980131167,0.999662158381487
-0.016929592383116,0.999842903908595,0.999661537712145
-0.999743912771194,-0.992501138999200,0.560155476611592
-0.999717451647871,-0.909741014988665,1.623723998527189
-0.999979930616779,-1.000432827263571,-1.000074544060812
-1.000245878907942,-0.976030793740525,0.999730877967908
-0.927917664835797,-1.000430746145233,-0.999510738580189
-0.999979930616779,-1.000432827263571,-1.000074544060812
-0.025636306096731,-0.999937539752541,-1.000082011297453
-0.019565195623416,-0.999556371977299,-1.000343185241699
-0.999979930616779,-1.000432827263571,-1.000074544060812
-0.999520877176363,-1.026657813995422,-1.000347280620181
-0.037740246411258,-1.000186533447504,-0.999997935264278
0.512132547664178,-0.999894745498599,-0.999891362226359
-0.019501903856872,-0.999919700387036,-1.000205040204734
-0.993300353988154,-0.999827716657609,-0.999607272107035
0.002896749016449,-1.000402086573170,-0.999987571241955
-0.019502313407453,-0.999804276538518,-0.999987583330866
-0.999979930616779,-1.000432827263571,-1.000074544060812
0.865747129559443,-1.000231628244471,-0.999826008462761
0.865747129559443,-1.000231628244471,-0.999826008462761
-0.019501903856872,-0.999684696169047,-1.000364864917559
-0.975551986991345,-0.999555681987908,-1.000269420991044
1.000480883636966,-0.497658993731404,-1.000331713977209
-0.855067944692099,-1.000212208440127,-1.000347400791522
0.451709764840217,-1.000426935120926,-0.999617021433673
-0.016579677460226,-0.999596837369664,-1.000342546350581
-0.019501903856872,-1.000535281571905,-1.000073574850751
-0.016579677460226,-0.999596837369664,-1.000342546350581
-0.019501903856872,-1.000426824655797,-1.000079281501662
-0.019501903856872,-1.000229742611377,-1.000107812814466
-0.012490679351353,-1.000535281516048,-1.000079281529251
0.901408658940593,-0.999988035387663,-1.000079279671870
-0.019501903856872,-1.000069599168310,-1.000205040204734
-0.993395751999305,-0.999535340120796,-0.711027795632762
-0.019501903856872,-1.000033326504953,-0.999896667067221
-0.016565518928777,-1.000301825075544,-0.999773896725145
-0.019501903856884,-0.999800897308541,-0.999891362258743
-0.019501903856872,-1.000426824655797,-1.000079281501662
-0.019501903856872,-0.999610148249807,-0.999791048783258
-0.019501903856872,-1.000230762021852,-0.999997935374039
-0.993300353988154,-0.999827716657609,-0.999607272107035
-0.016579780261447,-1.000174439544678,-1.000283147587863
-0.019301602479887,-1.000096174230602,-0.999972084845277
0.512132547664178,-0.999894745498599,-0.999891362226359
