0.999573622573280,1.000132114431011,0.114528414879087
1.000025560666104,0.999960270724687,0.577620753372091
1.000268484510732,0.999754097655295,0.012182468433730
0.999573622573280,1.000132114431011,0.114528414879087
1.000110423955708,1.000242907889460,0.011874175077157
0.999726024090412,0.999959288489967,0.012182468433730
1.000053751632097,1.000096732173909,0.940492822015537
0.999726024090412,0.999959288489967,0.012182468433730
0.999978824590448,0.999900401559923,0.012182468433730
1.245010896907540,1.000095031005918,-1.121445405010532
1.000293276683757,1.000241132897043,0.119286162703423
1.000246580355134,0.999745110449163,0.012182468433730
0.999978830334042,0.999954017467000,0.442345854735867
1.000135149662445,0.999959288489967,0.972919998023671
0.999647074960604,0.615227180189328,-0.845435767942639
0.999978824590448,0.999900401559923,0.012182468433730
0.999940930990864,0.999761876051438,0.012182468433730
0.999940930990864,0.999761876051438,0.012182468433730
1.245010896907540,1.000095031005918,-1.121445405010532
1.000273310578736,1.000141239171407,0.047703571061109
2.957036524766019,0.999859966229443,0.973160880566835
1.000185624039814,1.000208830520035,-0.889085916689435
0.999550642689839,1.502807350311038,-0.204189016194437
0.999727299823113,0.999965540650134,0.993213844426633
1.000150392949878,0.999756937141804,0.012182468433730
1.000011531522681,1.000023571019639,-0.640759361650038
1.000074472481696,0.999741674478235,0.012182468433730
1.000185624039814,1.000208830520035,-0.889085916689435
0.999889787942120,1.000172730687308,0.012182468433730
1.000290539580762,1.000420625275195,0.010886500489711
1.000246580355134,0.999745110449163,0.012182468433730
0.999949339344461,1.000253104927425,0.012182468433730
1.000011335049842,0.999761876051438,0.012483288612306
1.000246580355134,0.999900401559923,0.012182468433730
1.000011531522681,1.000023571019639,-0.640759361650038
1.000293276683757,1.000241132897043,0.119286162703423
-1.030720267286271,0.266743861141328,0.999667478938161
-0.999877058886920,0.324035479241150,0.999667528794607
-0.999858279211065,0.216839942482355,0.999921768355919
-1.000049459252648,0.216826755832477,1.000169911243778
-0.999770649772246,0.216826755832477,0.999760299768293
-1.000147199367256,0.216826755832477,1.000012996617770
-1.000316580380778,0.216826755832477,1.000266823164920
-1.000166112175510,-0.966777562580599,0.999728718214102
-0.999766102531696,0.216826755832477,1.000177068018207
-0.999944710631078,0.473978689020057,1.000012996617770
-1.000062266369196,0.953129799026188,0.999707422199586
-0.999980466383386,0.216826755832477,0.999994552617612
-1.000077637336822,0.216826755832477,0.999950990617675
-0.999959864935120,0.200215655105716,1.000617412486529
-1.000050658057572,0.216826755832477,0.999701330997807
-1.000271567858318,0.989413325230670,1.000011701653452
-1.000062266369196,0.953129799026188,0.999707422199586
-1.000425625280339,0.216826755832477,1.000011701648514
-0.999894700145514,0.978729892468383,0.999689644331361
-0.999877053582087,-0.991299357073450,1.000180921919420
-0.999925527518304,0.216826755832477,0.999694069918534
-0.999910751819292,0.299608431246300,1.000160852009285
-0.999959864935120,0.216826755832477,0.999837948003998
-1.000062144160865,8.958945164419339,0.999867087199153
-0.999889571920952,-0.967118910308110,1.000121769423929
-1.000287044867768,0.665718767225710,0.999951037536260
-1.026573819201061,0.216826755832477,1.030238468685464
-0.999853460144014,-1.000128710977669,-1.000292450950386
-1.000060674268400,0.216527765586508,1.000001502946671
-0.999823879850757,0.216826755832477,0.999701330997807
-0.999980466383386,0.216826755832477,0.999994552617612
-1.000166112175510,-0.966777562580599,0.999728718214102
-1.000050658057572,0.216826755832477,0.999701330997807
-0.999823879850757,0.216826755832477,0.999701330997807
-1.000059069004275,0.217065212846986,0.999876972466151
-0.999721148589655,0.216826755832477,1.000180032102793
-0.999864627479900,0.215261841812580,0.999707423180753
-1.000425625280339,0.216826755832477,1.000011701648514
-0.131941608244079,-0.999896572134778,-0.999852891414614
-0.130691469085003,-0.999989570898537,-1.000049009382325
-0.130691469085003,-0.999989570898537,-1.000049009382325
-0.131937390400677,-0.999554633821956,-1.000122967198171
-0.132987271246514,-0.999881406905902,-1.000170576361958
-0.999853460144014,-1.000128710977669,-1.000292450950386
-0.130482392050909,-1.000245218029081,-1.000048962513171
-0.131941608244079,-1.000214066443264,-0.999836828560807
0.882486626270436,-0.999461602150499,-1.000079698077686
-0.131941608244079,-1.000215810529864,-0.999897873574613
-0.133173303869890,-1.000241226183387,-0.999998301384851
-0.131941608244079,-1.000307056067737,-0.999971765184603
-0.131941608244079,-0.999896567985335,-1.000043890767190
-0.976630016992416,-0.999757089242471,-1.000270835291351
-0.131941608244079,-1.000107948160763,-0.999971768621162
-0.131941608244079,-0.999896567985335,-1.000043890767190
-0.132154900066851,-1.000093469746933,-1.000005436614926
-0.999853460144014,-1.000128710977669,-1.000292450950386
-0.131941608244079,-1.000050522680383,-1.000006161067626
-0.976360973275590,-1.000107948160763,-1.000160293522461
-0.132472951667155,-1.000050094475314,-0.999451638271995
-0.131501874551506,-1.000140030878098,-1.000338524247485
-0.131986005901287,-0.999791137021441,-0.999809599794217
-0.993870596212010,-1.000129107239131,-0.999769797259610
1.141494186120264,0.622871035587656,-0.999836870270401
1.141494186120264,0.622871035587656,-0.999836870270401
-0.131941608244079,-0.999988880842671,-0.999830101989438
-0.131941608244079,-0.999871131576619,-0.999822931981793
-0.131941608244079,-1.000040711510033,-0.999809599792856
0.434440862649220,-0.999758932308441,-1.000307590548289
-0.131941608244079,-1.000050522680383,-1.000006161067626
-0.131941608244079,-0.999498642716460,-0.999427096990123
-0.134911880748379,-1.000296588065177,-0.999446559515429
0.434440862649220,-0.999758932308441,-1.000307590548289
-0.131941608244079,-1.000040708109682,-1.000053033736356
-0.133173303869890,-1.000241226183387,-0.999998301384851
-0.131941835997118,-1.000093469729925,-1.000006160934262
-0.131941608244079,-0.999871131576619,-0.999822931981793
-0.143788552155773,-1.000258325521765,-0.999839148122824
