47.002455978524580
46.533041369347615
61.308923814137884
85.073011516871347
46.089545199447969
63.522710915545872
48.026779869436041
45.544783978173456
46.549436500538725
0.587337799782375
0.757756026062812
1.314482542372758
1.225689732867931
1.233537857629504
0.572424727056459
0.866923449320947
1.043735821039294
0.761218750487518
-77.033414889338275
-91.864422480573822
-44.736908309465406
-44.898794141406320
-45.314172627706746
-61.357833657548170
-44.068673513139743
-44.916499858820522
-43.823076370644188
