106.867674683222944
46.064675961073078
46.058588669429525
45.454100147297027
47.101361609395994
46.531650497659918
46.648714975721219
118.531125260744020
58.428081733120457
0.658405117984366
2.869005203635673
0.717336026840565
1.007766872191553
1.592989466064601
1.493206966815794
3.347151808605205
2.141628175753560
2.008658247011986
-42.061572592135668
-42.402596164428800
-43.109076629397563
-105.567984002841939
-42.659371229739129
-92.881698133953336
-43.824485332667621
-121.688781584059257
-43.326555753345083
