16147235151.599189758300781
-16736042895.108734130859375
129856759398.039413452148438
16147235151.995208740234375
223203299682.862243652343750
99005276212.912475585937500
28164290261.574859619140625
-39042558319.467285156250000
80435569102.631500244140625
16147235147.841655731201172
16147235149.484542846679688
16147235148.399187088012695
16147235148.447618484497070
16147235148.314888000488281
16147235148.140350341796875
-136377334450.849182128906250
16147235145.632781982421875
-252992051126.923919677734375
-50517827603.540130615234375
-63298119153.216613769531250
-86322650947.459167480468750
14264869259.160614013671875
-164886384948.090179443359375
125461463527.479339599609375
-160302730354.085784912109375
23487281291.078918457031250
101271774723.141143798828125
