-486.623742815551054
-481.701706320254516
-481.352298629286338
-298.480359704954822
4470.252550815551331
-498.258933587230274
-487.250523213153372
-483.402547758831986
-22737.779162915005145
1392.851146015686936
151.600798942380322
674.663392104085233
83.446217627348204
1363.322710419725809
623.982827014006261
649.497258591199511
2179.681861137484248
1712.857508354925130
2845.717581377769875
2852.695453217242175
-3312.688649532847194
2786.994998766310346
2854.062736588728512
2847.440780330206962
2859.395382576168231
-3981.174569813877042
2900.249290412335995
