172468518063.181274414062500
202716814961.945861816406250
203789919446.419738769531250
-24004541710.650817871093750
164843467221.954895019531250
138526766640.465393066406250
8079687342.030517578125000
201996707767.759643554687500
189807903383.269836425781250
-349287283082.593017578125000
220859862950.081726074218750
-343119668432.853515625000000
192499083180.103881835937500
230906218883.147460937500000
198473495453.615203857421875
204849314169.827758789062500
212142983693.864807128906250
-303709591015.179565429687500
-313626977721.742614746093750
-321599838132.007080078125000
-141863228336.437316894531250
-133188239474.058837890625000
-78728055180.830444335937500
-250378505706.887969970703125
-124331475801.534423828125000
-95718451536.586730957031250
-62404887026.300415039062500
