263875710007.577636718750000
297281296810.408691406250000
-13329946816.116210937500000
264554003072.024902343750000
248092983575.863372802734375
78840793166.227600097656250
-35383302661.308166503906250
237248052077.478576660156250
36609696372.367492675781250
-148390912403.182830810546875
243209324189.093383789062500
-256500699874.901214599609375
-263075940687.148559570312500
204881470748.568115234375000
206046573831.974975585937500
-154941103094.471740722656250
257214110789.802734375000000
-189374346217.441833496093750
64690515048.421203613281250
-252556146621.635894775390625
43898630599.383361816406250
-258333881761.274414062500000
-262161009498.637695312500000
-87581640778.767517089843750
-34374305502.043518066406250
-242169991715.808776855468750
-248269932656.466369628906250
