-41.791627195484807
-40.353519058145430
-43.693012551956265
-123.001407970382729
-616.782350690244130
-40.076195731701013
-40.940332362451528
46.619637120246779
-34.966841525481598
-0.405698966216107
1.735681795541810
45.899706241451753
54.885751465406933
-2.922560099579947
95.667445940049106
53.447815923732939
85.588613042259141
25.993843200698180
129.726031110560854
125.485057054103791
128.206365042604887
-156.451559413006038
129.469401978778251
129.993320677947452
-169.747295896896446
122.415264633978879
135.998466234180796
