71.842480199485479
44.699758139047859
49.987475218918419
44.529918203578283
44.329980807542668
59.476892101214268
55.785375274413738
81.570448732379532
44.427498690598576
-0.823285267168888
-0.476916380375275
-0.830505260694522
-0.791949224154052
-0.169811012020375
-0.980717962980361
-0.554643188792966
-1.031539487708756
-0.899648801821805
-45.917193537521740
-45.021044272653683
-46.469451540485267
-49.927558078343800
-60.706010178071573
-56.151782260967401
-57.757619111239990
-52.422658359821227
-75.717493442354908
