98592050515.015411376953125
-58907332643.175231933593750
29838203694.284072875976563
-2873977934.833679199218750
112494073423.741088867187500
-63247148342.428405761718750
253569920939.559478759765625
96187467485.329864501953125
-66472508963.733558654785156
228493155192.159149169921875
-151972061273.386657714843750
154161440172.941528320312500
241503191386.075469970703125
-152930627744.066162109375000
302142694796.582580566406250
232888520920.081695556640625
72515684633.124633789062500
-186462245953.261138916015625
-30740794027.135009765625000
-283206119618.344360351562500
4571892328.427246093750000
-310552399378.535217285156250
-177129665510.409454345703125
-34780944982.677734375000000
-109416596573.503326416015625
-247536162217.455413818359375
49270289675.631103515625000
