52.759055705156968
43.327266484323800
44.097225886322619
44.135488353732121
59.884875694619410
52.897224519069312
41.935764873533422
64.108438784108046
61.294001290808836
-1.418342428295006
-1.345806983200717
-1.238777327187684
-1.103944425543906
-1.272175583536523
-1.660817616856633
-1.321880106361156
-1.488649604734409
-1.266707827548717
-47.399395338262686
-47.604060947409465
-46.597226745531714
-62.750145941232809
-47.896396766798929
-60.703647166527119
-46.959168773450273
-45.459677351040895
-46.952520658155613
