1.285257450576968,1.046601536651686,1.047661590650842,1.039705800772555,4.561000632730616,1.060070224452146,0.622400684927134,3.166905940510306,0.606378458520403,3.298748035709075
2.242217078740850,1.183162803874260,1.083695544632962,1.039999103140181,6.197625922388502,1.526008883521690,0.720096890172878,4.446062804953669,0.686664729814694,3.711273999631992
1.705749570282687,0.999516037817326,1.000292490715991,1.000197320091539,19.986882880366654,2.313472979928369,1.112156426460665,3.956048740274797,1.067553857211907,5.465094802795222
2.439878247214812,1.352291020283931,1.246557858676018,1.148474753219623,15.457825228329531,2.234947585595291,0.991640966134593,5.436171185172816,0.932996317270228,4.322209283984170
0.999423321614020,1.100362105772910,1.098002660003395,1.062069352131119,12.080143444912371,2.296831252158313,1.024695039632847,7.034358936578544,0.959456094915784,4.298444064696579
2.190805000790063,1.360572586042300,1.222384454260814,1.131517932400130,5.167430714180465,1.007776781679068,0.713862896751553,3.353648166696568,0.678307171712179,3.368228398926485
2.021491955544408,1.339976881260596,1.229695357848379,1.146918322035086,5.515464905758872,1.067337364535679,0.692686889102702,3.369269484986896,0.646733802689671,3.342757672491131
1.000050424100035,0.999907607008619,0.999825758364960,1.000482262214938,5.754864467962596,1.264098282263229,0.911655946193202,4.556646039703079,0.913229380865930,3.644017790869873
3.478405522338467,1.232799729903582,1.018857778738071,1.000140504209085,6.230461282987092,0.983356183944869,0.531157023147294,2.849109581182275,0.565434478508031,3.453288661945779
1.697816515794081,1.273708356330405,1.201533700680536,1.134560190196630,6.295370522947419,1.226522309672797,0.738729438634117,3.733903496143264,0.674852815817160,3.364039424346568
3.324545190844155,1.317900333239908,1.089604311821691,1.043124559895391,14.256305628603220,1.420735717796965,0.715707291065783,2.901093037454924,0.732677292876734,4.003412449652457
1.896138209021050,1.165613216768115,1.136811257194742,1.082788363147392,18.269399469145032,2.401866212917979,1.097581493954421,5.077367685472565,1.045330225222520,4.905800734393933
1.647726397775212,1.186485197767542,1.138509472022152,1.096527506952976,4.780813933317328,1.021133322852592,0.626132293506329,3.114654394174825,0.601479188767547,3.302665862747316
2.578535990818616,1.214558711169926,1.087212713933147,1.040361383678554,6.081006992514835,1.412835010520445,0.676091262518715,4.062832801948973,0.654088690731804,3.636076407600608
2.286733372898435,1.153439279123267,1.051489961673216,1.016092635543389,5.646582796328973,1.419874162370320,0.682576434745601,4.125022209343170,0.658918294885776,3.658833098141445
1.266520288225468,1.000167732085743,0.999949321237281,0.999629238780793,3.385009167264920,0.791293370089113,0.523070909864905,2.662834003591135,0.548625756955875,3.273150073532326
3.831344372483822,1.372620054978001,1.113349659728086,1.064933575033909,9.699046644743182,1.156499401818835,0.597861709852363,2.901556458436436,0.626195171006662,3.599140483274633
1.209335683266113,1.057166028653738,1.064249182671756,1.053424330034880,5.684192216242355,1.275247893634824,0.707752741138919,3.650056225134721,0.658342506240960,3.332475076485010
2.193451083655232,1.274169970918033,1.173310480803794,1.104146856390293,8.549656860071108,1.837946545762219,0.830535276545171,5.375992956765156,0.774473526525852,3.869875764830184
1.966748477507153,1.273348129660351,1.183609121728842,1.119666541393649,4.442491012009169,0.903135628619251,0.599611056094630,2.902192901768713,0.583661788222705,3.296775270857022
3.447350228920344,1.488902835140813,1.283394840770707,1.173278328970336,14.747412641256167,1.874687315678899,0.854567456826894,4.160189653392555,0.821373962597875,4.076724450944002
2.447054985402258,1.238718013466897,1.121055714326543,1.065243419502721,6.745807321646145,1.556701187352121,0.727556276127940,4.495758561315277,0.692119000693784,3.710418789079649
2.883245755968543,1.371368114267363,1.229817097990007,1.139904180409342,17.260498429311571,2.109542345203980,0.964255957447489,4.312652587870899,0.922377808329310,4.477396258635643
1.000176864323280,1.000093569818962,0.999791224033762,0.999871059326657,6.343138786781649,1.802929002906395,0.847180205654841,5.645580926869973,0.794669798288221,3.988403351833864
1.982076226759047,1.230426472394842,1.180108756493216,1.107612970267496,17.048311763282971,2.371645984127399,1.065171932711824,5.490821273005221,1.008748644168558,4.637092981615592
1.000355418101162,1.099871942407334,1.092327981153707,1.064623715877137,7.401309853311494,1.436846836243449,0.914301083586523,4.863701113066401,0.860230987882190,3.589316515866102
-1.759100185235984,-0.882331221600048,-0.485935816892530,0.055493810064596,1.504945040964369,1.289356817905991,1.095679831931484,6.955642089173180,1.367593708601059,5.820496411806896
-2.463373066208751,-0.185413464138745,0.274398892170430,0.552651994207890,11.436208674434555,2.233433845041855,1.210222852217847,10.379448836973292,1.208410738599676,4.673299984329260
-1.000310232575943,0.631592675111433,0.777616266362516,0.893528020820783,8.366086202608306,2.211973705689559,1.067922711143326,8.256050515658281,1.031463653112616,4.588065235731769
-3.073480036950473,-0.513818759501628,0.042955013638591,0.452655218817413,7.848632099998804,1.840344286152123,1.189733142415681,10.054038455621118,1.375680670941349,5.682606381270054
-3.415610437117994,-1.067593039460037,-0.440499812990959,0.136470762988878,1.000012085360898,1.161814845781580,1.025180084735100,10.131679603677519,1.433445096434472,7.381429101593811
-2.192344789644713,-0.233879089407858,0.206108990656270,0.494207199874670,10.786623160566114,2.259788190989383,1.202119104006675,10.087621128811236,1.181338310561544,4.515889218619207
-3.023623273878615,-1.010906156732686,-0.415086582228275,0.101085417448358,1.020369834740728,1.223673870821950,1.022565276257683,12.308583987825934,1.401332575928138,6.905037245923636
-0.999690585877516,0.352399736106366,0.629590649686917,0.770138098185444,16.139571630305131,2.505356751217696,1.257606735618631,6.594977422368558,1.277984984819932,6.022351858228039
-2.338005889064297,-0.587946912335855,-0.091498715669560,0.330725335979229,7.179893942283590,1.701859277063898,1.230932850601458,3.868437616431503,1.374500798984857,9.203057579325566
-2.107788737654739,-0.126553522586125,0.295266295499611,0.617882245823733,6.420670814983771,1.601441359451146,1.138415925266741,7.680628696733340,1.319752074732494,5.015944107178302
-1.679720599497174,-0.748094471098347,-0.344557664339336,0.153985389076310,3.250868571454937,1.649650345923259,1.158898234246721,7.081957746029426,1.345007633375807,5.163138470975071
-3.391433090437181,-0.227275385002818,0.114598733645123,0.561833353081175,2.645044338235207,1.497174059315085,1.038440751022222,7.102601697032485,1.125285209413494,5.327921214522219
-4.412026265410574,-0.662308578350950,-0.279494841227161,0.364690260097279,1.487699802100769,1.084504558129284,1.034533620838489,7.441619482885768,1.244460125610297,5.901201021823885
-2.384113910466725,-0.313397647286600,0.153549051056484,0.461261394778384,10.667931184435572,2.232976659476811,1.206863628339169,10.582040667976699,1.208993247277849,4.676601579781524
-1.550093800560933,-0.155783647285253,0.202113974980224,0.542626992290098,2.418818256413005,1.059294386554800,0.999808892559714,5.579920785446113,1.288781015358770,4.772516209095226
-3.220153924772971,-0.075247497783401,0.260386618103370,0.591292558351880,8.243839027211726,2.074182856994799,1.152000146096817,9.930387252007982,1.254946283346642,5.405561708960437
-3.428932003225598,-0.974234246470139,-0.344787689933686,0.196127229682607,3.055025172818375,1.393562113806421,1.082729032167305,10.721023089476809,1.431021348730519,6.941299273620555
-4.510816457649069,-0.672072663364601,-0.290630808230007,0.346424117710643,1.977117930928743,1.163765805983934,1.046901176951487,8.290540676354011,1.276459013475366,5.976570760511247
-2.423480889366048,-0.518061945190169,-0.028506782543702,0.368871949742650,8.484090838393646,1.780620424478308,1.231114308796519,4.638096792216793,1.392962829991056,8.676274017626335
-3.256898689604314,-0.662608375483706,-0.073895502467788,0.380460246896754,6.768250010508794,1.739988017148658,1.170971379436490,10.267893355079131,1.403651604026243,6.036222166792492
-3.234342869343767,-0.936997797735406,-0.321955449174453,0.177939321632932,3.650981385098998,1.503030929226016,1.092838149279671,12.113630544750485,1.400757769447298,6.573854336289844
-3.319806387927184,-0.982976035117100,-0.389111892626524,0.201944608245319,1.224930895026432,0.999919452910707,0.999818343011253,7.737309414769321,1.434027370985298,7.110279731710039
-3.466135262603545,-0.758129740987224,-0.243344586715329,0.218234753104176,4.411715933000115,1.230585971357009,1.015843366389285,8.256948447777802,1.392309835764055,7.194613387291092
-2.841654281431789,-0.361214016969801,0.156610823766647,0.491359686484463,10.402032881004502,2.127590661943155,1.214825753189709,10.842772584462651,1.283072315801471,5.096730425938201
-1.817258112741456,-0.342207185303706,0.111039450853921,0.462595007349564,10.800757307488558,2.058779148747135,1.301176293015244,3.969789679984385,1.369539153975066,8.656880622767236
-0.999876874854189,0.424038962965655,0.678694352492102,0.833314760842607,8.330079860769555,1.736156720101459,1.108462832640048,6.984476630348439,1.143261655743032,4.245696515722676
-4.131292521568137,-0.623722830714736,-0.237282231520982,0.385876495590244,1.000227960689104,0.999542823570207,1.000493945943241,6.156534987180917,1.185103075048606,5.762399381488940
-3.768113795774870,-0.748598195617618,-0.257885149709481,0.227880725307716,3.544177852479554,1.239064542512486,1.000069525088384,8.869983541387239,1.370399388129400,6.666290966032404
-1.825797465441079,-0.666577684986218,-0.199170335482888,0.243818942094612,6.559876217321763,1.579216622019508,1.183892801448601,2.261279436767910,1.193324950952342,9.897804359322535
-1.466701058448010,0.316598137377194,0.625171136373085,0.794802802314582,10.331828948211580,1.984905793430510,1.151164844101873,8.034632232666223,1.141458840169868,4.304785261857787
-2.905806487078796,-0.982720666877107,-0.402712967715028,0.099503273489763,1.547354653702697,1.251566262808654,1.028634966516373,12.608625400638360,1.390756453233765,6.780521335804953
-4.598386955729463,-0.792231366180916,-0.406849855356312,0.256105539722021,1.444574630926117,0.999936871181996,1.000021519102985,8.294217196684210,1.294690848925215,6.192042887142010
-1.097067186532022,-0.374666172185670,-0.038327370129259,0.355862756399233,4.850603632957789,1.994996755406069,1.135308743414076,6.014948546066696,1.203300165490202,4.004255903156580
-1.937517613286506,-0.531566761765021,-0.053047506351767,0.355900102071876,8.084671435459219,1.828078671915816,1.265600712030267,3.145309387758231,1.329192654924248,9.407483950100172
-1.640717821645320,0.464748497873630,0.659538499907193,0.830264337173919,8.261455994614783,2.218038407761012,1.102601968438474,8.793752115981697,1.087807254354841,4.770364548014358
-1.813997883634874,-0.855682021995871,-0.445775294244584,0.080744156809571,2.118812430668613,1.381061272371752,1.111223173788148,7.476058158889384,1.363420677379947,5.769602440913769
-3.296270976873944,-0.821965431563391,-0.300619804362639,0.176434691505925,3.633606716822091,1.072522035193843,0.999641915435817,7.520570673138556,1.400401094611428,7.870141538796138
-1.919563848585979,-0.554447094698312,-0.075631682412284,0.339989875347559,7.771582982177184,1.795766971043966,1.258041053215824,2.980643067430567,1.313655120507608,9.515452895047460
-2.715033572677363,-0.903931396976025,-0.394573865786394,0.123501055554124,0.999536679894978,0.999695516112652,1.064322981613880,3.096600326407068,1.317480592273327,10.267300559992975
-3.175912490891037,-0.446032240120532,0.024303556954976,0.391713074076665,9.092257657970569,1.787838761303056,1.135858260513506,8.187878935819386,1.370970932165851,6.660868796825415
-1.781786244865802,-0.791458072055513,-0.363150084882136,0.098127463291213,5.454944214405165,1.173255366987799,1.011383119074075,1.690579764905717,0.983206331240094,9.962698950433811
-1.487638287566631,0.170023464102371,0.501977441424361,0.691673698926845,15.143926127237327,2.419502773575848,1.261952396583119,6.667363563096290,1.313287387535208,6.318978708290144
-2.972630724565778,-0.654751569006442,-0.091687789023353,0.310609110162609,8.348691337833960,1.973931760458864,1.183189171030516,12.131803487742832,1.319312823599523,5.510081987960794
-1.051911005928985,-0.264637526060775,0.082332732574337,0.411641687342097,14.640184455673099,1.860769284822878,1.176430678613453,2.575349150567264,1.124365021351506,8.740905769061207
-3.257032301935341,-0.679324980532478,-0.090334400238917,0.375441864333593,6.274314707903226,1.676682363237734,1.161031289790162,9.973686320702924,1.413207254034825,6.118056237780950
-1.031000599884716,0.496130372932881,0.741592721392173,0.855993608289470,10.952569072485288,2.026093117358340,1.116620572592048,7.623393966527502,1.050327634315168,4.029093380655220
-1.479004190724966,-0.664226004658147,-0.283419849533633,0.199386523727114,3.566887814591588,1.774799556676135,1.169758788282807,6.402794512089702,1.322860022748696,4.708216670556666
-1.082577722540486,0.556791616475684,0.716761286787454,0.860836130220534,5.881031394620612,1.982707019814631,1.000218405420624,7.295073767446869,0.967713182519293,4.520073029209353
-2.730785631158077,-0.505005242614395,-0.015891204115664,0.369714656867577,8.974526345949434,1.748907338469298,1.189104337061830,5.953428212589841,1.399033431867207,7.960432593716764
-2.603730201520748,-0.555393859830764,-0.056008284981215,0.408409362284491,2.906985421843851,1.170954155225114,1.050349400794905,6.977567664694860,1.396257603668191,5.759370546140148
-2.057180892792080,-0.933414418498906,-0.466273671882063,0.037595774766522,0.999626580825994,1.000283850277351,1.000021522978294,1.407042519077920,1.021187505741943,10.395671136185108
-1.764239825863411,-0.683304345842987,-0.263735380232371,0.202723221925566,4.396352575273417,1.786935439346539,1.175367180568917,7.815436346663130,1.323561583737754,5.076200451502250
-1.160535942834324,0.008471313116443,0.333729516439291,0.582325200197744,8.677011059488267,2.222168669061768,1.138828512467240,7.311486732226841,1.080147340974766,3.946691580018245
-4.560559914942123,-0.745964823993140,-0.358281205023768,0.282663218462025,1.894949587939001,1.101722414871958,1.019663102971500,8.580836328132040,1.299004054880794,6.142269520695816
-1.032538769215964,-0.439341872067631,-0.129110626352017,0.291620849094048,4.159132968786245,1.824421708882426,1.082810878718781,5.657384099202895,1.196369203967626,3.864768546741195
-2.215587319408606,-0.954551424172162,-0.497257888286521,0.023932459377609,1.000367804645344,0.999937047909075,0.999716160673980,10.474026376492478,1.362877399684358,7.023641391698455
-0.999822477060061,-0.140589275240417,0.230237540687357,0.530612850372493,14.525288502204054,2.175837020028438,1.294246891213177,3.173830472442531,1.264709922700294,8.517503123572666
-3.872002015289093,-0.308671775492333,0.043519753688743,0.523156313230306,4.030062889329839,1.658924655065128,1.107964450182288,9.037718608046848,1.233585855280062,5.568033863958956
-4.005709642739562,-0.423656004221425,-0.035443520171280,0.432295379238333,5.480249312923993,1.697042845498197,1.107324634653526,9.862577086812760,1.303582297648187,5.800705436129842
-1.702834107380372,-0.016130275380638,0.355023358187541,0.590415238197865,10.846273131246347,2.281290484038209,1.175071347634239,8.884034666288917,1.108825153236268,4.174754260547339
-1.000305697923649,-0.182961109475638,0.142048459486336,0.468432697901477,6.049998738326741,2.104732253637946,1.124843359904167,6.256129432448082,1.133189508273696,3.899943160887567
-1.284978238529231,-0.885471025573840,-0.615078821789300,-0.032160500373116,0.999829734218744,1.000166375131571,0.999991371920149,4.066143321980184,1.309737089206844,4.583365239693094
-1.524651808384004,-0.026987617060027,0.359889569975928,0.612599338169788,14.205508673587266,2.327810730167400,1.304657089759406,5.273656101934263,1.361171951791614,7.370493431959150
-1.284323741556190,0.530678705064211,0.701414568248836,0.855927349965752,6.594628500379917,2.070540249101055,1.039049810745231,7.859689085619612,1.010041414460479,4.608969857165722
-1.969441125361315,-0.095271352444824,0.309535275414241,0.575180310977848,13.400016292845029,2.242704903693058,1.266576735442455,6.180485681252655,1.362859202179348,7.038850815045732
-4.008544910074995,-0.573513776612204,-0.141557476130531,0.337985548035830,5.008876656055511,1.527070428041655,1.065039051547863,9.549316768262516,1.335447213123019,6.102400004404005
-2.688744832495343,-1.069965186978772,-0.631549275700041,-0.063731784240431,-3.929857124603795,-0.009587331324246,0.749983924588995,5.981098130101117,1.316528526882451,10.209795144020301
-2.344408788706911,-1.042861510850237,-0.578697614095950,-0.039161850228721,-3.005174567226926,0.402703142632980,0.833933684963128,10.883048535271687,1.369250515050289,8.312498500529639
-1.794875640703126,-1.058486977771964,-0.740055849744680,-0.155813944573189,-3.789640639844253,0.071257147715523,0.772349856768657,6.273708188486935,1.280085573700659,8.328636598319047
-3.332098789355035,-1.010901284954799,-0.498497077347408,0.052650028963979,-2.798675931055750,0.535773605009985,0.835541394588155,8.238034577725330,1.378041380991876,7.535764272162543
-3.558009296308557,-1.035360384831377,-0.562695524512474,0.033971275942325,-3.810126929258653,0.408053194767367,0.793425335087790,7.214827717483011,1.332630022705648,7.414441047288367
-2.677463217729148,-1.074079077024250,-0.564318447688960,-0.017335338399628,-4.871549748465393,0.320116196868747,0.798714658671813,9.915562606403917,1.391738153853041,8.182425632276328
-4.003760606474589,-1.132473635053689,-0.817489893492615,-0.070050304080649,-4.422992269940783,-0.194816356278334,0.632359986069392,3.668730381882562,1.120261076973230,6.951632651828335
-2.990500237594112,-1.330936608807096,-0.853604606112382,-0.159789893266507,-8.167987163659122,-0.243558044276572,0.582978252940366,3.689184251359656,1.196411098970423,9.272824189171942
-2.853504227631098,-1.087285721292710,-0.568708350488682,-0.010206575468806,-5.629708091652853,0.308590298006758,0.786087867037928,9.121218286272423,1.387395796013428,7.983930520127540
-1.741508530621611,-1.066184548899140,-0.766436784626087,-0.176657819476641,-4.151177106041866,-0.008817514289951,0.749969791343537,5.545190581955694,1.261874898461159,8.298377849547020
-1.496057109457154,-1.098212481445827,-0.944354869580825,-0.363167506209837,-7.319116363388405,-0.873332885988806,0.437688185444499,1.000190454596511,1.000118497433323,8.550115003570099
-2.082463403069966,-1.126718466685735,-0.870102123249301,-0.288926296358296,-9.700749612714342,-1.011461519861064,0.412679887387283,2.873942069395088,1.036692210195536,11.633876926523278
-4.440122100550372,-1.158704617309065,-0.858239755196342,-0.003514278686576,-2.074073714346904,-0.271364992717232,0.713835234530465,3.092995663109326,1.106929779869866,5.987381862648190
-3.396988523082278,-1.150529832861542,-0.535746251061499,0.081497291973055,-0.999482543459667,0.888025449838846,0.954214509604195,8.944800416085549,1.422774347518412,7.861866951840122
-2.332878417100702,-1.021846964734437,-0.552556796273739,-0.020573687000604,-1.672543738307257,0.598879788510041,0.886230844441432,11.229545564932142,1.369488697152343,7.915908431732395
-1.403200609751530,-1.000161268155432,-0.731004371456158,-0.117787550217600,-1.067413592850719,0.627334516172473,0.935693555212554,3.221720012138986,1.309772231510014,5.448208629566301
-4.069611972916618,-1.109006388578251,-0.774610224717179,-0.038224954078997,-3.925441480540039,-0.049336990181855,0.679088485256486,4.394046587415041,1.160545961480079,6.954378157300491
-3.136244074226171,-1.057905602171495,-0.505506588026917,0.116924648904557,-1.061565095445059,0.587169265099937,0.868217405676166,5.924567986675164,1.373547530073698,7.191553004971501
-4.284364054014333,-0.999886336501707,-0.630053880715752,0.160751754395571,-0.999815499916150,0.135836862027222,0.842237710224107,3.306997705222585,1.149025691950845,5.968856580200237
-2.854504714649983,-1.366870473688831,-0.965177679338831,-0.268279011696616,-8.890541313930415,-0.660517548369536,0.391016794347081,0.999941944317819,0.999903463740528,9.302790419253324
-2.896670125908632,-1.235329103435945,-0.723816246743360,-0.082599849200371,-8.446401702006547,0.052095467962846,0.701930332558361,6.586108677431049,1.317775020684360,8.720632582921880
-1.217736877335247,-0.999572434142978,-0.897353255958214,-0.317539104822004,-1.225314170745256,-0.281121798518210,0.583355551486584,0.999702183267578,0.999540954634908,4.485891379698610
-3.860442019416020,-1.022065409914010,-0.589400080344311,0.043792257057190,-3.042830956669905,0.410716170720706,0.795507049474231,6.731043561924317,1.295725130008122,7.178024916986551
-1.803267513148037,-1.010838561823615,-0.649357268964738,-0.072319816416722,-1.380637853426921,0.632829376480933,0.936753575306028,6.679476935813154,1.342737917837212,7.103189684087492
-3.488709486768687,-1.053615794697789,-0.581933911952520,0.018876464340236,-4.463032839798965,0.339184923130505,0.775016043282264,7.047218989046321,1.328731007535479,7.511083900716430
-2.973912733791371,-1.179924185489510,-0.738295024804132,-0.097351446116625,-9.267442786634112,-0.193697446403738,0.620060061393499,5.017728730210187,1.255544816034953,8.405506848753383
-2.917412885872451,-1.049840970194641,-0.539261813165706,0.076600698256153,-2.103442062244830,0.353820042089199,0.778432557164186,4.793511761732717,1.310067064006086,6.882831683471874
-3.185259035706060,-1.072710431035604,-0.512695586594482,0.114029385758930,-0.999629223433494,0.610851001446335,0.876697104854450,6.105773753016209,1.380298967649953,7.295645448605194
-3.646838980729088,-0.999914396270899,-0.521969900579198,0.062340702609257,-2.650111471521820,0.539647364124841,0.828343036846838,7.583244146578686,1.342774000421697,7.263845170134824
-3.149647433243540,-1.091771512378698,-0.485229357591367,0.074086961441203,-1.000166823265993,1.018291013729101,0.975977114900468,11.132076100458136,1.415788058579086,7.400475391941548
-3.185713919238284,-1.039028712276015,-0.524186100820519,0.030053418279935,-3.784156677935892,0.441510320584886,0.814298487372404,8.353247815698069,1.381025221850163,7.704094680810390
-2.786767386362921,-1.066325876361438,-0.503664571223203,0.030941112917744,-2.289673437423025,0.823326551482099,0.923510685703121,11.861089047549711,1.401641675764693,7.416887645973302
-2.984122116976835,-1.000299830629214,-0.504202021928025,0.032561338739948,-0.999724156845426,0.446191197668877,0.861173456608150,7.014723190634070,1.378710117580646,9.076200763606284
-2.759321979944856,-1.051119684749231,-0.492063371002662,0.035761423412115,-1.713498123050857,0.868372700668950,0.935619862918044,12.078218225707616,1.399057698797061,7.343819819178343
-3.003025182521090,-1.130265229019058,-0.639141387530707,-0.039056828341828,-7.520808757628290,0.112907250801701,0.719686512034750,7.209838315236162,1.339383419039244,8.055937682454598
-2.299428519378755,-1.024403078898542,-0.564346327457550,-0.029220696342142,-1.877889355474205,0.548119473788513,0.874971635761005,11.021574336546497,1.365906477305054,8.022830405083036
-2.518237835177588,-1.115647360340395,-0.638446455684880,-0.073275994624581,-5.383389021154793,0.445489614953592,0.884291601956073,0.999622607360230,1.076346264515384,11.116711473064768
-2.630317373255616,-1.072186932869657,-0.566095825584595,-0.020528987962138,-4.732867542832659,0.323375918401267,0.801337141129650,10.121050393494464,1.390753619180886,8.220483997494709
-1.913712620231433,-1.086126606203824,-0.814421093295563,-0.236702771833569,-7.469369899158503,-0.698450008820600,0.522127921464833,5.226452111222731,1.155748217973886,10.596829836446787
-2.998743319073277,-1.173180868893093,-0.729256064714277,-0.090788980367982,-9.050805606034762,-0.165707438533999,0.629059266100821,5.169289643979369,1.261916064114162,8.346283329738032
-1.830680081419651,-0.999867487905508,-0.627902461419666,-0.056496009910137,-1.000439619655238,0.709120786565528,0.955345591866420,7.009390347634321,1.349005749200263,7.022785798188492
-2.507806158536042,-1.090038234277694,-0.683458878301252,-0.094922350715092,-4.384867337395354,-0.227908352101469,0.501577361573086,2.346238544774828,1.071821471708954,6.212448678261154
-3.980558019609196,-1.051777581191378,-0.657302023638848,0.017913897675254,-3.394750467118281,0.257105726062956,0.758177406391123,5.916650726381086,1.249950438594974,7.119035794681630
-2.151497241386017,-0.999890756929446,-0.529509512236901,-0.008994175338113,-1.000370320591495,0.843606672514693,0.957635210571689,1.190128199019154,0.999914873704984,10.539531928516846
-2.905142007538525,-1.246371147316344,-0.738866474192116,-0.090758199951488,-8.534256422677759,0.015883849968153,0.689480202024852,6.242805011743066,1.306582062960513,8.806967146651356
-2.515867347775798,-1.142397771271173,-0.753276667015598,-0.159754945215658,-4.963630378931921,-0.379078612233557,0.424207047864133,1.789214752499320,1.000253656912122,6.326906515309684
-2.634821998842524,-1.071695537300758,-0.540095388929181,-0.001465701874090,-3.715182130006790,0.573648229089700,0.862691180203688,11.369172810920460,1.396619184955109,7.772581364819604
-1.791758402940579,-1.090587004487570,-0.868577674056743,-0.293642687225347,-8.377620742736335,-0.916638499460838,0.438637774426380,3.793404901070998,1.071087865376509,10.632039016883859
-3.232390030918986,-1.191431586672805,-0.900065526765338,-0.195190449506989,-8.565677974018161,-0.691785284541177,0.429368228306858,1.000019475039345,1.000344062821021,7.865498164713355
-1.476520873497697,-1.085558101059105,-0.863151647912375,-0.247776610677053,-4.162020830737857,-0.110053371228352,0.719974101550665,2.077403071803412,1.196472669287751,6.893769856359285
-3.143433467343752,-1.024351250230849,-0.505327769959053,0.037507892406314,-3.022460025812402,0.482531597480046,0.830520528468621,8.542497359299105,1.389461214526666,7.795992310380287
-2.146880506253263,-1.144529522553103,-0.884815448813316,-0.302205061539961,-10.332700120965180,-1.051431553184714,0.395938002974651,2.161147034660286,0.999582848513644,11.819168416722146
-1.715697243857397,-1.039593538531409,-0.712565205780910,-0.120255891284616,-2.441278060278754,0.408218252176306,0.879148625320996,5.546952731838422,1.316836178886194,7.267563736727033
-4.474193966133686,-1.097585726895458,-0.760507363761353,0.078687288542202,-1.434025731836057,-0.052593598339128,0.796220394799643,3.558042299743619,1.152194106948470,6.017981752954618
-2.845308306904824,-1.221783809894081,-0.782379330984024,-0.129359659498448,-10.170059752624955,-0.301939271672071,0.583822447194558,4.402368744323475,1.228742329350224,8.776792507945506
-2.847692807348539,-1.206379761486068,-0.713071990607939,-0.083225041971716,-9.068415293886121,-0.018958691839750,0.680988257554116,6.500214640069778,1.312603028364214,8.578537713592134
-2.842286860424291,-1.265091852336164,-0.802622276970883,-0.137914642307932,-9.802892413001739,-0.253921052792414,0.596861226760364,4.485744290984449,1.233162756295072,9.059929646234156
-4.152971438161976,-1.216143642399162,-0.954644724870465,-0.085780757962759,-2.608497556151447,-0.676888693840593,0.591169108524539,0.999810977897435,1.000118451046768,5.622397695811095
-2.933726314706012,-1.000092445074743,-0.478351164285136,0.124766647680008,-1.361267725619723,0.496094979197968,0.833315064879075,5.288255732994067,1.343938868286196,6.786899453647163
-1.208076467174086,-0.902248641410345,-1.087985725947011,-0.997569546128349,-12.762296482714001,-2.681140719503925,-0.945763438776787,-7.408554254258126,-0.725244990138434,2.160136285181983
-3.779309424611806,-1.231254839029856,-1.000375803068204,-0.147700066030805,-2.799625785309812,-0.999885446852543,0.480281968052468,-1.000326669757855,0.895336003168359,5.193618553353893
-1.226288839588432,-1.004487677439235,-1.098459405918285,-0.735545732192429,-9.445462440717678,-2.113002614315908,-0.315103185825642,-5.494365582512872,0.105665835953715,5.585589837409799
-1.602031603036006,-1.109534107931006,-1.116247394918159,-0.714658920578770,-16.624738843923165,-2.330179544971002,-0.362447501612799,-4.249861315770174,0.101477877786085,9.234246816788122
-1.689226041004374,-1.178184022119550,-1.068662222289850,-0.769652896358949,-15.266403076401085,-1.661855154588650,-0.441211026875327,-1.833486197989995,-0.428446128310420,4.205611915436394
-2.019835649958220,-1.316525608259070,-1.104075069021567,-0.656360852209998,-18.273436877305169,-1.477650831289460,-0.101462411002261,-2.414058416198212,0.029133209184562,8.084522654169264
-2.935968619761322,-1.208550112881854,-1.031827988193960,-0.339795956663866,-9.184123111120769,-1.240302232947319,0.174643569517982,-2.670585042104612,0.693046005021672,7.382349957736641
-1.322385967918164,-0.971417342494483,-1.121679501829316,-0.982007719977181,-15.991886959048779,-2.749341388006955,-0.921459641319045,-6.934815510945906,-0.666907488597208,3.569095836131706
-1.816353238943627,-1.118376855636367,-1.111867074718911,-0.848258240679863,-7.756344105583532,-1.853542950998505,-0.684637982347382,-6.735695743808883,-0.449762194331312,3.772165096815626
-1.610490554245291,-1.151485239513687,-1.152023618281620,-0.958975406165957,-20.197948261417462,-2.356075684359705,-0.821205416461831,-4.113428927654947,-0.739912916534116,2.498583178733131
-1.193374961988393,-1.012958676991564,-1.000214766947852,-0.480720112345101,-3.149987716639073,-1.000196849262065,0.274076928582673,-1.458506378568147,0.696093261437052,4.442347171301992
-1.873076170904033,-1.278083886250454,-1.146798436310876,-0.777301010743285,-19.784972536010553,-1.871851500900036,-0.372188834769508,-3.126638264890143,-0.249990063897167,6.397153725495921
-3.156645749193168,-1.204323911795463,-1.006900126504060,-0.291926937190504,-8.291150649455989,-1.079068866299464,0.260713359057259,-1.551103976907192,0.779300892547302,7.220313490190659
-1.245638638725776,-1.054379744111152,-1.061765084940262,-0.567903667829286,-6.696185826716535,-1.464441735097034,0.093226776981900,-3.325679093737939,0.560313507355835,5.809922189914223
-1.341656425563027,-0.963978485888914,-1.113079040676172,-1.068444676196466,-17.516374896573563,-2.776292968527454,-1.113594977962205,-6.631373842347321,-0.971363761016891,0.999799432388953
-2.495686502162092,-1.338197986498320,-1.075004554478848,-0.474232637647538,-8.464177334376169,-1.201671338571020,0.012471864312519,-2.217732513441085,0.545817918925295,7.727170063354424
-2.475473394679033,-1.292306707997777,-1.000137784318522,-0.415421346342327,-7.235492607490270,-1.000075197237256,0.086905531093873,-1.000132244718884,0.634938328003901,6.926988261771283
-1.624400378108985,-1.129678184884410,-1.152232669805394,-0.821958432977612,-18.962095757069630,-2.491246438606183,-0.560641568075720,-5.123331592913429,-0.208582784916012,7.604982886775773
-2.214858383373377,-1.326133185041865,-1.023456276142312,-0.498171543386386,-16.062148365062722,-1.001308512300892,0.217676951940517,-1.670230587168574,0.390054298782321,9.925283538874025
-1.946775190990091,-1.278158250839851,-1.147959856535369,-0.724639202685380,-20.261353652101530,-1.956169888456360,-0.276857773807753,-3.582485461506904,-0.028410310831924,8.398211988918366
-1.899956814237342,-1.240123373431609,-0.999484662678898,-0.565621226445755,-12.342462535797361,-0.999969608142147,0.027351826828242,-1.000119355941092,0.046482122334290,7.531320391743335
-1.629227578112379,-1.116803262855597,-1.108557493320557,-0.688085585437475,-16.424407604669153,-2.268740131628157,-0.309822785912952,-3.909982883095854,0.169722488059867,9.600479158734952
-1.098014712421858,-0.834948178074237,-1.016299671496771,-0.885718679378028,-5.890575637282614,-2.200389402197943,-0.676132667834678,-5.895588646613092,-0.491630791345007,1.000285369415402
-2.338268930324840,-1.165567030777175,-1.139516706736567,-0.589642086658571,-9.346306798564846,-1.884129976985010,-0.275649361736712,-7.461840564853773,0.099213123683369,5.882662099247380
-1.453372643773484,-1.086906107428823,-1.012442519589084,-0.479079422622926,-9.670020496637223,-1.460270685279756,0.171549938709434,-0.999839077666017,0.749910471509523,9.103495784041769
-2.023066125926941,-1.195134173817657,-1.080383165339156,-0.685377691786264,-7.624833868238689,-1.544572514015339,-0.390864638462202,-4.223729562127687,-0.006678693021449,5.016445600032519
-2.312255253555237,-1.310232525506466,-0.999954677126936,-0.444972527242323,-15.698841475630426,-0.999572233414491,0.293147382626694,-1.524730009345963,0.562487405821611,10.889480618172740
-1.792978901268596,-1.247548169162260,-1.138463273346431,-0.812268452976125,-19.110204140464173,-1.900594179881511,-0.464703266796237,-2.935008427258554,-0.386323246982181,5.161492328870285
-1.662181284696940,-0.974580747004581,-1.098912621517500,-0.964220172379371,-6.958951825932990,-2.176804628457230,-0.933169170883146,-10.306807880527074,-0.879420119482993,0.999769110372074
-1.366701263666295,-1.096366428602064,-0.999652423298520,-0.429246569734122,-6.801667053184053,-0.999631422981717,0.364682307430169,-0.999500074958096,0.887631622496597,7.247962697328079
-2.317270955646132,-1.306400238981391,-1.118074029711363,-0.575930849377610,-8.894393813664593,-1.463396907635897,-0.172014646908861,-3.868736935147772,0.302946350483971,7.212513486561568
-2.180576890652867,-1.226272755628000,-0.999663525522198,-0.439246375966540,-14.701720333368181,-1.391467132814332,0.207861737520332,-0.999385986170485,0.688025372392521,11.765036889056638
-1.884285193579823,-1.152009542644012,-1.125823631167219,-0.813838510835749,-8.100064358363335,-1.840886329641015,-0.619285212330929,-6.599032474742209,-0.348041026353246,4.411150306177407
-2.382207073602848,-1.082869402776150,-1.119862538023486,-0.636611255940434,-3.995624343477997,-2.024326161872862,-0.342690308829496,-7.518392491903775,-0.056568740646947,1.000310598339724
-1.592074055458956,-1.140021971366304,-1.148157934167708,-0.969576000586504,-20.076368100193388,-2.372619109193666,-0.850125572055817,-4.131480861496042,-0.775203868899475,2.144030364876267
-2.540919414744809,-1.160222596181919,-1.141873848141151,-0.558585196646003,-8.074094242795480,-1.841882559987128,-0.218874475191010,-6.924984990995569,0.146833996958073,5.086653662908928
-1.126459911074512,-0.896159230362111,-1.056870742486321,-0.840519134424781,-6.758838482717463,-2.187016828194797,-0.550249721117146,-5.998641494713057,-0.286343241094158,2.382185637087257
-3.317460070672515,-1.202013737202077,-1.000160309115709,-0.268672457316239,-7.500788500525401,-1.000417831241729,0.303463379459284,-1.000184879635796,0.811479341454593,6.989045408583028
-1.982808988028187,-1.307803511985694,-1.101595683394971,-0.668440525465042,-17.882513783171003,-1.471546496238004,-0.130379597447724,-2.299926453670263,-0.025305426667304,7.641875097174314
-2.299292004633427,-1.108993298510184,-1.154616279003841,-0.673878920198007,-7.330942827713718,-2.045150745577477,-0.425951183156399,-8.515465951207744,-0.151019258407430,3.497616530685076
-2.392661186175919,-1.084828537745575,-1.108750997112475,-0.611407088453323,-3.734459212309809,-1.995996649853707,-0.300187426768799,-7.275857370080367,0.003447717889585,1.083535753728437
-1.741397963132208,-1.046674882562878,-1.129775755570301,-0.909948305696525,-7.949003645335372,-2.137785846691082,-0.826512338959567,-9.664612034532517,-0.695711783225270,2.764508028372058
-2.554857085888339,-1.291975642036185,-1.029606173276232,-0.363531074686687,-11.448671361551012,-1.193176413871431,0.173520046409922,-2.244718365264326,0.759337936623927,9.089825982408843
-3.716816347344439,-1.247779745173725,-1.065384929416130,-0.227208580606328,-3.329688937391172,-1.174520097552459,0.375222606026437,-1.521106544828722,0.796670120556698,4.891745000046542
-1.964114935833986,-1.303203335484857,-1.104013556317437,-0.679342485992012,-17.885714584955377,-1.497218246074604,-0.155518735943603,-2.312478521084501,-0.056823786600473,7.424665909163974
-1.530083411195418,-1.087218106787337,-1.071054547630602,-0.905916638573621,-16.415717839917118,-2.039441162801234,-0.783545998012844,-2.499978696693711,-0.780823640457462,0.999942102912374
-2.656397343992232,-1.344557667317494,-1.021146540137797,-0.341890479987460,-10.483514232688877,-0.999732843319959,0.244575165827907,-0.999790429706585,0.842396319882118,9.335885924571418
-1.958799743001771,-1.302685113638677,-1.109622777260811,-0.688842322091402,-18.149272455729641,-1.537303598965899,-0.175328916083116,-2.402950768471392,-0.072372443305462,7.360194335899456
-1.969207569538904,-1.179909088904891,-1.024375302652272,-0.487930613462235,-14.733163839123714,-1.668314658606337,0.085139679769562,-1.220322793653760,0.620615562205224,11.584292845831811
-1.108934995846923,-0.886054389149913,-1.000214765268749,-0.684434053654463,-3.207571129974362,-1.683577343041539,-0.228687373314220,-3.298826901633647,0.061519528778300,2.500990751551909
-1.252726283382855,-1.058946439916103,-1.058550027454757,-0.556679289714695,-6.691886852916896,-1.426530855111552,0.117492218367811,-3.171737040509985,0.589855796092245,5.917024402304464
-1.268688494023526,-0.898736751770799,-1.073779504545836,-1.114493578053937,-16.046319662012689,-2.755438878196032,-1.230146374185629,-6.765542234116513,-1.145533749476118,-1.000522974353362
-1.309561881267904,-0.744893856302008,-0.891900832889389,-1.142955537267187,-4.059311319068485,-1.813540662786792,-1.239981697695841,-8.599168035484809,-1.388023570625830,-3.824419210658905
-1.074268508996984,-0.566449430733869,-0.681434531454205,-1.017801545290729,-7.406104165135327,-1.694278471635308,-1.290429701798624,-2.594611105136366,-1.429532954819261,-10.188939216896490
-1.050329580879909,-0.523488523800004,-0.634736068308755,-1.000185328509569,-5.883780761050845,-1.564299588356539,-1.249554124093438,-2.621861836272443,-1.414528115043896,-10.147252025734172
-1.116069471389926,-0.661045972413902,-0.817664118620067,-1.130227606979757,-10.313294416462293,-2.124184112343359,-1.422810739991629,-4.161322149032449,-1.548862641048285,-8.954417801830232
-1.610723307577086,-0.905374675110199,-1.055711975229692,-0.999757709810926,-5.671595896197074,-2.163800600871493,-0.999454759565730,-10.474838865360560,-0.999666945635459,-0.999690930808776
-1.061608407518075,-0.701390884805471,-0.903817922420234,-0.999802263090741,-5.367043613452347,-2.179638937345014,-1.000231628714443,-5.703541619592997,-1.000479218030878,-2.442116352908372
-1.214213461211972,-0.657519228519247,-0.785719499679709,-1.151954064076377,-3.037409767811449,-1.562533066015856,-1.259769242516296,-7.202471479557136,-1.439808152442286,-5.086751718881996
-1.192238271112404,-0.580006328552474,-0.661430664211685,-0.999802677746218,-1.410238146297062,-1.349873061326423,-1.000073699372171,-6.290297584246224,-0.999980451629268,-5.807258541357680
-1.192867337569989,-0.766082816102207,-0.906966857293651,-1.121952881930388,-13.178542598829390,-2.283310267465641,-1.380424694295144,-3.972732116248771,-1.460557188835672,-7.312026504025353
-1.064896882056525,-0.565515845963092,-0.702492596540717,-1.067424290633580,-7.163305405885646,-1.790120301815925,-1.339773754122860,-3.422011754867930,-1.504286787667764,-9.879293040395449
-1.097961499266520,-0.706488322917207,-0.916483795458798,-1.134793673574643,-9.299933225553248,-2.409786549457102,-1.314095759406539,-6.466974641958544,-1.368913401276869,-4.841084585485633
-1.308413158609480,-0.913870973417106,-1.052231764367421,-1.129743055503055,-17.044865519773833,-2.610409799215274,-1.288413055610369,-5.313671251042633,-1.282145776429821,-3.187184268259365
-1.031464572861680,-0.520483949692502,-0.657543993972206,-1.000373025346284,-4.122220313290454,-1.613884567298251,-1.172074593124117,-3.414205716858625,-1.358062924883865,-7.717746454081415
-1.102515091385397,-0.645704902893360,-0.809424191758223,-1.136117942625215,-9.708720934835975,-2.117988863137803,-1.425054799175357,-4.420345380103749,-1.559847778570598,-8.888856869066029
-1.199179072494887,-0.849196799609400,-1.048859419719317,-1.105971986775856,-13.659644464512349,-2.721166897360352,-1.209734889694896,-7.254329817629749,-1.120169576473897,-1.055344610754929
-1.180553444282908,-0.611823083105409,-0.731942908211657,-1.146341122773025,-2.435062509130659,-1.465100510086997,-1.249767000992048,-6.874996472070080,-1.426741250707564,-5.960168882316737
-1.450008094621671,-1.031735437413513,-1.072622119063924,-1.000446875710177,-17.380689317312413,-2.281795297842409,-1.000362460204864,-3.304807225847257,-0.999638973918565,-0.999721527496535
-1.384381125708929,-0.727176510737681,-0.864029964215775,-1.044476162584560,-2.843031978033175,-1.831359849861915,-1.066846687621790,-8.778824865965582,-1.103167817563409,-4.860030193593817
-1.123157884080053,-0.536160292920765,-0.621435163212802,-1.089386358050807,-1.477639793666114,-1.208222994719297,-1.157836034148628,-5.573065438243466,-1.287277981276500,-6.615723123679190
-1.378083918725991,-0.824930067357071,-0.896407517321229,-0.999952409292109,-4.639089198187113,-1.584629971907726,-0.999678872738416,-5.704784016459477,-1.000011025278244,-1.000165410186296
-1.521735126664890,-0.860738985457592,-1.017854263261894,-1.046389680171669,-5.179065106545726,-2.107820738968030,-1.078393611938596,-10.281542307881843,-1.123673268694364,-1.959479490187125
-1.386535532888231,-0.976727331525921,-1.047557037432069,-1.039488525008425,-16.886932631247429,-2.340387585835092,-1.111563172240750,-3.522497944822088,-1.123971413672702,-2.452300843911346
