1.377943389309245,1.489501975131026,1.385892803079632,1.189292940558605,18.640761199045826,4.994285529575379,2.288064729083655,20.379691040840051,3.987882356076615,20.441396789219233
1.000481749451602,1.029740846157137,1.032577796185100,1.000051910024490,15.879820985416032,4.538350454763020,2.226629110702864,16.732557151143688,3.461653667434167,19.795893339714532
1.000049015854721,1.005779123818798,0.999800356289800,1.001484928403257,16.135658655447585,4.526509875614693,2.211657341503449,17.172182050794113,3.560855793439064,20.277879987294718
2.553063491418776,1.640739406147593,1.477174282146525,1.259917366923459,19.984135087313135,5.365856807471459,2.436792074033510,21.111405146546709,4.115395646382248,21.278786002774076
4.026323246634625,1.963399618028583,1.705458214783532,1.393867201132849,22.059483142634079,5.931729588001005,2.633166673605966,22.711582395297775,4.339985564527347,22.101852800493170
3.522921292787224,1.955786164104061,1.711189441952089,1.384983150715608,21.730955568619507,5.820661463606228,2.574963048226992,22.780356878380481,4.332862021522737,21.758517013202585
3.601707887656367,1.680057704080165,1.493352370434844,1.281431257337481,20.491824602569991,5.624111878697192,2.572613810120743,20.769431771710948,4.069165279768133,21.726888233440299
2.882723197652915,1.920023301199360,1.658369515670227,1.384319508094674,29.063943792035346,6.520149518359048,2.997159545785877,25.166732281571178,4.648267160385246,23.105214868103737
1.000163425138872,1.289064226852926,1.229388859300611,1.111802576436692,17.627912292728539,4.745551235112686,2.222705332047147,19.276121360870839,3.854088211955191,20.305268523532312
3.749255771515514,2.076378752832081,1.804403767853371,1.430455076543839,22.273930335063781,5.963052540509111,2.610899205276913,23.431968866625120,4.410187614684600,21.825141963620048
3.389750494960218,1.960728526537601,1.718803967354537,1.384958312296088,21.658658685543188,5.797376305078558,2.560635838711188,22.828906768184773,4.332785015077115,21.654027834102216
2.453164248118831,1.820074962887213,1.583531714068314,1.334029638099544,28.315007177016653,6.377189370571898,2.958422240445127,24.702500843463959,4.592848396620256,22.931254283825105
4.098011668162336,2.121441523239203,1.832328278940089,1.450863672215245,22.651362621289721,6.069338234882608,2.653161842759702,23.633311678002038,4.445030107757668,22.043353517160803
2.907961976942140,2.097442672707124,1.791547427489034,1.431697639962225,30.831634253437713,6.768362725572572,3.101821494282865,26.171048993343312,4.798913224652627,23.146572477607243
0.999722594920534,1.052945355023596,1.027494451355231,1.028734947320944,20.258426247161722,4.984665251253034,2.437153159303088,19.560317740224157,3.839831790331417,20.888118033233503
1.864487391519866,1.377192247850072,1.277636294267927,1.155611171131448,18.519403867285192,5.007430872561372,2.333783821438575,19.664608358337780,3.926734615632026,20.950366447915407
2.430744085784191,1.672368024162672,1.476850018856208,1.288967929752445,26.564708763214597,6.104834789924965,2.842730318308358,23.627197344955057,4.426238738993235,22.602348627185883
1.156089734495104,1.054188428698306,1.032786868274602,1.024232851529802,16.549389934319564,4.600240286934650,2.230550433762978,17.602688342579718,3.632724248237903,20.484987031092295
3.327561569671097,2.012689512630638,1.729666494666036,1.431677953462041,29.528646199661310,6.618641641060293,3.010794163246292,25.471953238113890,4.671409535881488,23.133502876017339
4.631010436344773,1.921515071701898,1.676494459739955,1.375860096998232,21.805030908100903,6.026434081586061,2.715244931469191,21.714172299123483,4.184487089094376,22.005263618930407
3.835301571417027,1.972461021589734,1.717049432986315,1.394883134945576,21.984941149214436,5.898564409869749,2.611649676352997,22.817488631158064,4.347408440918159,21.970755899699647
1.953252013457210,1.529898620637678,1.369674968448291,1.225630440083531,25.461763681763230,5.903845310923074,2.783263583117049,22.935451026002006,4.339866956876741,22.420636338270619
0.999460296119672,1.000264106700671,0.999937192596570,1.000413831753121,18.871513114208781,4.744246660320456,2.321089447666028,18.686875973647780,3.676355949384512,20.082165589812043
1.866375652684233,1.257455730444763,1.181588855175510,1.109480139890100,17.902024154569872,4.917493240317043,2.330032119808807,18.783694856072721,3.803821958436885,20.938611081229659
2.631484387478245,1.423422702761610,1.307462530682981,1.174504689064737,18.828394237217438,5.214470957378495,2.441840406185077,19.322526269959361,3.861209053940837,21.138116389933579
0.514917313364514,0.999475172416799,1.000677135007553,0.999774336020344,16.115247268001227,4.405332950574703,2.138569932076105,17.643552614540120,3.649114013020381,20.167676939682714
-5.908320044445453,-0.800021340806741,-0.309060710756265,0.227736950532284,3.187003702607015,1.358728564914642,1.129256187670623,7.506559737018796,2.218330683019680,15.503539430159583
-6.460578480089147,-0.592932958206488,-0.123252821539148,0.252124287858113,2.752192132782355,1.414381014678227,1.144721660627551,6.404198867171209,1.860072070229819,13.682754071649674
-5.683435631443480,-0.724329814445149,-0.252379793346047,0.260353958649530,3.749051193778953,1.479345359410161,1.167503685005287,7.940841539450622,2.279434741406110,15.671475712400740
-1.991537609172305,-0.046892607222619,0.257509822577290,0.516352368727178,7.778786487730443,2.625936555955676,1.548933197465730,11.196035838428719,2.553269423238973,15.892834143992252
-4.542138951134270,-0.077254878969310,0.276302772584433,0.473396592995009,6.455733476708772,2.318669873611078,1.471580938583147,8.929737474292244,2.220558529877231,14.666381421662981
-3.505848592160568,0.188046758230160,0.381340520429118,0.565363854136746,12.544910107293461,3.448436945436669,1.918641640357045,14.832374187092631,3.166268167568536,18.127999684504154
-3.908166767078150,-0.349669809237469,-0.024170910826354,0.409813736046045,8.558458827452299,2.730743382698677,1.691262551951554,11.933047289469078,2.804683560834658,18.212650180063669
-5.957916429236469,-1.168917318161385,-0.600269953335262,0.056347247894783,0.363992424151505,1.015384483013165,1.082299036917532,5.689527006589406,1.923859506194941,14.956607334268858
-5.091763778514498,-0.972374968552644,-0.431653922657078,0.120708033405801,0.762815031569247,1.127767549596868,1.085613376631083,5.960339170546893,1.894967795916227,14.154743056145469
-6.446533436010931,-1.040475539859028,-0.503961409161859,0.129255943199780,1.580814797926749,1.068064734216790,1.049642864769891,6.305970551761964,2.051107491467761,15.426067448873289
-5.349031917330912,-0.524035982439565,-0.151364290441013,0.290551467491460,6.391573456675090,2.287236714772362,1.508809147557747,10.724511060247329,2.582542883798866,16.973167769049304
-6.643453721396362,-1.220491964253139,-0.662036693392189,0.038995648983690,0.646231520597283,1.093587081711419,1.111810357211353,6.240133967089269,2.006432092212176,15.764206830732439
-1.512089453385308,0.206626129947294,0.402302872852300,0.662215799729562,12.806942541279071,3.564961693085905,1.964543393053673,14.545064695633590,3.158394073432316,18.996342240793105
-7.022467392149487,-0.566563606359926,-0.048086861419090,0.289614802921927,3.429946112415408,1.261185463645603,1.001525835415466,8.376222985558519,2.212173620054383,13.523055388572663
-3.487393558424152,-0.508389176773672,-0.085592737834148,0.318188613675534,4.235092490698847,1.879853907176269,1.319961740047429,8.559532100617281,2.220730733441581,15.003920374619872
-6.012533610145546,-0.370656607497529,0.076764314765568,0.382834142935272,5.197504062530200,1.684653153657720,1.159688092150786,9.641156909384057,2.423825986838612,14.577594453517042
-4.732442511761384,0.055873498642323,0.298171298096149,0.443179617718712,10.019504654925598,2.896033562055933,1.695773025311330,13.084571177081392,2.883359363823051,16.088964936919162
-7.270320426427624,-0.900122592922108,-0.421059215578467,0.085440701211594,2.017985958349712,1.382032217047140,1.155115659225804,7.798509325723506,2.110564224452937,14.800890523804958
-4.233449636521904,-0.683097165950548,-0.242011255192599,0.267406860154362,4.421919254489765,1.881014717694697,1.376998895712716,8.624789510836257,2.321434060939787,16.166701086599268
-5.924518653526071,-0.591161072827231,-0.197184382838493,0.238990997817233,5.344630533310422,2.064977400843730,1.416197637300265,10.062185667800298,2.464834154669618,16.239821258384758
-2.055734202213479,0.412117489082245,0.539274638904077,0.711685683756526,15.399589150024624,4.032827185493616,2.144866372573328,16.634703434244337,3.456412646250620,19.768861905484222
-0.504668927793354,0.887441878431409,0.939540936981892,0.943703240007154,14.982603520195440,4.078563398628333,2.002117863117150,17.085970733116035,3.549387144064000,19.325410937580081
-2.921571406307045,-0.177708979686910,0.110437612190684,0.495389075302948,9.856989204172649,2.984285008092755,1.779129000295795,12.612947722032464,2.906564891888046,18.460288272221909
-3.647874212656610,-0.417810215384057,-0.064938153190693,0.391105950318663,7.635153939998602,2.540032010872096,1.624116655529788,11.052977073828350,2.687869944763169,17.770344018235768
-4.888959305865377,-0.409950582972617,-0.026510790804844,0.371909367980902,5.322053049278068,1.999958102953187,1.352972207262204,8.733753660370047,2.279521732037726,15.954181172650726
-5.863547407146292,-1.072663750716904,-0.546270583901682,0.105752564959484,1.815037542468829,1.334730385731262,1.202437516410049,6.926646628702036,2.111881636597762,15.976216832373700
-2.878753348025306,0.181723389017320,0.369219331847049,0.606375515076180,13.177789240289329,3.609602334234680,1.991626114942868,15.207463829946397,3.246395619029965,19.088086589150329
-7.035834345296657,-0.870069470008399,-0.400734530244864,0.107569089118573,2.489309026949016,1.483726952448237,1.197192911716523,8.115727905499972,2.165441807241465,15.133641374979481
-6.347623679273717,-0.647753122495819,-0.235871913864350,0.198450319387287,4.493609189979296,1.883763204967323,1.341927612985748,9.499330278651490,2.368666540358497,15.664349546718574
-2.521480473858368,0.079491975059201,0.314978188755189,0.610785906898812,9.794569725654085,2.982020363592895,1.691355561218510,12.314369890903611,2.874870559562166,18.246210284240455
-3.672608668853890,-0.254918886538684,0.045316244638857,0.448143251944289,9.421563165392925,2.900918607027990,1.750402846256626,12.548517141325311,2.889513460284971,18.443062143065085
-4.988431883190209,0.076442088976002,0.418786167746512,0.570365698495946,8.148217059466973,2.363053198428162,1.363167122158475,12.323711741986306,2.772294465516815,15.410744427966767
-5.457642901344038,-0.572806322401075,-0.126868184614648,0.319801582620091,4.657755066537064,1.647406840645246,1.207856185450736,8.715479991819626,2.375984631344384,15.632081807959969
-3.763495249938082,-0.530155648169830,-0.133530646400720,0.337023993512585,5.949689045864901,2.195696529875391,1.489614844368639,9.732580582003669,2.482205760646661,16.777407394297633
-8.101315385907107,-0.763995428141201,-0.296518478831320,0.036193629804170,0.999532904542392,1.082734984446944,1.000407715255496,6.962855373977851,1.936652860638930,12.204257978463977
-5.281468432354053,-0.864237685152501,-0.398004545035729,0.195436020169067,3.802091966891410,1.759796773711614,1.352206120469836,8.448128968605038,2.323111759041006,16.733009322242459
-1.330105638317981,0.828849700297455,0.919587566773475,0.909122999067568,14.146991310302852,3.847453191386705,1.898761705447410,16.752776119524817,3.469065966147330,18.562874148701248
-5.557620809472873,-1.047484172694309,-0.514900233840816,0.111684123791751,1.552506640495452,1.272700491928461,1.174651161190977,6.584606313574005,2.052772877700779,15.468432267376135
-7.619758497304055,-0.715444183275944,-0.181953824405746,0.168628351197176,0.999728746937151,1.000297866664290,1.000416194597309,4.737624064303310,1.566874277941519,11.966319210282711
-6.870376707278332,-0.672509823966001,-0.146768309518038,0.251819654080632,2.983544328559859,1.183892306723465,0.999643426478934,7.789437981013696,2.166521640431587,13.788670997117071
-6.790000444517240,-1.116581324085858,-0.574194882425285,0.092433850180925,0.925667404568301,0.999536805555238,1.027425868678217,5.940291359847043,1.961778071538781,15.477182969569673
-6.435929687800389,-1.018855591444892,-0.501052552615640,0.136442996997910,1.706647071820115,1.160668280780243,1.081423279268045,6.474636322757311,2.042982668591869,15.722606823245007
-2.163627562031401,-0.103088592111133,0.219394759853280,0.488138699165097,7.084696599060706,2.492122269587611,1.496523055963851,10.732093194332668,2.477347716004538,15.559878589633888
-4.238480556164326,-0.674922869876753,-0.239098757853501,0.273114352506166,4.651977396578971,1.927737876272516,1.397235610304927,8.803871689778253,2.353031519589635,16.352932671522503
-5.792089708754624,-0.738283872186397,-0.311325980699780,0.213767179041507,4.655030078035750,1.946068282032570,1.393902137243615,9.469068924505569,2.415440826974799,16.712685291742481
-5.206830047973348,-0.245424270743610,0.149974911291931,0.445058735808789,6.435023607578572,1.990608894989037,1.279429366963602,10.465011055179849,2.570752174761534,15.428824407978743
-5.163829824573817,-0.624611480135430,-0.191307704177716,0.308986662913240,4.689729428497870,1.722476505538282,1.258149221242436,8.624466014363412,2.382601597157767,16.308053537587092
-5.900098259267033,-0.714382455702789,-0.260987207989413,0.245250347108081,3.239313117550481,1.521406483280543,1.187985696011705,7.364552393623404,2.095822864986215,15.527788571653366
-3.265711602799890,-0.249235297228853,0.054616004091367,0.462606996283645,9.348523138307613,2.884800515201647,1.746820652413386,12.322657702985799,2.867357502300628,18.396342433442932
-5.681249732682922,-0.538973087798702,-0.110074000698847,0.301560517140075,3.924056632268062,1.683311666760403,1.240121780162913,7.581624820782968,2.081245508300104,15.020063246536472
-5.600594818463414,-0.651563683083751,-0.216185435513213,0.275857888860198,3.811696494301671,1.648453587939599,1.233144529572107,7.791002118762156,2.165534444639459,15.803417774805814
-7.107535575618989,-0.403017172615518,0.096381847610281,0.352003539312822,4.237863172149630,1.427780599794474,1.028536184554354,9.357092936930888,2.303830663734737,13.369632390222284
-6.559304468377867,-1.235567267472102,-0.669534460635808,0.034704780166231,0.469914612767937,1.048171250641076,1.098862638951247,6.018485387677066,1.982301409665574,15.637191997500542
-4.873773322157355,-0.924009905991054,-0.376286548893934,0.120283934072062,-0.036978856577591,0.999485179133572,0.999482843035971,5.510936738684341,1.758822712849291,13.115643495414735
-3.152907006340946,-0.088807950874086,0.190560344294634,0.538175527671356,8.569315058049327,2.698587277137477,1.595952300116127,11.393896953790550,2.741240790386691,17.840240400792631
-0.999813971510584,0.329389373158649,0.502343748812607,0.710845316885280,13.250523457351235,3.659679466682775,1.974508431132311,14.831693352300141,3.168800844283965,18.746066286038776
-0.484522108675186,0.669629618309706,0.769541614403787,0.845396978825751,13.352197103021879,3.913631107741367,2.014907545812753,14.735658112801394,3.169105677995870,18.865913849752850
-5.898955549145207,-0.677260509709772,-0.227794187985973,0.255129410482290,3.319330689752590,1.541235235398702,1.192721173133590,7.347356720379656,2.078056358798993,15.337801708283711
-5.897244560894002,-0.455611874218038,-0.090955610892506,0.266786756760395,6.027092310183164,2.175001569721104,1.442833313801077,10.536823102520264,2.514963896621421,15.840032270202220
-2.079289475464556,0.449519764320829,0.622115582853679,0.758472964481192,11.997275859062213,3.348132435085517,1.761521079271165,14.634211755144412,3.206718528545171,18.225515283131735
-1.345836055406075,0.656337390307161,0.772279995391721,0.846160838929507,13.418708468454284,3.693024273187248,1.874912007646263,15.799679762679096,3.369703380412453,18.746539778548858
-3.582514651127020,0.385997035012250,0.627354902677098,0.709524373688872,10.600261331359619,2.960790873106845,1.576218598476029,14.180388537002846,3.061669385302455,16.666815056291775
-4.045763946389606,-0.312274228479277,0.026893288112673,0.437942596399923,6.808049288661167,2.307108749333523,1.463364642965659,10.057154076474779,2.535051373362656,17.177302518871251
-7.573612036480235,-1.210980783408075,-0.657836964807636,0.001743143134476,0.094721586331460,1.000328871984848,1.043442657313872,6.282292813260886,1.936896953048198,15.106773836645777
-2.358886561420185,-0.138553045314261,0.169298806980875,0.497118151315849,8.438580879273971,2.716629495886210,1.635096677619066,11.491492241866927,2.677504706247551,16.932072838264993
-7.596608024700267,-1.393315979419833,-0.754655183447918,-0.031002712433528,-1.374068273177201,0.422953651762683,0.835461877438992,4.108340895218879,1.734709967052364,14.175463090900541
-8.210890116585837,-1.494980939308645,-0.866059329817936,-0.097692222823014,-2.152647022072117,0.489912793384022,0.869161536744571,4.399403312884663,1.696068461221824,14.626836535022823
-11.304173125035881,-1.768014840262459,-1.040940114645764,-0.352906320268929,-7.606586663526897,-0.700820482824881,0.352340999834507,0.811974524520627,1.000352067429962,10.039597126420437
-8.010971275381998,-1.536473132325144,-0.891992883428190,-0.096812238364861,-2.268441165500960,0.408102092780950,0.849581193858660,3.984931890573824,1.679538687358058,14.681101084500858
-10.637177708837307,-1.816137284776678,-1.080352331550048,-0.293622227247776,-6.597779844301769,-0.548788470895317,0.441016601871120,0.999991718122095,1.086581411806908,11.585753954076187
-7.880125347736261,-1.542355021904705,-0.888712830802584,-0.093804005257372,-2.297988276635394,0.355374115406462,0.834097858304523,3.749747870651282,1.669677856728335,14.533604101511207
-7.144435551619189,-1.545942071076365,-0.807920704119150,-0.177885660819080,-6.218259658773306,-0.325973200603144,0.517159970064914,1.000413789590146,1.071323983701820,10.208327314602263
-9.030810498780887,-1.576856627355292,-0.830205715621411,-0.143212966618071,-3.947136472835311,-0.273012286588482,0.548121456398927,2.160746746642365,1.388992930638875,11.626271632898726
-7.890440037890734,-1.657956403970865,-0.949931375302982,-0.159405970912163,-3.890063822670342,0.027384224569246,0.728211290924448,2.424206179051856,1.471145998631816,13.274764506388498
-10.315755815398155,-1.366263000428575,-0.675807881896399,-0.134212313867836,-4.437413099847660,-0.270373706871638,0.531540086046467,0.999811795019843,0.999645437954986,9.901352600724783
-9.935717489698881,-1.661999842974271,-0.978013166058283,-0.233967287629435,-5.046069201170369,-0.128970373707702,0.599806749118158,2.577392998989188,1.329196546462449,12.430987812638511
-7.861898896255219,-1.487047077381672,-0.822719682377645,-0.073762997582760,-2.171682651641319,0.261269808522201,0.783576573712728,3.526713506991717,1.649699684461684,13.873535632731807
-5.149123373056035,-0.999876361260364,-0.395916770475055,0.042567328234340,-3.018389733518163,0.476999357929799,0.730212242934251,3.809109037864522,1.363040395346293,10.746407114442411
-7.934717199179467,-1.713966430501121,-0.965538805687931,-0.208445730263304,-5.455117592333451,-0.281907767915570,0.599622356464940,1.245269277126743,1.247293577845089,11.825970111996332
-8.365068274586555,-1.224632466489967,-0.659969606988541,-0.051056990857024,-0.984996498496386,0.761950312411557,0.927985209759618,5.667113738182939,1.792647243502252,13.866530775351213
-8.291011966775763,-1.472433173918325,-0.779332818505643,-0.082754172665776,-2.612269899946384,0.067278419665797,0.687367456096562,3.126800338659228,1.564884469005815,12.804186869303214
-8.415721828743962,-1.709116429343204,-0.980280228121791,-0.179534597494830,-4.251499748790749,-0.145048661493945,0.652796646014727,2.017434260399403,1.421975287687925,12.964854526169722
-6.649096513893291,-1.312712417064294,-0.717316299479348,0.000443032512582,-0.422415212356711,0.841748572928623,1.026839004544210,5.214714912981327,1.872612044570364,15.095260773521920
-11.745879621300027,-1.668368828326428,-0.779468740592311,-0.234387515652917,-6.472439502408676,-1.007733846208325,0.171355227665034,1.000415963504173,0.999410861054895,8.020294420376706
-9.303873900283783,-1.640033341784247,-0.870743882571389,-0.175048467162864,-4.592275687672142,-0.418778641801310,0.493970188438905,1.684495849452167,1.310159582551063,11.229865554501350
-8.708218028753244,-1.522487240052319,-0.874597003762413,-0.112596641192876,-2.929029358203863,0.227166498141003,0.747349218259516,3.438761765343605,1.530244874889224,13.866435040489966
-7.249509254508588,-1.383580673854357,-0.781073364600772,-0.031072544124005,-0.819532137749817,0.766847225716830,0.992416608700208,5.140188601683127,1.850794899780241,15.258398963338356
-8.102228009168165,-1.434993701150600,-0.822600438693049,-0.078596018118370,-1.703643090430589,0.601081194210863,0.906563638461505,4.822299015938318,1.746261079279883,14.716850918327884
-8.601413335046153,-1.410988219004274,-0.782666063197943,-0.072716486092774,-2.411502499786408,0.304526017003809,0.761576785802842,3.602624584511664,1.527687098442489,13.619392691828272
-8.441156230245305,-1.720642839413365,-0.988011157037338,-0.185448570614595,-4.377653635501289,-0.169402884188187,0.644657211216228,1.925067035205421,1.407345180050993,12.896155155417011
-7.882498500318015,-1.379820794236881,-0.771169625555519,-0.033291313061333,-1.371253218715466,0.542073682694650,0.867945656333453,4.441777152067806,1.715263044742667,14.661745666617696
-10.486148037008014,-1.800370652942558,-1.073748950071219,-0.286954799118733,-6.342247685765116,-0.460886017696907,0.476267707094995,1.356430794138140,1.145442423534263,11.847001099237366
-10.518141851816303,-1.473530504914440,-0.669570189348614,-0.133064712263524,-4.385464236340610,-0.519651627960215,0.370349406703574,2.378473671853561,1.269085596418475,9.533907794090316
-7.777432206511584,-1.454370594323675,-0.798418305994466,-0.059049896169814,-1.900911270741560,0.313617125490907,0.799796424583074,3.720469978023237,1.677914511932049,13.960219294839510
-10.704466257292360,-1.808911608492797,-1.079615093005705,-0.307557404146083,-6.706796721852285,-0.519246850737105,0.448291321463498,1.241674536247052,1.112539637086997,11.491473296875858
-10.728487824474350,-1.818067465944060,-1.078242197795403,-0.296351927728743,-6.723416228900007,-0.594459156713327,0.421836894283330,0.811836317537148,1.052747969205211,11.399072022208690
-8.513183306836403,-0.999820004942923,-0.411498122490725,0.049797559873446,-0.999824693414141,0.531837311094080,0.826179477449895,3.540500750961575,1.403157417084625,11.680448045718014
-7.267454610186554,-1.403436189927329,-0.794131959998487,-0.038457884902035,-0.999609799062497,0.721988852284113,0.977803748775055,4.963236024822271,1.829904680982481,15.172328196331284
-8.481583620925939,-1.768058098114822,-1.019924670979711,-0.211201681675853,-4.957580317075028,-0.266369124775821,0.613933540022400,1.519005255805331,1.339906591085719,12.584039601359370
-9.915707632556099,-0.999820610860279,-0.292354215152542,0.071305108467702,-0.999497970136687,0.199298121668050,0.574122607087576,5.517770341588067,1.661778092887435,10.385810002184973
-8.083525409900098,-1.680887235930852,-0.968849253949785,-0.165809178277785,-3.935753838260823,-0.007914196181389,0.713623257657578,2.368704215164263,1.471109893879988,13.342063202711676
-6.505581387585018,-1.375672151199006,-0.662463648330679,-0.131820394467151,-6.360057661686412,-0.253380970749419,0.479283245555776,1.299756060433145,1.000121892044544,9.333259982324909
-10.221195372878050,-1.455998619777431,-0.812899923273269,-0.228427334574510,-4.855419876111384,-0.098559211110327,0.571689115792811,2.904461754171342,1.319234536238764,10.915829555525681
-5.371570153812719,-1.063928119490341,-0.481158461250761,0.061837032742149,-0.999824802994155,0.780659041931230,0.934423084085376,4.755121932266382,1.669428691324331,12.904720898004291
-7.549552800105438,-1.412893696209664,-0.784901608874365,-0.034767702395630,-1.314464009219520,0.495702579540762,0.870099572444185,4.275438583295914,1.755721837002551,14.633335359731324
-9.560129729424979,-1.503821517726535,-0.861124376825879,-0.183178106747664,-3.887132523199668,0.134719691696034,0.689391058177663,3.552352493453332,1.461640149127576,12.586131575901311
-7.908588152091319,-1.667710255159275,-0.954550021977191,-0.165762899086940,-4.063229359855697,-0.009352414018423,0.714151219926299,2.285853397469230,1.447631484304733,13.128819322817696
-7.760908396924073,-1.471551089637005,-0.847403128043192,-0.072802710522426,-1.668989257486416,0.578101969469117,0.915621613243794,4.574400012159293,1.756712556065900,14.953646353650731
-8.725595959692704,-1.312404686213541,-0.692123404765564,-0.049013628278721,-2.276369774304086,0.298262868215090,0.746324364361274,3.402838193396297,1.454793912054491,12.914408756419709
-8.519536920497366,-1.250288803639639,-0.677893328959728,-0.066453386887101,-1.319162909772032,0.689662680770738,0.898967164047614,5.433849963609367,1.753605791291890,13.665404329858609
-7.680252084264374,-1.460741471983950,-0.822880545122710,-0.056046855080218,-1.678130863668159,0.436887225831470,0.853360571367436,4.058135447153921,1.721740817284765,14.585258948842045
-7.881924005027408,-1.548165836397176,-0.895051371974774,-0.097350906105569,-2.327670783470396,0.368077612304958,0.841220030095257,3.788195955347652,1.671657299925997,14.578017788569957
-7.604979828364243,-1.363537173989577,-0.759467767699323,-0.017693138992778,-1.000553242083171,0.610686599695342,0.900943050099529,4.665417967131594,1.775808562399359,14.921807394366089
-10.204152845161197,-1.261972967202968,-0.503234579716786,-0.040814922792429,-2.811445244658373,-0.189678003690375,0.466658627373328,3.782861237796970,1.450428808458039,9.967636233013456
-6.074757853800840,-1.259309077369594,-0.581886740351231,-0.075435413400973,-5.210328552094708,-0.007414826402709,0.568931811855575,2.133806339911706,1.129575465978772,9.884622205815537
-9.436287119807652,-1.766694558811756,-0.972780495205790,-0.229274784269804,-5.573898304998508,-0.589385159810604,0.449211040476968,0.917915457758005,1.209657984521268,11.082472877893144
-10.421430011488418,-1.758679612656273,-1.045371322229904,-0.281349541423117,-6.113259797661996,-0.378092426875497,0.503491044390130,1.724939619580999,1.192023370685849,11.853192714780254
-8.266622916342762,-1.754312479382161,-1.008471807038350,-0.209953129700867,-5.047846559940623,-0.244421042278105,0.624603920601518,1.497688774691317,1.325248272202626,12.477624862388586
-6.268736975442870,-1.270559990127120,-0.666820301060233,0.006082119137003,-0.830503078914759,0.756002080730241,0.985042745460215,4.769271227830250,1.782641445386372,14.282474079193696
-5.134543278694629,-0.999856883378328,-0.426117353314570,0.080441094548118,-0.997421554025593,0.805406386396299,0.922513915538986,4.847287884051587,1.646957099919828,12.584197189592180
-9.331954780050445,-1.438744872007955,-0.813652323948624,-0.156323701029017,-3.292247416036659,0.264396645442631,0.736929996806995,4.002278837487159,1.529125420809195,12.787217295962853
-9.542392019190608,-1.000364610809796,-0.456900772223301,-0.125529536252366,-2.610682768702688,0.293328506493182,0.684513026562159,4.286348995123040,1.517119106703977,9.700587307825833
-11.317396840778123,-1.411387199908928,-0.753667126873977,-0.330119218640912,-7.152254268946578,-0.672156086262646,0.311229229039505,1.000098738513634,1.000308945685207,7.510159638126686
-5.440832144734294,-1.082146016192028,-0.496790212390017,0.056457480409432,-1.006724182984314,0.772984150547146,0.937139881557798,4.728933274984632,1.675205545689689,12.992931420941920
-10.231450714136294,-2.290352297706127,-1.277596186711314,-0.590609190633681,-15.761421451600810,-2.300307430291809,-0.297329848615346,-5.457818773365767,-0.113849240888914,4.224054566576262
-14.073041975490504,-2.440661448365580,-1.321293852939265,-0.609740311760571,-13.792840878077229,-2.553472143532886,-0.380109591418051,-4.609633673291848,0.098863725851754,4.334569166519179
-14.816251257404737,-2.637023011457235,-1.449650983282926,-0.711792768716382,-15.910358844386948,-2.996911467309658,-0.552457501257586,-6.116498158676274,-0.172451693404649,3.063269884874364
-14.943887868055221,-2.388507628480753,-1.448085427878146,-0.673897037057815,-14.758945038238650,-2.511663898544882,-0.331512226593385,-5.674721735228553,-0.054680559628060,5.077955948051999
-14.546875624904523,-2.140320979844599,-1.277266331167076,-0.682493451542257,-14.870327772378275,-2.389866430093647,-0.345927271723022,-4.876300665673023,0.066734430808515,3.654292401697865
-15.583108859409812,-2.520714383977391,-1.321781172546682,-0.664126921900706,-15.055037328850560,-2.898577114651260,-0.564583679995903,-5.081125953641328,-0.103940834468740,2.703189559254531
-13.774781005421495,-2.020148936840417,-1.142747920336555,-0.485200894731426,-11.189743774432756,-1.842933237090307,-0.058420770602410,-4.035328592130947,0.189095028860866,5.966499321413130
-14.088056574054725,-2.173014128599461,-1.275477784854670,-0.552396499305093,-12.410706808040104,-2.058133079101438,-0.146849739006351,-4.457736080094202,0.135421436875447,6.001000614715315
-10.574445723817497,-2.012883424224932,-1.123741298971410,-0.359547859825609,-8.329911536200413,-1.211043507747149,0.209745228733269,-1.091291502435803,0.861661941728475,9.225249808821479
-9.136723516782503,-1.996677327328300,-1.143137437649149,-0.358088895885728,-8.798288796566723,-1.034087244640091,0.305681373228377,-1.249003977533556,0.831523064731780,9.667505671517722
-16.390952151719183,-2.487941866888591,-1.519159342371655,-0.871827622544866,-18.957774757297372,-3.361758933315315,-0.721123299403390,-8.249094207538656,-0.472121913685020,1.000131484557960
-14.783001394971770,-2.293491553828266,-1.394125239640562,-0.700765326351986,-15.217897092155610,-2.472917178652622,-0.355769492486330,-5.180698615105706,0.018592596132657,4.383700882621815
-14.898034970851121,-2.216527920346865,-1.281109565391938,-0.598205792709048,-13.410731564965303,-2.364555432976786,-0.257448104784254,-5.731833961757554,-0.085895628194481,4.516177989494372
-11.763715794502254,-1.777543697413233,-1.000140092756557,-0.322853018687954,-7.840987672175899,-0.999832606063720,0.256876110564258,-0.999834428924993,0.704315320563357,8.996193813445791
-13.067873157260841,-2.000691160449142,-1.000260228219006,-0.397247378608485,-9.647729215017577,-1.707631672022785,-0.089198142248722,-1.347164781335261,0.601334993949192,6.217782824237963
-8.654659556352307,-1.919530293961178,-1.059328612316816,-0.363637391760089,-10.076588798886220,-1.175022206305400,0.197339935292263,-1.817709940924994,0.618829547069777,8.126000057617409
-17.213716267632357,-2.510162706274193,-1.460744202529219,-0.792916672076725,-17.247468469548878,-3.352123101889241,-0.626093347695998,-9.266314613673098,-0.669999206647204,0.999933697454685
-16.675740966055095,-2.647368839774070,-1.629003901429921,-0.859505408142528,-18.608501327532323,-3.381827087447164,-0.683291318936443,-8.501861043747306,-0.517902148348120,2.175262349668151
-13.379912268403054,-1.991201119816402,-1.180791382634413,-0.558577771499293,-12.131447836131017,-1.746901307879412,-0.082931815492086,-2.664564289675122,0.420089774683018,6.017774079174705
-10.036571201258347,-1.997675560840003,-1.135550075628090,-0.342461679648927,-7.894863506030831,-1.048883678810938,0.291443818299966,-0.797428275445776,0.939209504978795,9.982028002820050
-11.951137041429810,-1.795426873161178,-1.051592284410412,-0.411996808866166,-8.900111372791386,-1.000097796403509,0.220381814143306,-0.141070712493439,0.830990586904502,8.594438656120508
-12.185156756134724,-2.006989764005203,-1.199232807713652,-0.421797890288573,-9.443683928982793,-1.238883498972669,0.166362661945613,-1.360404749991853,0.672752145638957,9.271473638387226
-14.946414825156843,-2.378153564250021,-1.437120460249114,-0.667784230523760,-14.653020890521972,-2.505207543326321,-0.327018777262615,-5.701653734119299,-0.060292323871916,5.044331769075177
-13.867308859733875,-2.255501642519681,-1.369007427172650,-0.586775748384321,-12.864317669777435,-2.012922567606196,-0.140578968416541,-3.874214284290639,0.246825575266954,6.798470991291628
-15.584680126728280,-2.247737836512849,-1.342192689060737,-0.799541877893066,-17.483035641025978,-3.013884191556272,-0.606317031159528,-7.075478157765469,-0.275488984314224,1.082202805265217
-9.828765461922082,-2.189502756980626,-1.234420108324600,-0.504285747228884,-13.072141254429241,-1.833115932727068,-0.061212940909049,-3.957635773342355,0.251356078953667,6.319851617254619
-14.091351467348353,-2.286691249857435,-1.389575852754807,-0.607884080492354,-13.311024736372971,-2.118851308470468,-0.182415957508488,-4.230669010009246,0.187078002625679,6.447299224201208
-8.382550890374127,-1.857296425469759,-1.000139721654576,-0.356574169516099,-10.591007929864119,-1.210879930095032,0.145686869603929,-1.925176905301550,0.527137359163096,7.403007928921658
-17.643422415031559,-2.770377298036876,-1.701313921993940,-0.934209316891421,-20.156418980623116,-3.820588806226333,-0.845122752732160,-10.140397779283228,-0.787111355076582,0.674880372857138
-12.326234670496696,-1.973439673432054,-1.184472462833927,-0.456377312745958,-9.891271914800242,-1.229579059325616,0.149626916539929,-1.000635037567287,0.709650820340297,8.758703504927132
-13.759603968200203,-1.871111461262297,-0.999874961017195,-0.433415772135521,-10.288379156016660,-1.702548100853839,0.005681103948578,-3.991815665175773,0.173053791618104,5.351486406337392
-15.514279424926748,-2.281760298326038,-1.316236736339623,-0.644952175745803,-14.349873641887015,-2.615395317789762,-0.349768791457277,-6.670074605127207,-0.243413283409168,3.534932223865417
-16.393222549966289,-2.842720822901644,-1.550096962330188,-0.827193035805991,-18.353534849628133,-3.564124570362210,-0.808747116428191,-7.576353906324465,-0.518672675285781,0.999980140941864
-13.839493396249544,-2.165589825407654,-1.309917428881809,-0.605169526116625,-13.134095397685243,-1.981989147085528,-0.157317727915692,-3.510423290872945,0.290811332751350,6.094303446128640
-11.512898219254204,-2.558431375240521,-1.461393321060871,-0.711904990011370,-17.754672052625253,-2.821238885053788,-0.475316878738292,-7.110214096087640,-0.349837902732570,3.201713003455814
-11.737170349738712,-1.905838608315633,-1.121189039886350,-0.365506422324516,-8.393032250932080,-1.035730889391687,0.245150422503481,-0.794432864618097,0.764373231481859,9.713597125268540
-12.129908527974443,-2.486478787169656,-1.433677254748628,-0.612682553377968,-13.895034647473651,-2.335235714012725,-0.218508221408942,-5.059067730961425,0.167545747282187,5.915085023291715
-16.119298159392351,-2.846553889531206,-1.564563412953997,-0.826956804624057,-18.340575788126031,-3.540329946961577,-0.787825979540371,-7.663294867963879,-0.506502898746493,1.208501684485475
-13.503430598349190,-2.670017543418119,-1.526988552724586,-0.717072353084339,-16.083708697597714,-2.880608183065476,-0.455396030023846,-6.536152027023542,-0.139291209946964,4.028247915864119
-13.262756547126322,-1.972939894906797,-1.168457147773012,-0.546348168710002,-11.862337234425624,-1.684495711611262,-0.057974723907601,-2.451405682143212,0.454360687525004,6.218312078983990
-14.236442906256890,-2.998356047416379,-1.739666888500841,-0.915958200201798,-21.017788001732399,-3.756713764027552,-0.823568147049085,-9.748242942893052,-0.773904669588016,0.999508870462967
-9.444090588192161,-2.019304593445760,-1.166943911167119,-0.353986747030207,-8.307003129853953,-0.999712951183668,0.328844408758589,-0.999993722034555,0.908226687209127,10.168624608951211
-16.087806524967881,-2.276030604059643,-1.284365284564009,-0.663169899352720,-14.709459639614906,-2.768268490957333,-0.397140877330306,-7.476751859421450,-0.387696650819718,2.400461172635210
-12.965806904119894,-1.783598040259530,-1.021385268906371,-0.513891119615857,-11.201132714461480,-1.559214697837149,-0.030393686156150,-2.028339360074762,0.520831185944838,5.478898979684152
-13.744962374456954,-2.320342782499787,-1.236533170168985,-0.549842175608030,-12.585844371387608,-2.307166693191149,-0.291244926177204,-3.698005534495787,0.247747895266248,4.946338306186282
-11.738109186469821,-2.625344262575098,-1.478966668629976,-0.791017162271905,-20.520773927654247,-3.242900743550905,-0.716766793843483,-8.422782848599292,-0.732052614058868,0.999923419490222
-14.131585315773158,-2.051496544950285,-1.156758227023975,-0.509864878380500,-11.698381164216457,-1.981322610721463,-0.108761442570852,-4.573512114158740,0.097052881767518,5.377209205552139
-16.864263648192981,-2.546732244650145,-1.512626655437443,-0.797036395708009,-17.354842500210211,-3.298090611588684,-0.617651268018085,-8.795781104528681,-0.582181714287841,1.775121263762947
-13.272221082768716,-2.848571095000245,-1.652611044164275,-0.837576649092229,-19.522899606399207,-3.381636492503787,-0.667590776138140,-8.696300508991323,-0.569218001096313,2.143078282135923
-10.555726539632623,-2.050949036355120,-1.155744630438295,-0.376231597024468,-8.657849506963814,-1.259086376979241,0.198777303333057,-1.344263894360603,0.828815451074068,9.190366603443556
-13.810537484503847,-2.793985325775955,-1.609459884628401,-0.787154639750589,-17.719004078746636,-3.184433885398406,-0.576417335533251,-7.652713048141147,-0.346380460521078,3.070290110742610
-23.035039875248266,-3.497520794706408,-2.181892100604081,-1.470172277448293,-30.978039061617025,-6.578266786310195,-1.938907963566503,-19.857006053809464,-2.348834736270518,-9.319964819549790
-19.202778144437765,-2.948975377374444,-1.803007276719712,-1.055179621784381,-22.567181817211107,-4.505600140876815,-1.098850472342569,-12.706816652166902,-1.209002715216772,-1.873846205235532
-13.564496432613602,-3.005640986994231,-1.714993240884319,-1.002606219186178,-25.020850701816855,-4.192453793488852,-1.123746787206838,-11.354633185801953,-1.324147530977125,-2.010358166653498
-21.984034924275797,-3.358122935805268,-2.087924178169723,-1.358596107784300,-28.748920845881614,-6.006225223792541,-1.706533637804142,-17.826579647186882,-2.025465259135478,-7.144221899604213
-24.203016719246683,-3.647782042927501,-2.291085240504004,-1.634142395680291,-34.430331499298390,-7.412629175779763,-2.305428400013467,-22.809716349889491,-2.805648885344243,-12.826855693185019
-21.160613083178568,-3.202054771811244,-1.964586602140513,-1.234044147928399,-26.079204605518939,-5.428498218821858,-1.455050581747882,-16.000218878650166,-1.743043876385479,-5.227267025353479
-23.743304366922906,-3.584636795518435,-2.237990907789717,-1.538199919658516,-32.273490379146196,-6.934614574761035,-2.080490616452283,-21.159893323787081,-2.558878778376081,-10.717564979139832
-18.460597768285346,-2.893835487952302,-1.792133552145522,-1.037103268071718,-22.324964728441941,-4.291742379176995,-1.044672422900352,-11.643364889048650,-1.026589281937830,-0.999499198804096
-19.339187956944137,-3.933462642514257,-2.266510401988959,-1.474170613399231,-33.286935390018286,-6.272061001061118,-1.993084784133884,-17.136225013739356,-2.510770933605133,-8.317804240368753
-18.403727473872131,-3.595738582327835,-2.058231496492720,-1.247344972616038,-27.653709691566334,-5.323232625346762,-1.527800451800821,-13.928219847651912,-1.731793794888918,-4.485895038338265
-20.145404128819486,-3.119171488110081,-1.943639422677754,-1.219460161853473,-26.150970489455787,-5.220682594619895,-1.423415600395740,-14.864318236361408,-1.539151706437735,-4.442112359722353
-22.055333915626456,-3.345993757523940,-2.095177363869616,-1.451733054480381,-31.081385880416221,-6.431713974056585,-1.936203245515843,-19.194574153504327,-2.211387807175436,-9.451639142484533
-15.786412031239060,-3.246597910814419,-1.878930282345474,-1.054155769365513,-23.860383680934135,-4.411523519342239,-1.109622506718100,-11.607209230740574,-1.170501142551547,-1.211440148650433
-19.116934621741997,-2.851020955362038,-1.708257543019821,-0.999948323419827,-21.347960664882450,-4.318000991929331,-1.006183059587578,-12.376788548086745,-1.166843123070229,-1.763586765442847
-20.482923972177254,-3.943668262498625,-2.246517986862653,-1.451933179775703,-31.997331591547251,-6.219324727966125,-1.958329243476313,-16.430765158238096,-2.371598513349074,-7.937644003595972
-18.401648152663064,-2.879259873288669,-1.775250792249416,-1.012322877117970,-21.771795097375488,-4.208524744431017,-0.999975184571371,-11.457603651095690,-0.999960910518595,-0.659635140176044
-22.030679372540739,-3.367034075979453,-2.095467680573060,-1.367767424367485,-28.954434706702600,-6.048251993879539,-1.725914390454433,-17.958288466514141,-2.045305578637991,-7.299429041701126
-17.852673298231629,-3.711968422080139,-2.146713363115345,-1.349807116828531,-30.877530896379696,-5.726391328819830,-1.735057410033876,-15.701880948285231,-2.146056385596995,-6.302454929717976
-19.341584383154135,-2.949755292719705,-1.830620790280938,-1.175367793150480,-25.414841010269740,-4.959381007912391,-1.351969696830049,-13.887969103693786,-1.368258712176988,-4.257285090495396
-19.246169458992803,-2.967265081177223,-1.844390222521215,-1.150889878494021,-24.828303127982494,-4.835084409418236,-1.288801664860270,-13.447594913263652,-1.305516400980305,-3.442286550284302
-19.001476506136306,-3.494125535649740,-1.961391494225610,-1.183210219094857,-25.924215856432667,-5.098629884110764,-1.450911122126617,-12.642261129809578,-1.534536021426166,-3.911954189944220
-22.001307612104405,-3.350402770407028,-2.077672512904990,-1.347521508098723,-28.462965477279610,-5.965022809722839,-1.682935229393382,-17.736133525394671,-2.014411642339435,-7.016862797391093
-20.100740091803381,-3.027519580356302,-1.879401532964960,-1.270122085675509,-27.481083734662420,-5.467041087129175,-1.568554927182068,-15.732994593218701,-1.650315835546427,-6.468118965428937
-15.402321354923096,-3.157639863315129,-1.826419764864072,-1.000291528703902,-22.602155848894469,-4.166452628082425,-0.999974926312123,-10.822176519136457,-0.999876254702105,-0.325947028501071
