3.330255859248595,1.956209225800428,1.703308913591690,1.398377429913873,20.924257987669989,6.106295664187824,2.530121522199291,25.485686436869706,4.320348596461877,23.024171320927820
1.994711658965747,1.379214408915946,1.278740726471904,1.160653280217180,17.807478092094918,5.292098496561776,2.360088743416130,21.994210447687202,3.920397464412649,21.224259064294245
0.778062155838713,0.999657686349479,0.999597778372898,0.999653936315960,15.435785373311750,4.673271968201247,2.195645739281385,19.717868516710119,3.644252444588585,19.827437469761890
4.762056508871870,1.699695922692438,1.543576413337544,1.284311366212925,19.996043137918257,5.977318194046942,2.600017470719400,22.722939803559449,3.982380856980616,23.246454904599148
2.060698992852840,1.522345404691749,1.328740969118651,1.218529100870294,20.820596832380218,6.240892242390485,2.568500636135056,25.723301398687418,4.342892029529225,24.720055709838988
1.023975244953553,1.242395071544722,1.107968588662518,1.072451215467787,19.150690105340647,5.826186173460611,2.476190601539358,24.182543132668648,4.161820899053578,24.188486772708103
2.674479654061285,1.809909089165785,1.519904613137449,1.325664085101380,23.226756590216091,6.799714576942604,2.696911975378129,27.439297630036627,4.589871228835130,26.048939479293068
6.249146858237934,2.140892988975953,1.866187243059180,1.471088762141277,22.736358635585340,6.688798330440816,2.800474415584733,25.302251527621671,4.299571697687452,25.031800695729260
1.939055745256104,1.061849137583302,1.053867221572958,1.023083685996726,16.088094334457942,4.897228281130394,2.305244568130299,19.687389043086419,3.634819627799491,20.384579690628470
2.501993593185425,1.641469170775938,1.471646646114715,1.268968735688203,19.200484461843445,5.651088792928176,2.427038428693456,23.609359179091108,4.105452777678587,22.007609402810090
3.258612633242107,2.084817812389460,1.705117827835105,1.422694123267880,25.361182163824907,7.278426097092874,2.786968452701757,28.770386694744182,4.789622477204511,27.200920206615990
3.957502935706991,1.969515208074299,1.712664939445744,1.407556060509846,21.377135830968662,6.233142103283013,2.612801436296445,25.448313208074033,4.332714539915544,23.398170239494362
3.487402978739109,2.075111164992077,1.791547076711074,1.445429965978006,21.435943712655821,6.243220515830371,2.544616153362345,26.205392357237280,4.395321457540672,23.306670120165791
2.422597251313627,1.265252471731632,1.200483872689453,1.111864211101173,17.382437857278845,5.218682517001325,2.387792001360677,21.022334798569396,3.804200985558563,21.122146908278751
2.557156436822501,1.625998803737811,1.423398662883832,1.273327783715024,20.867439742963086,6.258815896436813,2.532322869129273,25.826313408742315,4.327545125376322,24.368929570020441
4.250309220071381,1.728978798071076,1.546684537429495,1.306134614720195,20.306809911405409,6.000677656438482,2.608513666383081,23.542134108517949,4.106768719002909,23.044308441846795
6.686859818365365,2.700625804196971,2.250577028567337,1.706535878210125,25.643452090540741,7.376267373204085,2.933558021488421,29.443520343466353,4.799891647725443,26.185982057376890
5.458398491210625,1.950180697981303,1.721428756587539,1.393514869933489,21.618047537812380,6.382488047549598,2.716911574975600,24.378957264059714,4.193781638964553,24.169941747329403
4.238198272875985,1.697777304326280,1.525748813748469,1.292083309095724,20.114866560731969,5.957614445558759,2.598505358724744,23.285865774744671,4.073322623928576,22.965855271353291
1.000092205126832,1.000023775932965,1.000043386343636,0.999370951924488,15.367515734470567,4.931449484945572,2.152496910501611,21.174375747071359,3.687557156648899,21.410002730437753
2.517448867309666,1.666539998757168,1.437143892064986,1.284339793541472,21.695983123094045,6.451719407883514,2.607140036874857,26.447444640449213,4.430834739664854,25.025328341537431
2.611452388436943,1.048664237192650,1.069316908941151,1.000254269141560,15.669968096135298,4.870234015199257,2.277754123169290,18.702386518248282,3.470059310706695,20.532057033267847
2.489703151227493,1.790712652446961,1.497077101758480,1.301985994958439,23.225292873772933,6.787455946542165,2.687175862699524,27.256719462781426,4.580291262853668,26.202858314105896
1.000059130323789,1.286281416377168,1.212151265105495,1.116981039380386,16.798313453204734,5.014528067389689,2.223937206361003,21.511582751393654,3.842818551730045,20.538068318601319
1.894511991647944,1.556379294301588,1.332758113329102,1.207741976302833,21.476366345013666,6.380577958189560,2.601956557810649,25.998107336728900,4.405406744641437,25.327937640578483
0.999773969227730,1.049451835432167,1.017426937259709,1.024292348840411,16.495154808002951,5.203372458440823,2.277216915555648,22.200772430805010,3.849471453352369,22.277242944594263
-5.436523981486660,-1.079078374728205,-0.535019136508811,0.083016671569191,1.247126615727128,1.320909941218017,1.342105694783209,8.481916757964051,2.128148515134911,14.121334368015882
-1.179088978066128,0.652378185023270,0.748067006497973,0.845129111108006,12.676958112882003,3.935364603785727,1.916434172204388,17.597558309083716,3.361166601777957,18.160408933731617
-4.208165823969184,-0.709088978384848,-0.259704800145675,0.252492640542241,4.063842981101869,1.807202372452478,1.460033330716074,9.275218138302158,2.318033636964792,13.535731827540589
-3.706497167513833,-0.238647267890755,0.092428334973314,0.460274076546208,6.920072489166648,2.460004336771218,1.546236590657731,12.021494252134822,2.675576684672010,15.065168924610136
-5.376387202374550,-1.057423735436771,-0.517937804743506,0.097695468082936,1.570529275415196,1.188040089623625,1.294572239565213,7.241878485560697,2.050880473033697,12.335903808704190
-3.490130001139869,-0.465182352021811,-0.079386769227175,0.356331731402274,5.542369894873021,2.450817268396177,1.615001921734994,12.505732724100277,2.621526029494433,16.712485264059865
-5.943621806825471,-1.228682651155438,-0.655414865965210,0.010603034020429,0.302427712749945,1.068674085730917,1.289358990296472,7.636416806478188,2.022139360452151,13.344916922730080
-3.418573227157497,-0.359610892796235,-0.034491024481019,0.385943194801434,6.940992285589379,2.808927038049573,1.745624952482441,13.946997778638739,2.813518163676040,17.496525875509633
-4.585001739109105,-0.602119301668935,-0.236934780487715,0.204440413358814,4.424794812871705,2.174360169004954,1.481004570973730,11.532674988708742,2.466300218655136,15.882977426419759
-3.424677626741444,-0.424958362927152,-0.059404000046470,0.373174290266291,6.095341685129865,2.591375911334948,1.671795505137736,13.077702098483279,2.700708760474644,17.040088753517011
-4.094977818409555,-0.679321810893265,-0.223445353524287,0.258855233154649,3.586054207349337,1.947869393234254,1.450915438854811,10.585916222032402,2.367936501905036,15.571995444390383
-2.482673391363106,-0.411632621848618,-0.010747789777662,0.343751631871646,5.258373053241526,2.212840860903154,1.495753221754827,9.679918176403213,2.285544033270803,14.022935660830116
-1.939909082433550,-0.201559564048754,0.131606974240132,0.455971359101077,7.228426246586997,2.674596211586189,1.669733153779752,11.580207628334925,2.569507125108811,15.148903829381597
-3.478480290912549,-0.682579194783841,-0.216213573927744,0.222361002911130,3.326733299939241,1.718040493166567,1.359486321793512,8.142317961195623,2.084396025625268,12.853003721271763
-1.471193361830943,0.399978355782061,0.495340193604396,0.688992311430737,12.745656638129619,4.259956871649619,2.084226434458843,18.856765322021680,3.454685904139684,20.847758264831100
-1.847317715562285,0.288199713503150,0.411638346055605,0.631211133524309,11.832754912547836,4.031863320425172,2.016313506990682,18.039328754112340,3.345854619700085,20.346692397219215
-1.475455650968412,0.693526165888109,0.782334668196722,0.858354219259649,12.615798667896184,3.916560330003831,1.862988736098586,17.804391534723401,3.367476712506339,18.071574059121275
-4.992418793147278,-0.574939936179160,-0.150402759126346,0.308832335492568,4.389289989274266,1.808508911779595,1.336081118724188,9.748462854184332,2.377930789922573,13.728011474332677
-4.614417817532464,0.070170026568981,0.344121306511104,0.571697107265220,7.489322616599038,2.592671684605518,1.338485606026789,13.477758203924360,2.759049262581450,15.013896393259104
-3.297286742899383,-0.706272508020545,-0.162012754352102,0.138034212396663,1.000449323966953,1.252510399363442,0.999925024095597,5.174568624475306,1.568778610263543,12.174696934087310
-3.034909714463518,0.017617782317050,0.199983167037363,0.439054510559562,8.934694110877137,3.288806868773972,1.711830101156988,15.058721875131560,2.947835143395683,18.803792774703595
-4.692188101351180,-0.924620440822904,-0.355961657083475,0.113724656704218,-0.219241169531363,1.000247239513937,0.999474677553774,6.614866460348672,1.768722822970471,12.988669178205699
-1.248502088208555,0.822452549808919,0.878749597354558,0.911753073231670,13.296677917157643,4.095035279829657,1.890865668970828,18.598653329387126,3.455347561828692,18.430581948904091
-1.858801195867832,0.445597473923872,0.596694227688410,0.755628969098890,11.308852250056317,3.579900640453045,1.816863034217520,16.293937699019089,3.199520907757258,17.395793897956594
-1.470117552020634,0.201045709223214,0.405643940417540,0.651498261288426,10.360654047209310,3.680174367443681,1.916252990868613,16.870439089731541,3.169614192429347,19.283339077045241
-1.906036421553155,-0.046922901296403,0.277389476352224,0.513660365656164,6.306384967896170,2.682038463333340,1.462477609626176,12.858892463521066,2.562035962624409,16.427960692244483
-5.573963488904811,-0.910415654503140,-0.461116370298143,0.046805886469266,1.616698653063465,1.461995601788627,1.250518366320147,8.967675775759481,2.113149704943841,14.065420898882623
-1.850709934281861,-0.091581683014532,0.202756327859023,0.518209212701825,8.294597305182014,2.905783952717710,1.756701717955282,12.716180454725951,2.746023208958217,15.766632896240823
-5.443600324421768,-1.125383314832249,-0.568624757427009,0.060576092478811,0.999820972036196,1.069286143569710,1.262945108613832,6.773079222642046,1.972299708655886,11.949209026397797
-5.577331957514884,-0.373217075946641,0.015031285454005,0.380524140143886,4.786625838006342,1.890640102066241,1.190369424947346,10.564671648749560,2.417405037675171,13.646410836072620
-6.763018979444324,-0.921207810861095,-0.390206047195442,0.141774392604714,1.272543410011201,1.000250300997946,1.000300008837728,6.986281730597135,1.985596381281411,11.959468202502139
-3.476903072580305,-0.657657859802107,-0.205154230956065,0.244298493584677,3.787367533139678,1.815520884551828,1.413797026607180,8.660568973666351,2.172206785078150,13.131201285713930
-3.392219896463155,-0.509697429089343,-0.064819494927357,0.311918981673376,3.310839570556537,1.906740507564348,1.295031576605324,10.081323084115262,2.231635526125285,15.048251255118176
-2.486293893135000,-0.014250564832356,0.208735708975238,0.529745972773438,9.601194555441472,3.482326848615739,1.911913957827099,16.290337094790253,3.115776553095124,19.036521739754903
-3.675146168680593,-0.720855907347772,-0.250491883052975,0.212401411800891,3.243629271660352,1.683947801316405,1.369016751887166,8.180594135508805,2.102541625226803,12.810527755274224
-5.298517228125371,-1.051698882307116,-0.498813100757226,0.094139178078798,1.000331618201076,1.262622665807866,1.283715633168499,8.120598800502158,2.069476629714100,14.059503060282056
-6.375223047174851,-0.673121655919161,-0.204429053599289,0.247766205439577,2.757560570619587,1.371871072116020,1.055318817223295,8.531216723938620,2.163876467883864,12.606557384024429
-0.398384642697843,0.883667556264211,0.917365228279485,0.944799906222233,14.195447043282170,4.331587925508726,2.028720168734881,19.041546070646369,3.539614454330828,19.023573288602819
-0.999920310516197,-0.055392624422394,0.280891852876197,0.481790281059754,7.177009789401934,2.757608661628067,1.587654306016430,10.895207843966055,2.403374395593059,15.520343777752602
-3.828113479694123,-0.710441835445202,-0.253797620617158,0.234964850858826,3.755728074653695,1.778872504490975,1.435443222780140,8.826549800484564,2.221594490076115,13.184111829673954
-5.172082158411742,-1.117212825238276,-0.555061271393685,0.040838040868549,0.564609720993984,0.999560014362741,1.201765212017458,6.212675403498075,1.853734571381694,11.403096199407743
-3.646151285436568,-0.534773135161011,-0.118986799774347,0.323487377576596,4.667471700577552,2.228938587297447,1.525761162494335,11.611380273839437,2.496483752589918,16.180425227956562
-1.000063439320082,0.325967475351851,0.510179968048098,0.704041309733295,10.725959138406855,3.776971680972961,1.894664302553898,17.118972076168198,3.180315445758290,19.292649011496309
-6.514199622658909,-0.406798417486989,0.005499987680223,0.353272673730725,3.822204421704596,1.651592956294363,1.000299657365861,10.059858463367014,2.293175169946178,12.883236440183312
-5.125590584397854,-0.727040262523104,-0.266075974088257,0.245455293917040,3.568400185824535,1.616796206635710,1.327978330359838,8.941810715523808,2.284420389237817,13.367907770266301
-6.531045079796142,-0.864235113559992,-0.350059731287430,0.168656501343844,1.744399288867547,1.120724725222428,1.044835665938877,7.420725440119405,2.045712156059079,12.219479806071549
-5.730616301946457,-0.768337482073046,-0.371133162499303,-0.002400031965619,0.999747986382128,1.282487046274893,1.000220003433298,7.664467430590967,1.931109772544716,14.086583525808750
-3.170831415406839,-0.265189099084010,0.031205127457197,0.424289221974020,7.672120616141415,2.995268931546005,1.791671921194457,14.601848224064575,2.897141485540044,17.920975802305804
-2.852782525948799,-0.547283007213895,-0.096566279770652,0.263667661322306,3.751547237161438,1.863340666304649,1.344137926504316,8.181827628997063,2.054690860353567,13.207048885914903
-5.136608579713672,-1.027138612301169,-0.495453099079893,0.106080032692758,1.732432629452339,1.245138313490882,1.310445472994993,7.349998797492582,2.052772250011629,12.313432387588593
-4.509395740592639,-0.628543992255899,-0.197635123888665,0.291651861184329,4.472541269448788,1.862235566531607,1.432040625493188,9.711090396516248,2.387889612525644,13.834160738708819
-2.501884459357756,-0.316484829811238,0.038942665788783,0.413700214945547,6.621843746378238,2.496118358822085,1.637303554997836,11.217048569402515,2.540853964306937,14.798693891593134
-4.779161656967682,-1.048150032813016,-0.488516145127205,0.048105400248170,0.443681793576217,0.999472794952280,1.139075567337099,5.787025419390453,1.757393658844056,11.165388292033755
-4.830567362427034,-0.872025926141774,-0.391846468405257,0.171818922505307,2.924454910531568,1.766442999713232,1.471166334519067,10.165115959997443,2.337486320588245,15.128616992778349
-2.847753650195466,-0.539943527303087,-0.094618558544344,0.270920522719851,3.916990825609587,1.898387428026607,1.365514112307626,8.374008223776137,2.086877167381687,13.280153199864289
-4.835570379344718,-0.248365898282611,0.099989715321085,0.441466090627295,5.968736232740040,2.194630205535927,1.328333447631124,11.548500245007482,2.565035127893243,14.367701977531711
-6.160815328931323,-1.222295024567149,-0.672804207639672,-0.036416242579747,-0.108897609207337,0.999973132465554,1.214436450846643,7.462335433160739,1.946802355061248,12.821498892333752
-1.286996894666688,0.078120795729887,0.328385623765434,0.593445355638403,9.477441498310787,3.205758558719535,1.839633067092969,13.742340779729226,2.879091788933149,16.449716257070691
-3.151467405170004,0.046458552377106,0.215544548400171,0.411967973595138,8.636249289850582,3.194434552349319,1.618443477993305,14.415291973250270,2.871082434413023,18.780384985362957
-4.765545423340265,-0.749373255975954,-0.331533031790948,0.181340309331107,3.753016999649037,1.999186168073150,1.499822571732906,11.062059215897953,2.422547445611976,15.450382861782431
-2.910464513810181,-0.589021685029389,-0.105305188211940,0.221518563812585,2.767288167892409,1.653597285372340,1.213391811712389,7.039230322067475,1.864419891841973,12.838019048085245
-3.552335684168087,-0.495397878983035,-0.095808357175073,0.342330950613828,5.143966367938711,2.349815174821001,1.573765680800314,12.096202085652031,2.564189647318355,16.470880574778732
-1.063172851479075,0.368113752842461,0.515456555668210,0.723992561381243,11.935349614643817,4.072680852903856,2.038205202231071,18.307100300009289,3.364427419574728,20.192110928124521
-4.485087324685340,-0.747792595630314,-0.306280000640580,0.223690474314752,3.920067558578131,2.028199814363715,1.543517414042101,11.138633390273149,2.458789213257309,15.716468274387411
-4.256414087764691,-0.535330029922530,-0.183200263043822,0.258339606776545,5.258640882212513,2.385607416984809,1.576536893952210,12.365069034143481,2.585891462474021,16.400677499654250
-6.006237482734642,-1.272867853123008,-0.649316263391195,-0.009681125018068,-1.000273037510746,0.735148002712376,1.101732122094985,6.058624297487391,1.800004490411866,12.849454318835969
-7.526759145709258,-1.463131775137306,-0.860997757007189,-0.274933157215731,-4.285507883948648,-0.041745678112309,0.684183044910454,3.360768879927456,1.322656338015748,10.206112355808274
-4.784065887921075,-1.000349412838206,-0.379633752596312,0.039132281656734,-2.469582903857128,0.464642825246256,0.676784884621955,4.257177236321546,1.362431220852038,11.081882542122317
-6.669030820027766,-1.445089752169551,-0.804336509190180,-0.075566893630439,-1.276228056934664,0.505321235625727,1.114798665352969,5.081403642866199,1.758103572198046,11.245227996456494
-6.664703705240010,-0.999785776096493,-0.538035373215524,-0.165269837023504,-2.012948898921919,0.504296495261028,0.670322053432523,4.594014643924275,1.512614674373737,12.392636915149184
-8.682764895639083,-1.635406979167605,-0.905705766409398,-0.184583058702361,-4.063139494513360,-0.321435554110055,0.627530101020913,1.938172189458861,1.320674648420237,9.413085426489717
-7.851905935338829,-1.829683174548732,-1.091725630621087,-0.344312383963138,-5.968136278446883,-0.554387176328677,0.665808911013828,1.240196068068791,1.096355299472063,7.951931401455797
-6.839644831897965,-1.330204858700728,-0.761451882642946,-0.155708537519990,-2.118781657894720,0.507054014100815,0.951842058798533,5.534836488221991,1.641519989918685,11.508444881800303
-9.009312927499318,-1.881561985298767,-1.084500423613451,-0.295610327792933,-5.867758292749629,-0.728753570769216,0.550711157577468,0.364231337310876,1.110621447140517,8.831858389213780
-7.556620805873878,-1.682320278754759,-0.959626830013052,-0.186388399485166,-3.571280534199724,-0.031349867188228,0.912474279197001,3.211387107124288,1.489812948351795,10.798809128912014
-6.443745208558179,-1.391666954650184,-0.773434958798419,-0.061066336838188,-0.918044050107186,0.731463119716066,1.197037933614566,6.358884793839785,1.867268170645595,12.433067561017710
-6.831781841230894,-1.506048140734173,-0.867212367047276,-0.135996972571524,-2.022342948341025,0.455670216172164,1.096863559120585,5.360965818070859,1.710061716096562,11.326499050017391
-6.707263873551186,-1.534895418736181,-0.873897242457523,-0.155091688722284,-2.585334676764675,0.241539687341399,0.995217500332470,4.003582514879518,1.541818772172228,9.966119624299042
-8.827409625283673,-1.761990836709330,-0.998905463723667,-0.240343835552909,-4.931375302968485,-0.518193650026435,0.598978256642219,1.171816168813585,1.222656923274308,9.143875757691150
-7.621349165477755,-1.674029617364420,-0.997971819704834,-0.281330437994037,-4.560476249673277,-0.147514182496027,0.803508890930110,3.134910771820692,1.338793333515526,9.521536167736487
-6.280489671285425,-1.372948103697890,-0.754070975861831,-0.051783887402197,-0.814493420113189,0.635887164507123,1.150190975121930,5.443845026736163,1.788670257212506,11.193277133278800
-7.463939503820599,-1.668496533015418,-0.943140030149072,-0.184272131452552,-3.706436075806403,-0.037370211087252,0.892244163733286,3.171600094540814,1.466550527597775,10.927569422306648
-6.502051556817102,-1.411032670077041,-0.785359784514940,-0.067625086269986,-1.072473809369965,0.685752565503831,1.183125919561736,6.168007157642215,1.846772514143375,12.350448756942230
-5.672023525700256,-1.259719879314950,-0.568684719732213,-0.079740680922109,-4.331400946093991,-0.024908501791673,0.538297419630584,2.410961171546965,1.129810315459024,10.084420971910932
-7.821881446879422,-1.831690001527789,-1.088923183520111,-0.347521803029850,-6.092428195643139,-0.591261290131629,0.643003549841290,1.000328082327506,1.062066057975401,7.760362981891150
-9.301092873684381,-1.258793467015785,-0.604669197535556,-0.039952577044170,-2.582177247091232,0.016350782787496,0.460947027265008,3.742016845093040,1.447908474629447,9.300333056132475
-4.923969344854394,-1.000253121004237,-0.406472269300634,0.074219992709144,-1.000134388251270,0.802186388176904,0.921336878779356,5.825811908747220,1.655915543140197,12.483726737982154
-5.177636511139783,-1.064450613093337,-0.461489665323204,0.054184587440815,-1.050731294699042,0.775513247504632,0.955826620776189,5.819350778583008,1.680707894086819,12.590093748173787
-6.465598066746802,-1.235280154963244,-0.691552269644221,-0.093011981187366,-0.990418582195955,0.793020469691610,1.070167283370808,6.620182327409985,1.798526735090036,12.255035563437277
-8.264912514022308,-1.860699240089103,-1.128600983561221,-0.394157106702734,-6.716102062904758,-0.698384330208457,0.579413897626934,0.999416629335848,1.028173174508428,7.938599134056917
-8.044546730914087,-1.821439458043153,-1.098637449085336,-0.357854054150546,-6.050322210184815,-0.539134941148747,0.659658958249222,1.577889655691102,1.122132504494872,8.315749349936313
-6.743302305665489,-1.489306086228304,-0.845241837614053,-0.105304482881803,-1.645998762210572,0.522396940210880,1.138176933551157,5.539551382800560,1.768585274882046,11.766043035220777
-5.249447834562703,-1.082715431042844,-0.477154094222623,0.048366752796896,-1.068404097981384,0.767080685408272,0.965058421189702,5.814447449299415,1.687086118325411,12.613102071446123
-6.067219351742745,-1.376049172367736,-0.651477212822728,-0.136305781728381,-5.286749681348367,-0.273048201997215,0.454260908743727,1.448204095316179,0.999850355437147,9.507020613097014
-7.844565715095323,-1.709331586047959,-0.977895619473844,-0.198964108266724,-3.800032611103462,-0.144249845381014,0.855902425869055,2.695490016423342,1.439431004699028,10.336707832069409
-8.003844762538849,-1.837649666274352,-1.029226217163753,-0.295938822897800,-6.544762047692076,-0.719184041137910,0.528596009122355,0.237123629631661,0.999727047218255,9.310676809885083
-4.426834357065973,-0.999507405060443,-0.400047067775947,0.011590549886827,-0.902168775616681,0.739405606514820,0.884596916594039,3.832795475265549,1.405374497279127,10.642702681630967
-7.881013354342238,-1.813573792808654,-1.087172134725900,-0.336775904840465,-5.726382893596563,-0.478628354467221,0.701286312961163,1.690963230913404,1.155683062971339,8.331232714768648
-7.877704252432929,-1.720710048889472,-0.985424691220390,-0.204659396214380,-3.913984735139665,-0.170157844931881,0.846178779909625,2.599774989141757,1.424942704027331,10.301064733812952
-5.268640624072804,-1.187532117209162,-0.590021712139928,-0.023817510401715,-0.800661374813950,0.695242843394167,1.033349807854070,4.734070933545546,1.603650352220783,10.434043344421982
-5.157218390336213,-1.074158439333500,-0.456845293602921,0.036476457047203,-1.715033196296458,0.619737407130044,0.852311800108877,5.104986774783093,1.554505488414874,12.029627179063427
-7.429952163561383,-1.659098956511581,-0.938522824156189,-0.178612802944717,-3.555592871959918,-0.001099391107973,0.911125006398446,3.325056239061119,1.490078659100203,10.990969799198867
-6.699224582587265,-1.446256015195059,-0.827276619598783,-0.117220510270060,-1.647777530512664,0.571502538489566,1.120487654613710,5.841989450847755,1.759311389040864,11.659202392021941
-7.968745963096568,-1.767546516886149,-1.014964911587694,-0.229263470421716,-4.442350349587530,-0.278204030844025,0.804412839783140,2.202913598275892,1.358301081263712,10.205462667286954
-6.561205745991439,-1.260826460063747,-0.710304777974467,-0.108908494423981,-1.275866898456937,0.720552959757098,1.041483337092262,6.347501278314517,1.759388669167521,12.063498193554382
-5.379319552110283,-1.239011094383210,-0.606406473141637,-0.078267980661481,-2.056936652967598,0.411353228548334,0.862299220391269,3.305558857643369,1.366696107562540,9.689752827101644
-5.023216944791708,-1.016671758292880,-0.428199326840054,0.077486161191444,-0.628822646733128,0.884550840889970,0.993584207064051,6.242447645703201,1.737875044012462,12.846304583697334
-6.653013695627715,-1.433803082589311,-0.817645463251887,-0.108851072450938,-1.508757332528093,0.605994237977851,1.134520151995554,5.970045125300508,1.779166570739424,11.773116919234043
-9.633016285739624,-1.468354478748370,-0.760175734641089,-0.133614535206438,-3.958947607297021,-0.332730081869985,0.392841203521010,2.253335972403498,1.270188128470597,8.687544967458651
-8.332342857723036,-1.776916424646174,-1.078556450140796,-0.403555189083376,-6.794572745687075,-0.690536461349441,0.507057053719887,1.052392288145903,1.006771689577896,8.263000175951847
-7.322456002448368,-1.425801485042999,-0.771599156984888,-0.070779409820453,-1.683964386364118,0.313323401388940,0.949481810421278,4.274942534132457,1.666459213310262,10.913210335857459
-6.904931479204508,-1.545144077878774,-0.884042517880017,-0.128366596851024,-2.055438830766016,0.375017589394728,1.092305434921940,4.848283119277845,1.695235092246275,11.144498616947489
-8.962708751654054,-0.999785814280788,-0.409970852695786,0.074104177082205,-0.999739654087109,0.426658734276996,0.526045627817136,5.562078327250184,1.654256883875795,9.991699128969261
-6.920276462933851,-1.395736175515680,-0.757116942337006,-0.052074704760522,-1.166186772197436,0.470320466909099,1.046670213490551,4.860899441997923,1.747989265863169,11.252869211928557
-7.963092602783911,-1.408567584768135,-0.828244654141203,-0.373718365205190,-6.038465994050654,-0.512851294808231,0.325111662388565,1.000311341072312,1.000214434618709,9.724480594057527
-7.388956683265649,-1.614584155672727,-0.918051704395694,-0.151341230428285,-2.784726715825174,0.125697182151354,0.976103928909232,3.755182359081424,1.583498709025513,10.839711962242520
-8.427004462212102,-1.572881093258665,-0.862788880528020,-0.153402190669197,-3.486589616522005,-0.175708546289373,0.686432807552290,2.484630741862553,1.399293824166890,9.733551892380889
-7.819305426168890,-1.753714262389707,-0.999800933503103,-0.226813421343969,-4.542371346421769,-0.266504608760359,0.798146492012261,2.245721420449364,1.344006859284001,10.379873735535798
-6.718574380371175,-1.480834123638433,-0.842207302536536,-0.106435590763047,-1.610491935659441,0.541114571878010,1.141609116975766,5.637560097171637,1.772548189609954,11.744847346070914
-7.099227573677789,-1.579710505020659,-0.872026836411059,-0.148579579484028,-3.295449047631935,0.102462596262027,0.913712347914545,3.664102403757020,1.508531558287221,11.347447145124251
-6.503243420179958,-1.074969980379171,-0.587857316779677,-0.116920689267180,-1.234446111662281,0.730757751632408,0.882654573813504,5.960739861482544,1.685334766322928,12.442369997588345
-7.897055774484409,-1.771046739862582,-1.064526129999605,-0.330568192829042,-5.513985962501815,-0.398667989353415,0.713636098809774,2.142634880943739,1.201716300872303,8.750416647677357
-5.843413479280025,-1.369719491405563,-0.671218097736928,-0.179354184378717,-4.236876973445563,-0.098240584538959,0.587826707446736,1.000275344321118,1.000213689191274,8.595782348863624
-10.658492785060139,-1.661909847506870,-0.889525495037977,-0.232735492772059,-5.839899341819200,-0.805559140241046,0.165263274826899,0.541512117299554,1.000104560221218,7.420654261353805
-8.141455740968022,-1.917231604016294,-1.058274681525914,-0.369865500099517,-8.584850940766666,-1.189624681468319,0.239293827687332,-1.887206159497318,0.625717618607262,7.805231926521261
-12.620431085462458,-2.782844996407960,-1.683302588170167,-0.788166124388752,-15.288427079054559,-3.085496416014922,-0.532654754745588,-9.057674340986559,-0.338347682374994,2.693432689332299
-9.588493208048222,-2.288859126220796,-1.327669302069392,-0.705061979021432,-13.908197479586681,-2.520131382820895,-0.375715340221752,-7.490963852183235,-0.250187069221521,2.898779391029906
-9.993248141914785,-2.271825430204476,-1.416756995561601,-0.685546377302203,-12.366980321354644,-2.123295765933167,-0.061953361295463,-4.457834203451888,0.215120846345233,4.313174721950476
-11.248894071794533,-2.476702412520254,-1.479614592052654,-0.617020129004121,-12.073263365599312,-2.269577113613709,-0.132554190293956,-5.775598448087784,0.179685109461453,5.067450856619816
-10.057109412112423,-2.388853214033176,-1.460460911282148,-0.729687139907579,-13.678938336253049,-2.479249186794763,-0.224420851609026,-6.364847310174731,-0.057661109255899,2.906519862041479
-14.375810193593493,-2.833263858826925,-1.706613261308545,-0.821998490506936,-16.025078336604892,-3.336069300251511,-0.818557609797807,-9.665653007867867,-0.501528343560472,1.159860866625850
-12.914631772208077,-2.990036997489657,-1.815198015056627,-0.917025139657408,-17.864852321776382,-3.675066647415678,-0.806644892090940,-11.656981482887353,-0.772770635058140,1.000113413778395
-7.558593299818979,-1.804857838569752,-0.999957285542379,-0.404575487992700,-8.122649873753760,-1.081436445724395,0.253648951823129,-2.152358390977646,0.551295349219395,6.162392753678491
-9.370883619620033,-2.290030786762314,-1.298619857027706,-0.595187538205507,-13.090328657451840,-2.308903175766960,-0.303980146150135,-6.578212999948654,-0.120797194442211,4.401390171960459
-9.860269657996342,-2.170774317251542,-1.354257641140682,-0.661083089007400,-11.797537513575167,-1.968735620523918,-0.037562737893537,-3.844519482934324,0.297067176589270,4.992334384563891
-13.353572373051000,-2.624307689228687,-1.567536053890004,-0.708913855682171,-13.945718738984448,-2.818057268448927,-0.552219306925831,-7.640967407587517,-0.165928457573245,2.763203589886105
-10.849199671840603,-2.237117078087090,-1.408068176923750,-0.849735536746170,-15.415490604401526,-2.918040958715439,-0.603041371784359,-7.889666629508987,-0.267723843038194,3.616748669032633
-12.731777797647476,-2.428770241644976,-1.432686319625747,-0.607582092469845,-12.152653897020580,-2.376106615412910,-0.371665003500808,-5.844021779812159,0.105380964370437,3.894366344859806
-14.570724476185630,-2.829481486568618,-1.701283047509995,-0.821494260295583,-16.061539772183338,-3.347623291806971,-0.851298104640659,-9.650586545688419,-0.514202303445321,0.999913033881940
-9.865398978462297,-2.043544078239510,-1.190167208524309,-0.384344490715504,-7.631490835967968,-1.189519052691369,0.325679451346656,-1.424873723138298,0.842480123972984,7.653956965111265
-9.778970902895969,-2.297725045688519,-1.415685182391521,-0.667852539582728,-12.249767118862403,-2.113427297324594,-0.038211435261125,-4.690486855523126,0.192577195107984,3.950706492157737
-8.935006435424599,-2.014791613499643,-1.170668240707456,-0.365545031425839,-7.312013736183617,-0.999910503640850,0.472585800458476,-0.722058257451671,0.925375005158383,8.583608826035972
-10.907548781836690,-2.579744051369405,-1.511576653682824,-0.899906462510997,-17.798421641490535,-3.490859478690910,-0.837285818520552,-11.224178459589588,-0.816366045435000,0.869924761651932
-10.233114820025309,-2.136730812820053,-1.337422346374050,-0.734765725092601,-13.159289689794557,-2.322652680947359,-0.295411125583300,-5.422728125480980,0.072691009036241,4.714611487080903
-8.475665087933281,-2.027828127208183,-1.150890235511808,-0.541670829525698,-10.755784406957000,-1.733721458552653,-0.029972500186422,-4.581423992370027,0.186215677178663,4.669550709458521
-10.126820463856008,-2.399102702723260,-1.472865157933346,-0.735780786481609,-13.734696900745019,-2.492035567789488,-0.222372482843476,-6.325768885267998,-0.051430448529234,2.912014452294047
-10.541598472800901,-2.555772196338202,-1.495523847453516,-0.715933307493694,-14.874521216016690,-2.809217037948857,-0.464844863280815,-8.455800318749006,-0.353579005719224,3.280611327703271
-11.797489244306044,-1.991747268341733,-1.120333418969170,-0.394501838823996,-8.627453286957534,-1.504168849976426,-0.102198778500950,-2.201526273486287,0.604030065068374,5.747510543437388
-8.964155979394123,-1.982528010797123,-1.220012176278050,-0.510203652314925,-8.885080075587718,-1.230644925836602,0.309967401290543,-1.000207663752953,0.716670763790550,6.721704108133624
-11.945202799676560,-2.601726163963798,-1.655880876320257,-1.017917582734726,-18.837127783010921,-3.787628719537369,-0.900732671733829,-10.957983483028592,-0.725368853930035,0.999880487924999
-11.714436232275576,-1.831495440170315,-0.999414354696013,-0.321871225182600,-7.594716799936949,-1.242142251990674,-0.069822585461794,-1.000047463821637,0.739612641833207,6.127844659552098
-10.535673977950134,-2.628388270794165,-1.524415435572788,-0.795888333248742,-16.835249807561482,-3.243610742207979,-0.756297994434566,-10.489222108271839,-0.752283426544984,1.425406358188924
-11.419394250325832,-2.483114169607765,-1.574386268368469,-0.928075459605227,-17.039247907937725,-3.319992325227846,-0.685805871473812,-9.136202112015702,-0.464813235182820,2.055635019530429
-9.616114889851930,-2.279956377368956,-1.291120269152659,-0.721881579000869,-14.520737326190973,-2.654588142349186,-0.503851808625827,-8.383895673479095,-0.400374910878436,2.875881913680361
-12.369244271746433,-2.658473451808561,-1.600477964567370,-0.718312511404758,-13.962256275877388,-2.774050258584000,-0.402952919485882,-7.732147841651262,-0.129764445558961,3.487064643706789
-12.118753943166704,-2.841339997607918,-1.710820172505880,-0.839900570775372,-16.573594907603400,-3.324978998094709,-0.639749686489688,-10.294904733469401,-0.567285575526017,2.064304427755305
-10.726361365496965,-2.610417179373973,-1.531050885596044,-0.749543816239936,-15.525440928852690,-2.969704180966050,-0.545770366192170,-9.134781309953418,-0.465291407971388,2.763794777103046
-11.584683308569540,-2.469924603047335,-1.474829119825646,-0.614240900521675,-12.004641538130707,-2.284099894353178,-0.169931046639203,-5.764605736402849,0.179792456964304,4.857815727609223
-10.607719545751396,-2.516036993979350,-1.473226521755927,-0.855734066188450,-16.901768826028391,-3.267455932406821,-0.726619959588350,-10.347552219730154,-0.682473984862969,1.312222665538629
-7.811936970495561,-1.856463554833551,-1.000234644828144,-0.361756222832703,-8.881580365507270,-1.228981778636952,0.153399599153158,-2.207106945464410,0.527955037497475,7.392929228367338
-9.868452709704409,-2.005410706217777,-1.162466690373793,-0.367157566337011,-7.350961394382127,-1.130527354713907,0.331515001751232,-1.182880043946660,0.874510184491652,7.710817616289974
-12.440146200627121,-2.309101199876089,-1.348373872931339,-0.547727461585671,-11.130331823323340,-2.124708619569250,-0.284688345742419,-4.803948660745313,0.253622425154049,4.465369670486071
-10.833187071554280,-2.577808278547451,-1.546446408629620,-0.876285226847588,-17.008762378401073,-3.309617311177990,-0.678714346311394,-10.093145516881044,-0.629560187082876,0.999882521833287
-11.386467846875105,-2.653888359481757,-1.663673851918300,-0.923420234401364,-17.254319524719584,-3.376541244830920,-0.614445762015721,-9.429889391177120,-0.514624537802408,1.000058573933304
-9.120025886677082,-2.183501779025526,-1.290183742141505,-0.611714696138682,-11.731862674516213,-1.991120973742371,-0.065536241071927,-5.025403747235067,0.135851356130143,3.978077411886320
-8.666726009724231,-1.992637553441611,-1.142472786410656,-0.367892516766281,-7.691436412130132,-1.044285878870115,0.419443923417784,-0.999975920210467,0.847018585096290,8.513765834026147
-7.899106122148529,-1.872831036758727,-1.000035080916351,-0.485460596726332,-10.149695315121642,-1.550299056165985,-0.057821344581921,-4.540341517119408,0.164872331352087,5.462532405768913
-9.526538852646761,-1.992550778803725,-1.235575779934345,-0.610866825078843,-10.742968611757826,-1.696513343175328,0.003463872395229,-2.933752989289168,0.425231615679863,6.062694216812590
-9.415389196477721,-1.991598627654486,-1.158307486632791,-0.352802412945321,-6.965273337050343,-1.000864765618248,0.437205025914096,-0.696355819809163,0.954301160885692,8.232589258840052
-8.521813392164271,-2.020779543585201,-1.129499130857567,-0.424526090093737,-9.579996638330700,-1.447480350315930,0.132829546470929,-2.923295776483123,0.476023091528771,7.120848003807852
-8.079834533710633,-1.918909041933127,-1.133031878230958,-0.419957318654059,-7.718290919520628,-0.999598235698360,0.426410877008377,-0.890497982879346,0.770805829274690,6.466952119194788
-8.611678538277209,-2.058288382478564,-1.164386318398473,-0.566526652826801,-11.309859093179076,-1.867294512556500,-0.105000791588198,-5.179275338995161,0.092565269052145,4.410682347445062
-9.159949650147995,-2.186380697129056,-1.245418721123127,-0.509644875426563,-11.069040414205420,-1.838643850690917,-0.023648067568505,-4.478434346175995,0.255603681754293,6.097964225274668
-9.679177558941456,-1.993600454321365,-1.237722724966505,-0.641272190274951,-11.316554345539773,-1.847293231552870,-0.094549783925341,-3.605338805787177,0.331555239385712,5.869660497710528
-10.730198712555064,-2.554708128859209,-1.530631460638896,-0.861139449634446,-16.714556782820004,-3.235416658296915,-0.645602458336022,-9.820667972961509,-0.588799156885283,1.166602013114813
-15.595733097736334,-3.712793065901487,-2.297473573603659,-1.350465694037396,-25.657547099544196,-5.589499599827464,-1.812830071138914,-19.802754337875093,-2.170493659710446,-5.661295652648290
-16.162446028649974,-3.586751381617312,-2.221911814460411,-1.243103216778975,-23.476849333825548,-5.130135215418209,-1.591862840116445,-17.427367338534488,-1.738005368414654,-4.010937463549025
-11.639021205611643,-2.750684232718523,-1.647938008590397,-0.999639410594526,-19.558831412281879,-3.947331901019796,-0.999667067286568,-12.645335951753431,-1.019061655245607,-0.310592583897742
-14.619434797387415,-3.365207829999889,-2.128034488891297,-1.437410561352026,-27.683347123569938,-6.057243548180312,-1.885427412852644,-19.775551505431885,-2.052867662550465,-5.109622792872925
-14.502139690628235,-3.350498130176401,-2.107745072474578,-1.418067013141269,-27.373413102484079,-5.971940222890682,-1.854063857388077,-19.545141312791692,-2.024929914416244,-4.947773656143225
-14.564533123104235,-3.356914648624246,-2.119887095570088,-1.428486372837480,-27.523731552780735,-6.014489940883580,-1.866778004765509,-19.635666399437049,-2.033699843934453,-5.026478978653811
-15.715602278622830,-3.579648096408846,-2.267046808367873,-1.608505415684260,-31.146212433847488,-6.961593758241266,-2.335514529066332,-23.233351512882486,-2.571693018820848,-7.037382461606454
-15.274040549088406,-3.493473391309764,-2.213015504417951,-1.540075795587464,-29.749920765610856,-6.596747922839485,-2.150660681059740,-21.826501656340078,-2.358745701295561,-6.261025034756356
-16.719855615575661,-3.935836900837250,-2.451878400053211,-1.473882077754716,-27.638287902327519,-6.095878757604995,-2.096881187338944,-21.890442610504671,-2.538944653423611,-7.603305419562529
-14.143955396174009,-3.237964905000968,-1.984576862050698,-1.053358650735120,-20.247402073091806,-4.292392280668411,-1.121351574495457,-14.131835646057233,-1.172939829680368,-1.000379163231115
-12.562490934645409,-2.954700277966392,-1.830105015236652,-1.123555868794046,-21.604536093340649,-4.483884726183307,-1.164175050546155,-14.086686394347602,-1.215859394399480,-1.700458349609105
-15.396891440415525,-3.528158718001417,-2.217357312580596,-1.554037624380056,-30.151819710356065,-6.691353612852966,-2.217729230554584,-22.328173675056100,-2.447641847684472,-6.466303483703085
-13.755232623007510,-3.205652031081732,-1.990459833425116,-1.304701946246988,-25.267838599344838,-5.419752027938275,-1.617421776080705,-17.678535350847859,-1.756573702028088,-3.723156115316099
-13.857566188873045,-3.148088334984923,-1.925250301290033,-0.999639344405768,-19.248458264108095,-4.050935202701682,-1.000321213895328,-13.101194544279714,-0.999588679863538,-0.221119849639363
-13.638823025906609,-3.115427406808929,-1.985056875662772,-1.284775596903953,-24.409963509070160,-5.217719482063190,-1.480832421493636,-16.392313249414919,-1.536968192724856,-3.032572275284791
-15.321249654338429,-3.444334261891575,-2.206901504909498,-1.563547723917547,-30.040834675803232,-6.697591771647611,-2.206440465310719,-22.104214119051370,-2.372181952246723,-6.169936141192180
-12.509617285471593,-2.896398131378932,-1.830085568324486,-1.102725614796640,-20.816855274270829,-4.287473431626099,-1.037262253555014,-12.883821671538989,-1.024741517507958,-1.068447097042563
-17.672213320047597,-3.938790483397911,-2.458808235916100,-1.446751416791028,-26.952375117455908,-5.981431745111367,-2.070677682529113,-21.033792825673039,-2.386269191739328,-7.251778132494591
-12.332535348569310,-2.884172246521493,-1.808512299991854,-1.079046695300894,-20.474310888034175,-4.199287329849854,-1.000229260753875,-12.696287799404480,-1.000521396449396,-0.999485420752817
-16.612134360745060,-3.482135654583878,-2.148213396874224,-1.176119624130211,-22.260308174148541,-4.861394746714582,-1.532460015385142,-16.024149090809978,-1.535594599446426,-3.479804408169427
-14.946105428658457,-3.329240048580708,-2.138298026576295,-1.512080429645814,-28.934653321963467,-6.419371907781285,-2.090835671151491,-21.065566565692201,-2.204822767291329,-5.315850356679332
-13.168750678506170,-2.960604406261879,-1.891903746872463,-1.212554202910630,-22.846974052973209,-4.818969585707551,-1.318171645343778,-14.836768132526494,-1.299435577996387,-1.832388651133781
-13.748894882594930,-3.009702064788152,-1.931754578356991,-1.325984804911435,-25.077507001362154,-5.422119399715202,-1.658032956108810,-17.320848585858165,-1.639301852684717,-2.683474135225309
-12.118417997346464,-2.857182234078779,-1.727378919685996,-1.067447677420199,-20.820555536874142,-4.271058938263623,-1.132554276155606,-13.746407600639181,-1.180626132555133,-1.073128568457774
