1.201887775774269,1.031460771685620,1.011142233381619,1.029432715568942,21.236342364358105,5.096014620068998,2.118672560114126,20.425684694988547,3.704495139318995,24.112389331617102
2.319931108641230,1.493796884644411,1.311397400860646,1.221304795182575,25.770032018168816,6.079242502068766,2.296117440976837,23.897734422954557,4.176567482753357,26.946535668966341
3.055180845416873,1.659504221325875,1.481087918870800,1.250275332831200,21.246252979964193,5.862628024872817,2.281172363757364,20.160464611561395,3.694898728657355,22.844356083362960
2.094670016338272,1.280243835190615,1.183912650047355,1.106131894515655,19.130075435133502,5.432699843565170,2.274668685631422,18.438219997945168,3.538577181584281,22.630375941393233
7.256735636346422,2.757019663007800,2.249412425842746,1.655085358373715,28.232139360200673,7.745569515928696,2.690210645139644,24.994291005897765,4.350153323717996,26.602019735941020
4.068514330196125,1.982119393955623,1.717971179863447,1.369553066338362,23.244071033227382,6.344097471925274,2.357561997634470,21.579798157665039,3.858871060981387,23.583136905943071
3.952853770008391,1.984828557485256,1.724991955247688,1.368799560091083,23.173762626128845,6.310899420100334,2.334026152307671,21.548348010941083,3.841034844042125,23.416870018358829
0.999946610706319,1.029642451254810,1.000129399233004,0.999811518449825,17.387654601168659,5.033924324417806,2.194753051294450,17.035541428781301,3.362204394149683,22.001125441587853
4.658140630293461,2.152568068749922,1.841068442251841,1.432434084921014,24.305516390555393,6.609936580706052,2.406241882781837,22.329706775396801,3.950502930510774,24.033825220099949
3.555972042753341,1.735316536586743,1.503179151238120,1.272493730573152,22.105185782312216,6.242407514236005,2.446695109790705,20.386919934238506,3.806638399791916,24.343541978535747
0.948097173363907,0.999524188375730,0.999580633988576,1.000061744672350,16.938224099677935,4.832567782512490,2.101897077988863,17.133037542151385,3.331176163869466,21.161511397690880
3.071280678466097,1.752808513072438,1.512471503943088,1.260877311018988,21.936608412343329,6.295234617980334,2.443860398210650,20.039756688942759,3.769494819831928,24.694325788453661
6.564470608468627,2.564934225221486,2.096432692167604,1.581018132701639,27.196669377788904,7.584474270577414,2.700551321311041,24.079799818392928,4.280152341934410,26.798609805178764
2.773515657886366,1.780422757386728,1.496744636252628,1.323460265355412,27.921481501697539,6.595318199654598,2.340304946329173,25.663826065307546,4.411473490234516,28.466762186505242
4.473914535589403,1.999672039158126,1.714541701475877,1.380125630136484,23.619461569219478,6.495179410422010,2.439407849628701,21.762291398347372,3.925343191902792,24.206001185671290
2.740679557787759,1.645128430892673,1.418557131978839,1.283850330902703,26.997169208409613,6.278577820788930,2.343684737178763,24.578357420068926,4.250330520784801,27.187331654535207
3.713416175907570,1.765636258222283,1.525895741088354,1.285943544382431,22.317372184448796,6.284467823847365,2.454324175299450,20.571547123895073,3.828088063004804,24.381653973956169
4.773679730108812,2.209976396906274,1.837206966411783,1.433714422235538,24.810173992452629,7.071636486850233,2.600874198661372,22.141443851512747,4.049566420523445,26.218566030826572
3.557172547496750,1.995508837080051,1.657328139122334,1.423193124361400,29.840684243282848,6.807846829344929,2.438117727592276,26.413380330816835,4.468589721293147,28.230461452365638
2.018631886114152,1.519688648435153,1.314035834225008,1.210756578519580,25.583334463966874,6.200261658881268,2.235826520956173,24.295231174390835,4.249291770249314,27.792264375881054
2.483209949738312,1.758177010139580,1.474171836093836,1.299604119802488,27.348601163175712,6.575743462331886,2.282933149996852,25.567816957665570,4.410057833344230,28.720137730219371
0.999735720337201,1.000223213047061,0.999992559760652,0.999761614174128,20.096150277904879,4.833624163972442,2.032592315232400,19.411341926563011,3.537804668751965,22.972048550181263
3.072877819566829,2.057782666926688,1.676175320646917,1.413132255480422,29.577206075772036,7.025136940090976,2.346272785835551,27.104795478010260,4.599596824496923,29.761363642443065
1.229072798102168,1.199215974667647,1.094460648409258,1.082074298547823,22.929712646473657,5.679971168794584,2.137629636952900,22.524541566440178,4.026988643624310,26.624820939698147
3.165254780629782,1.888626173155056,1.576214127762538,1.374444816765416,28.955708658998045,6.727375324924238,2.394985765125969,26.130791974174485,4.456927619542596,28.489403456796857
4.340073014470578,2.003968062809682,1.725166357826714,1.380181688969375,23.526161303525608,6.443328882039435,2.404976274490287,21.740579877532753,3.902171394896294,23.943153996394450
-6.249185291554978,-1.199981132332695,-0.578383014805334,0.115002995610296,1.000055150473083,1.081237109097000,1.298580067513451,6.332619609248638,1.920093488229961,14.270247127756969
-6.313630899803526,-0.390967440586909,0.072110636587877,0.396695094524123,4.753635458396100,1.915112982862683,1.165162654887573,8.831466135752123,2.075819373091791,14.406013991476565
-6.239924626469998,-0.979158169202978,-0.436239736358533,0.101391422925248,1.773839340848720,1.448601431006157,0.999832113970625,8.249446180839925,2.100532156787670,16.261733021845863
-2.880725916326965,-0.087510296411588,0.263919325074143,0.484725560852986,7.950925076982851,2.514811291074800,1.379730991826076,11.050713168704135,2.407263041201366,17.088071126546744
-1.000125007452892,0.820586446852732,0.915378370471143,0.908779935857939,14.690934656326643,4.202777214145838,1.800531194517151,15.698623097609868,3.029710002411873,19.124383597901307
-5.899344596843816,-0.928938567396855,-0.324499127034376,0.121552479972305,0.107232892648251,1.000212312239626,1.000477244851780,5.821329047873689,1.745235300754439,13.983051489059770
-6.061039807325455,-1.238637329184094,-0.570678764870534,0.075012889535437,0.322465898584194,1.000813669454331,1.200325957709833,6.452341329522993,1.934182128424998,15.200108797230294
-4.930579786782074,-0.672086945953459,-0.218610031920342,0.252746271212470,5.113944964200921,2.153727209935642,1.218200039667919,10.631163620659152,2.440879762707416,18.170860280065178
-9.498928088610809,-0.682580073333037,-0.188245208986154,0.164169368591208,1.930178871461858,1.255017624512552,1.039782097249454,4.805159241759326,1.555250023431774,13.786742091191607
-6.142775329961649,-1.112165258735982,-0.503192139765319,0.153392246546157,1.160707759724171,1.169103071273623,1.293029490667591,6.613591266750233,1.961210061568680,14.465634671708793
-6.121031727475851,-0.556860502211028,-0.121118842067898,0.306710947618718,4.882339522697460,1.939717765338829,1.382402944583481,7.744742580218882,2.041647323840850,15.396576180931996
-3.916295410995941,-0.273481072362014,0.106719798811117,0.486410081444009,7.125308771962689,2.510441133884325,1.532327264877186,10.556222266786733,2.441721803017310,16.598288793913959
-6.368990076910519,-0.022388353217238,0.273609998979516,0.467559458618765,7.639896463563100,2.719336510672483,1.464360808769932,9.048072149103461,2.188859523255574,17.252438670087464
-1.743956070209164,0.227073553657102,0.414558271919574,0.660819840798087,13.965739579096120,3.963968648163313,1.708764323583031,16.712858861169991,3.274170078596641,22.759061458775342
-2.700417331620597,0.123038030245559,0.331074560981372,0.568162138932868,11.628096350531731,3.629622173306968,1.479706477401721,15.485717868975200,3.098115025776142,22.087423838810516
-7.399224194364548,-0.897714163207794,-0.306480000289775,0.196471383878001,0.999938632122105,1.129321238623363,1.051696246907023,6.347008723979171,1.807117716624242,13.356839329522794
-5.169239080381557,-0.762806615968546,-0.272455803216197,0.280719529887311,4.290285705078243,1.813462783687249,1.456295358084356,8.162389322653155,2.151935797063123,15.486973149041981
-4.345118763745644,-0.737359752822873,-0.214152141793162,0.280166746614547,4.758380034646900,1.890690064776914,1.395602051008178,9.395993210236441,2.305425792495354,17.107208668161299
-3.674748807264633,-0.228177029758946,0.106268386059172,0.488136966942027,8.208803272677695,2.752396678385920,1.664657104376849,10.576308613902881,2.475730819229580,17.339978454870540
-5.563518310950810,-1.118548365569227,-0.487880811578842,0.129841476284193,1.629042540199118,1.263482794484224,1.271503329143203,7.375647336963936,2.058014969327048,15.851584569842979
-1.000091684956045,0.702514536635758,0.767979089162410,0.843456185405061,14.683490196670615,4.408657270496407,2.020261801502935,14.778520487999401,3.047911571768017,20.834137038532823
-2.503848018949595,-0.247316647631029,0.113157346642322,0.507960527742563,10.390539020091463,3.035526476055648,1.688916089055347,13.514130043708349,2.863103766393750,20.115451929765506
-2.748558074256932,-0.325343322465988,0.054518520676254,0.476362871409028,9.823993587096364,2.935748533784295,1.662809466979871,13.221846032474730,2.829053481020080,19.973814462411589
-7.322356288718607,-1.095586370331693,-0.506303258871392,0.099784708513734,0.999598353228914,0.999338370478360,1.173556354089421,5.442487442057710,1.729834693732028,13.417824096927896
-1.311948996345619,0.160547194743629,0.406979027232813,0.669641428940122,13.567035328407027,3.630209470198691,1.810522910079854,15.413486030647334,3.086148058832817,21.118806741614527
-7.546001721025631,-0.583623934049797,-0.052951409127570,0.304589951001623,2.860853652328212,1.479628316549623,0.999869020874151,7.481317214563716,1.861189339440175,13.294978145952181
-6.085604625558842,-1.331607337034030,-0.653932654248009,0.058582081098639,0.547437651620551,1.027196608490282,1.251484697915022,6.814895402927902,1.997325613242866,15.435615978762806
-0.977499380446956,0.643453934302477,0.768787983889714,0.850019278781164,13.833843745497401,4.043061682384063,1.842492311616243,15.101457662083192,3.007906119776715,19.238160909207501
-2.256217560838548,0.053156467266309,0.307354222976571,0.619652307083632,10.484750828025252,3.304946431777588,1.816123518368567,12.400539606949280,2.736834703326957,18.525948237915124
-5.772980605269494,-0.854601616335815,-0.308966424427959,0.249566625419138,2.643237168770891,1.509100857252016,1.314921299857728,7.576999665422533,2.062485794841338,14.846231114863579
-3.188676764925857,-0.435370979110242,-0.031478698238904,0.424912644783000,8.911018843337327,2.786853929905235,1.598887284113179,12.792758082069611,2.772751431506987,19.740923128780402
-2.219777962077371,-0.083552767128319,0.210094432849636,0.563652140184567,11.961522451729646,3.440460307081882,1.709059778010650,14.990868605547291,3.056884133561633,21.341711723176083
-4.382176467371762,-0.610390558128472,-0.170456729869441,0.305088259306619,6.360688321982191,2.365742999937446,1.346812953298216,11.383805841256674,2.557012333696876,18.727035509275744
-6.318488517299967,-0.561434028143232,-0.123245570137476,0.298841405055535,4.726847153564615,1.902938050219085,1.362050538256089,7.569678340580537,2.012196946715265,15.296979977478694
-4.364574138733770,-0.828926345438942,-0.301815550174062,0.266827690330022,5.309875150742466,2.022461650754110,1.460959335764306,10.191680018539557,2.437066021112682,17.874812167001529
-4.979717423667649,-0.042213884269688,0.248123236366753,0.500966718794373,8.426297849867293,2.855563902551200,1.576826694652500,9.966395092980690,2.346039950789856,17.461401807814219
-1.000128482761509,0.302962811198411,0.514401975743373,0.715125004827636,14.170341796094643,3.721447592658851,1.805079969729338,15.608533928723602,3.083550327166078,20.921201752783169
-0.999305020015141,0.910124184594640,0.918996253602892,0.903764677144102,15.695761159900879,4.731825398072480,2.055692528224448,15.276797066470010,3.107915004886951,21.614583804936935
-3.278641158130581,-0.490719230461046,-0.055674490866712,0.405721141032138,8.100117746506665,2.572850039518245,1.588672980604051,11.936932963472884,2.659463882379926,19.038106054736410
-4.162384782284716,-0.518107109805050,-0.042209970812817,0.320421500477211,4.740618281704026,1.892984706981272,1.276241460825416,9.022067232020333,2.184157783643614,16.212345049363854
-4.041307214449658,0.013857423794034,0.242960211051180,0.442257464685114,8.119397840410269,3.121817145129627,1.129154965962889,13.564894626525131,2.822236030203916,21.018541756648666
-5.513309415619700,-1.160486696758919,-0.528275407313991,0.127137740684904,1.952880793661786,1.323579992834509,1.314074447564029,7.753764986526732,2.119920998669263,16.151486616139188
-2.641766931277798,-0.034139362487387,0.299563364926915,0.513662221676191,8.675613780263060,2.651697510629133,1.427058749902111,11.558995562820940,2.480516798306579,17.482072543386700
-5.169382568813388,0.063159132900628,0.410934438053056,0.577256836436838,8.144333918501442,2.634855162448773,1.285011557498639,11.123359383061882,2.331161145115631,15.450382874635446
-6.750921616682787,-1.182324589377158,-0.569660677731989,0.096304851364261,0.885730591189424,1.005090820277304,1.235407655475039,5.842607076410387,1.819410702185633,13.756396605908870
-5.080327590916808,-0.434065949676129,-0.037406705226764,0.378758539631753,6.234382721236268,2.269943609186786,1.504008227413611,8.912983291528519,2.223625053495110,16.202578386396432
-6.038834946651617,-1.320397669478632,-0.650050085459917,0.063110153459179,0.788313710847144,1.074205820045264,1.257111249775179,7.021454840761918,2.021103187081573,15.537748058977266
-2.644156958015044,-0.160919771890796,0.198545567073319,0.501755802932415,9.174477348664876,2.748800749415192,1.546817013651094,12.147519498065833,2.621471375776325,18.520488920098479
-5.408094513872369,-0.614881456863273,-0.128116364507161,0.338884374886919,4.139860937178066,1.836874785575123,1.338190587252689,8.549944678787654,2.160516843969142,15.202328968501414
-7.301350442232389,-0.696545190259204,-0.149133874867252,0.269254983131833,2.284631101090038,1.384229869782977,1.046584071868252,7.154030709372193,1.867543964626085,13.483593247552088
-6.572973066243078,-1.311638890287181,-0.659954785655033,0.023924332300870,0.324578730282663,0.999942316115000,1.097152311751778,6.855804900639497,1.947706496388148,15.114943971748156
-5.733481921541580,-1.005175294775348,-0.389274561358776,0.129578029123997,0.848158609854688,1.125586344905348,1.128285433740148,6.521491614677813,1.890425599088766,14.890316595090534
-3.563553276023127,-0.029501935555030,0.219909721128415,0.472531018324947,9.311960616102791,3.226279421306649,1.295930633751543,14.057488383681573,2.896699573106182,21.124739481865198
-4.771315051734645,-0.953573538014881,-0.386735406188679,0.215422844270945,4.082500153397571,1.764476254747034,1.410778141723944,9.295292338521051,2.321160420515154,17.240082913793096
-5.919487976039717,-1.097853619407635,-0.505889360924706,0.158187256011041,1.785064060096086,1.261999872162956,1.343588684701475,6.839620760503919,1.989822190614299,14.612173604477883
-5.987400845701712,-1.129429577384596,-0.524639098229211,0.148808920634517,1.445630828290002,1.203763787025295,1.329453398505816,6.719825266308077,1.979416441690832,14.568461943799415
-5.912763648102908,-0.718096062301144,-0.239337970195697,0.265048153100040,4.111829552886486,1.749783913487269,1.380776637550769,7.553727239429064,2.034994616984777,15.090570809855288
-1.759168989206456,0.431511603334469,0.618175900592107,0.765123896862686,12.243830997628660,3.671369082931912,1.756685401547376,14.018329391153031,2.866169818752782,18.542135365437936
-1.276952042829874,0.687855670452050,0.814268618409122,0.859569974687037,13.843913916782409,4.018347699243016,1.782784853950878,15.116385299332421,2.972042673547422,18.912457465534636
-5.767615435512495,-0.763063702074197,-0.272248595047942,0.257082174053499,3.948221582123945,1.714317941355781,1.391187935742014,7.592373710768753,2.049923905780962,15.085534962077285
-3.586843734407081,-0.550575743031224,-0.088680944317954,0.369981343719992,6.975714039767634,2.333761435253271,1.519787869344004,10.996475708172454,2.524147811984510,18.269607564066384
-2.929509477015712,-0.339422606941946,0.033941837639253,0.462154523418353,9.745703162956655,2.968164499254463,1.626928464668650,13.406188064598211,2.851623890183303,20.188492570802829
-9.472714541642189,-0.842982780643830,-0.307142353045411,0.111013266235918,1.000473031191059,1.000279361634999,0.999869093752247,4.302223816737579,1.491699141645700,13.123790644943123
-3.770818332789544,-0.353890546766343,0.017465571370124,0.449721932916345,7.419396262545145,2.562012317930618,1.638350667884565,10.246308205302796,2.439974393480062,17.012464945288890
-3.447127049997148,-0.524573371895925,-0.073761742805850,0.385843621783681,7.456541687649913,2.433720543582032,1.550921112152056,11.387355262860694,2.580804004477487,18.588264487616563
-7.240143790238347,-1.474576209794348,-0.774318021341302,-0.009499895766649,-1.181222466849992,0.570139868092613,1.151553877927633,4.874909820660434,1.707412445320068,13.214026513701791
-11.539382531533944,-1.374874877776812,-0.683881797368877,-0.132601014774957,-3.701845200819155,-0.173298248704062,0.653701235485767,1.000423633669981,0.999708683557349,10.235947364730160
-7.194481536701586,-1.531851978653412,-0.804634759872022,-0.018791581760853,-1.770027310472249,0.508298220371879,1.157298611373629,4.789952629507353,1.726364348241377,13.466467479979636
-10.546861135965100,-1.931843483350977,-1.043459343974872,-0.258323691157418,-8.055415409395383,-0.738167130031918,0.601649074259939,0.303930417723392,1.042613106771826,10.133600963683856
-8.299955243072146,-1.523017930600548,-0.816953820921077,-0.135796674386247,-3.269819665299967,0.266813652376689,0.728618644165894,4.313486227766417,1.542357206986873,12.932162649736123
-10.174148555750277,-1.678093499263672,-0.858382475569672,-0.149790064485308,-5.968633669864237,-0.332590567697773,0.666763532578079,1.627903763860160,1.188338866938577,10.605667400097426
-7.341797926288178,-1.603226988563827,-0.861819553709859,-0.071771225762880,-1.930827883064414,0.457354732612666,1.069442934623759,4.989517134881054,1.718520309532815,13.655989890138111
-10.109317542790405,-1.905488492405725,-1.080794060126032,-0.275960365581290,-6.255793281534754,-0.632965741522894,0.644647000921684,0.999614510686626,1.075636475882207,9.886377212142500
-7.761132347195213,-1.529384232129656,-0.788322641116001,-0.031686646832263,-2.688643842264871,0.353598334281462,1.059100867949212,4.129730224636261,1.624598569952434,12.950611236519970
-11.522284126337992,-1.265392235795580,-0.507237827129862,-0.022161248285247,-3.784888678231089,0.002764849980394,0.457722008249965,2.718304403230888,1.128288474944268,9.624897900453428
-7.323522046028939,-1.551594955666875,-0.815265850172610,-0.028403845865735,-2.096122220475370,0.451137098773197,1.136066852305535,4.592696562861248,1.701266309290032,13.369440247196716
-8.018955742008997,-1.619511120151658,-0.878267165105773,-0.089511643533989,-2.591166840174599,0.229997515983783,1.021026907369269,3.826502049287739,1.538232670128350,12.330232134987662
-6.722563780586695,-1.505010072509160,-0.780381773331652,-0.012415531016822,-0.999344089424715,0.692155236379536,1.179114615383318,5.708361308888640,1.849469874587070,14.540719416061373
-7.858126200122639,-1.562881307985081,-0.811712366987850,-0.046229558386805,-2.967412209052275,0.295228029963756,1.044845427034940,3.953840046521406,1.601984358079468,12.861228949818704
-8.726582701778581,-1.545118984276536,-0.750234748276614,-0.177063812424695,-6.727723378430658,-0.330429983102608,0.571176374589394,1.082272911753249,1.087447657363052,10.665958805856443
-8.626189433813023,-1.374400213430500,-0.702391081174113,-0.035629762757720,-1.594785293844954,0.377442364500224,0.974303870294025,3.587782932865422,1.450489906450370,11.934960877543157
-7.414365683078314,-1.648187385602398,-0.883978484164847,-0.069370521547755,-2.565888089941102,0.346823285891842,1.112075058118049,4.430768811817585,1.680671822728241,13.426337697512034
-11.920018058823912,-1.479534668867999,-0.669321536889822,-0.112341655116067,-5.592112129222589,-0.349103944772078,0.400680359878140,1.518314232516615,1.000509618936218,9.150913679993872
-6.407523637988261,-1.098839707214942,-0.447224097329231,0.061307760281550,-1.026644815644606,0.769586507468880,0.972187881283079,5.118611852771493,1.672961050817656,13.704167845822875
-8.896825317552425,-1.000104087433953,-0.471501157887664,-0.116881792206501,-4.905114759692371,0.468968645832002,0.186194749888544,4.405877739003073,1.503870365490975,13.883557434466960
-10.400905309988259,-1.833620490219202,-1.038082964005756,-0.332794189456135,-7.744882593547520,-0.720111018735296,0.333914491377235,0.901636387884138,1.018843808254802,10.041345640125863
-6.379506233339908,-1.077012939525108,-0.430547016341882,0.065624452265189,-0.999505629051730,0.777993215821216,0.962281115099696,5.113561313481397,1.665429043980738,13.643217729082474
-9.671376939561680,-1.894330649849647,-1.074132885710952,-0.264490607818610,-5.956927624707252,-0.507269468221468,0.671374308087826,1.604650388953643,1.171539316899403,10.485884710939766
-7.892726425613729,-1.644325557073058,-0.852159050818618,-0.111059370167107,-4.099878139283480,0.107814700417670,0.945648685944955,3.328196818589674,1.510693526985543,12.956703383397306
-9.272344319946837,-1.512069070059354,-0.816094118538888,-0.210844724523436,-5.376492268033933,-0.062513732052561,0.425232390177856,3.049913109035685,1.326013790578384,12.005693584119095
-8.224167666960723,-1.740571863588375,-0.925094853294962,-0.141648789745199,-4.721181354839421,-0.033515081470385,0.932056342292578,2.923332029151140,1.464873737256271,12.638856062672156
-6.650796544540681,-1.486371492184423,-0.768625310774194,-0.005173290635449,-0.772212888553843,0.737820518404417,1.186451012085934,5.881763500003159,1.870247296776314,14.647285658069999
-7.004206453176051,-1.458471584651436,-0.759834970008033,0.007619818426626,-1.000505730225147,0.638662383053758,1.187952719432568,5.143196465701918,1.760672434975715,13.532259983815246
-7.984120621589467,-1.696884459241436,-0.907948761150517,-0.099944410612664,-3.765636681794665,0.126286667432221,1.024119315183729,3.534015625515450,1.557437859420710,12.809264533919739
-9.359964427535500,-1.268896243213451,-0.621457265247468,-0.027078193972830,-1.494275867121535,0.376221890447771,0.909458669920655,3.153232296912903,1.357054557884280,11.696622993669942
-8.714514660572531,-1.794170000435938,-0.966837690322890,-0.158262962109702,-5.294210388126491,-0.171732187980524,0.898002900675169,2.441538441288173,1.396413011073987,12.056303528754350
-9.722039335888566,-1.868712743789396,-0.989188842070934,-0.273345363167000,-8.378228071120763,-0.710908285540544,0.566615980799626,0.105513143696213,1.010235235622266,10.384740821700442
-8.772731335354207,-1.820493726750495,-0.977348885345802,-0.186239218535557,-5.875435608247305,-0.263927281430009,0.843480472451797,2.069583066418374,1.339953155613907,11.985267755182898
-8.121016442995382,-1.488743360084342,-0.750662923348268,-0.027301969537499,-2.924261977901272,0.311757300382547,0.994023630924849,3.893315303645806,1.569530363767549,12.601376804895134
-8.537408692780572,-1.589516120519569,-0.863256679728960,-0.162120955463667,-3.815967351358897,0.127862610195748,0.705545027325503,3.851203270562052,1.477593112495133,12.528909699324098
-7.182480098732936,-1.542054204514144,-0.819549465330200,-0.053532301625930,-1.448876032285800,0.573389498609747,1.069309872919253,5.407561108876677,1.767387719427516,13.978325474842316
-8.336630050050088,-1.577315747571947,-0.853685659155713,-0.145244299157830,-3.412246569447977,0.204261224307137,0.756528623933951,4.124022768936753,1.523482729366689,12.757569913863884
-8.962369981543146,-1.755797972680161,-0.977856416169589,-0.211208816479441,-4.791191654405059,-0.162644084717590,0.712519503247066,2.881782654025925,1.352749932423270,11.664553468044213
-9.744533074877735,-0.999776652836814,-0.420784342237074,0.050331046786748,-0.123112443601376,0.712069133627227,0.933960272509706,3.605083421847609,1.394422133504271,12.415276859988447
-10.690708099768740,-1.403006010980614,-0.751982000304803,-0.317008121700903,-9.227281972394795,-0.547030464625756,-0.108750579004154,0.999840473345954,0.999960176159904,10.932304413660441
-7.363306761357377,-1.641694634401858,-0.884472801101493,-0.069296191991606,-2.298941261610541,0.382125413555268,1.113703310864095,4.608816543623504,1.694302102712791,13.453813429441974
-8.243479533744063,-1.760246658943010,-0.944496877351464,-0.139506455799531,-4.623931615461122,-0.029057912426976,0.956600465425430,2.996690188028025,1.481204219485453,12.620111932333524
-8.426479350092775,-1.341116466215677,-0.595573537399123,-0.142942966401303,-6.625608636219174,-0.254652358868448,0.460421522693253,1.000003179722568,1.000069158792603,9.953311845157694
-10.311848386162849,-1.809924575354710,-0.956123404565422,-0.203502884500938,-6.976797378161852,-0.528889185607645,0.645380670815941,1.000212181947346,1.125088207312201,10.421959833102941
-9.504638218002368,-1.850763507382126,-1.044707593255274,-0.258741283722173,-5.820570262908125,-0.421088450074782,0.641081784631274,1.977121520968637,1.217606888244743,10.857554142996245
-7.056259285490183,-1.585885087037930,-0.841641562546678,-0.046364064626409,-1.706188872120781,0.527659299493012,1.141521303363249,5.162175961661375,1.772037474405893,14.020064126065657
-8.057756364487046,-1.112297763321930,-0.540459472804032,-0.061938696787211,-2.539368897852630,0.707274376336703,0.527398846406153,5.520422829189953,1.677210377894505,14.275678892851412
-11.154921387975845,-0.999879488615069,-0.301625981855990,0.086490172423750,-1.625123354115833,0.417223198248602,0.507981665718861,4.144938520414541,1.266407689121686,10.091814589231811
-7.948190476217020,-1.399871895926590,-0.731806667704307,-0.092630148856117,-2.410069065293162,0.496199637518643,0.749534515020212,5.060605400694441,1.643690328434884,13.588583234514980
-8.598569111986576,-1.805435616763436,-0.972299796363848,-0.167419199150357,-5.374914918927350,-0.176033816689194,0.894995026704314,2.439893078207603,1.398795290322970,12.210431665395712
-7.315354174185343,-1.310529308958912,-0.666915566218719,-0.031609665750548,-1.000446837549764,0.785308372379325,0.879874491068414,6.065971613245380,1.798306273352009,14.420587411877117
-7.534838271876380,-1.467913721004155,-0.746209371820558,-0.003963536268120,-2.120655323517956,0.472066243583403,1.092867267287636,4.497555310307972,1.674014695132802,13.162235676639378
-8.009789064659527,-1.236577119013455,-0.605334749976133,0.030741739269352,-0.317301022038753,0.681867581959911,1.071504867271545,4.484018848526772,1.585099558701314,12.656993809531039
-6.442195751697239,-1.400223761775516,-0.695040850707095,0.023729170326505,-0.506502037027592,0.817714700109373,1.193912086157671,6.001250548247582,1.889397998224327,14.898268258125634
-6.566997718183172,-1.333477660934587,-0.632950580170111,0.023901407581291,-1.000327694103537,0.739160257986662,1.111979632000484,5.477375446711959,1.796167981110793,14.480133702963011
-7.887159102513534,-1.225398643904403,-0.515538759824070,-0.086252671060277,-5.353262571266730,-0.009187946537503,0.542750902478494,1.880023796590137,1.123409828725035,10.565867774860047
-7.228541800855409,-1.500184418014383,-0.778182627598553,-0.007443384235448,-1.778150657364397,0.523010023530986,1.149403682705288,4.772962551171928,1.723949530393229,13.446208403277504
-7.098019013797751,-1.529901543957134,-0.810327618495516,-0.045695204546064,-1.292710622560496,0.608487967181809,1.085184122212148,5.525322058829317,1.786771920886066,14.092515781467549
-6.282721932513182,-0.999987404918472,-0.371855458945883,0.080408719028667,-0.922384414792593,0.804781423968106,0.925204984944799,5.086629805845575,1.636315806311634,13.403748870112603
-16.855354330783243,-2.767891541456622,-1.578219427328780,-0.776269437544315,-19.767063748904949,-3.083990950650143,-0.509021961624689,-8.394606831181989,-0.372352645220000,2.931802098736037
-15.674582546409352,-2.054870235789313,-1.155933967837378,-0.508525608555184,-11.384135738976912,-2.044451842519460,-0.012569351047336,-4.776642944275012,0.100457997317157,5.474718822835124
-19.593277702842030,-2.800030788548058,-1.557549300504392,-0.811422288841085,-20.127121526759257,-3.343746995039454,-0.814922717557699,-9.063873820486208,-0.649881888442638,0.999678024330459
-11.205040796542660,-2.036166117079904,-1.111242718823393,-0.318091530276594,-9.412722885107829,-1.010574980322982,0.487834925152358,-0.675763751847342,0.893224358681790,9.415289026206418
-15.489474446205362,-2.039386861140038,-1.145888503743027,-0.497064097923179,-11.139122964450795,-1.983531179626475,0.012351278657789,-4.567117366158358,0.134503280781977,5.630643450145991
-13.235930422816024,-2.238695938310195,-1.212254179477671,-0.606498914803188,-17.004457462902511,-2.273252192348974,-0.300190172322349,-6.306975114061346,-0.077489726153145,4.478308571402502
-16.753953940296654,-2.418510502691757,-1.312128548783871,-0.590347631829173,-15.550995231799053,-2.393721858298954,-0.355432147616147,-5.622464982225723,-0.061849158800522,4.043621226434746
-10.565034132118269,-2.024975844410430,-1.098457553115007,-0.343462684079723,-9.949720235815850,-1.038083049115579,0.462890772853881,-1.000406923404342,0.854984661624291,9.563094160760878
-19.102591981862432,-2.602842675337388,-1.539264355066055,-0.839500675992047,-18.488448693861418,-3.728046500745184,-0.657715302402288,-10.014219468930776,-0.722391462517326,1.037228557905829
-12.266784964134230,-1.818076499576815,-1.005847419392733,-0.314233818160150,-7.232016966378585,-1.000294871836132,0.432724357750092,-1.026897589083945,0.714795483156491,8.249195130029571
-16.270963486207378,-2.301430648312067,-1.229527257278740,-0.529724953725260,-14.264294895772142,-2.144259241872005,-0.269211679414148,-4.713835400573942,0.066232628957914,4.633759724495784
-14.338194466434215,-2.307434373279608,-1.372347181151877,-0.681562483175864,-15.960908447438502,-2.535374477585395,-0.451006744225587,-5.416585076622995,0.035890996665177,4.796323561537898
-17.858557846700066,-2.950457944842785,-1.699428554966638,-0.916829369022771,-23.078679957098135,-3.654207163353969,-0.798887244820715,-10.783715107776572,-0.757839780134712,0.999939925299012
-11.132921933652637,-2.123432536841642,-1.169542825112782,-0.377823369218124,-10.673166580468266,-1.209585165081075,0.421765553095077,-1.503008917851788,0.787880607925769,9.154689194014034
-13.648198097636266,-2.308672245496402,-1.361958712628699,-0.570082465426768,-12.645949008024960,-2.109647909058691,-0.012878985731827,-4.005301598207041,0.269527479954396,5.665774929923069
-14.892765944123949,-2.477872077157810,-1.388755792915840,-0.593168853308148,-15.686780685394698,-2.293299754969484,-0.134043540329219,-5.384025892154171,0.115940313333146,5.399766686619140
-12.742519528834476,-2.006075272938667,-1.165467159321358,-0.540025403275901,-13.125955847182073,-1.749166400586811,-0.260690740406219,-2.802684660177477,0.434140304291471,7.178868957907676
-14.098669094133738,-2.125248122983576,-1.251531814348017,-0.663612128193683,-16.376793569719499,-2.389268162305156,-0.594024034338567,-5.096129471244752,0.079972334587337,5.422724473918757
-15.139670666306683,-2.425317290834001,-1.438443424768153,-0.660314380675367,-14.610467778335707,-2.632770375486215,-0.215532909201824,-5.903112467589552,-0.037180532216127,4.092978886223003
-10.627591674558728,-2.060408708230669,-1.130547500160348,-0.333525894384353,-9.583367871338570,-0.999789727109636,0.522985630487416,-0.689368701484057,0.917023724631375,9.802282039871992
-15.708677647666219,-2.071816716575360,-1.168316344745010,-0.516316638713585,-11.543285455841843,-2.081183180003404,-0.024253251293107,-4.874015754500250,0.086201443026172,5.377693652827739
-17.285378902767818,-2.697688861294500,-1.637179331796736,-0.904201231409793,-20.632114893647159,-3.808274094394482,-0.842869505447006,-9.753865310408230,-0.644137158087443,0.999799309426502
-12.403139326817906,-1.769322811682560,-1.006174485155620,-0.497366704966135,-13.038267034623292,-1.490212070060406,-0.372036988164233,-2.139880842878086,0.529047620271512,8.141295965962891
-16.048808607929246,-1.849943198096309,-0.999566941583219,-0.437760532005948,-10.029657412539738,-1.732648575300560,0.051993514762993,-4.184000713973604,0.170637658749434,6.376138109845764
-11.961059319886585,-2.040109682653410,-1.103555849569223,-0.335563681386262,-9.961445363035583,-1.144169197837402,0.375904882979719,-1.182287452648269,0.780776679787235,8.705986147890579
-18.593135612959273,-2.249172331410429,-1.276465005708029,-0.667642589578231,-14.826436927047556,-2.908515270874365,-0.373973760913616,-7.802731309466766,-0.398379182007683,3.348255724439563
-16.285292862712268,-2.223663457672078,-1.277213633138105,-0.595092484542539,-13.188501409355585,-2.464122803344632,-0.159084224736338,-5.978756050320329,-0.081804715966078,4.372307258669631
-18.354247372073601,-2.769599502968265,-1.675547992733930,-0.922143483895434,-20.564955600707723,-4.018030936179668,-0.814470871830977,-10.568498326304450,-0.782665386966615,0.266356094507254
-13.284303342176271,-1.819445299279618,-0.999591829444080,-0.346696593677752,-7.965835928287679,-1.201517624212088,0.325040912216486,-1.929009782313472,0.558784821062701,7.656305330958938
-16.219163397830826,-2.458169520810173,-1.481107255397035,-0.851811592167978,-20.449920564858363,-3.425435623787204,-0.925104849094506,-8.585264493974535,-0.459255768027881,2.357786541342685
-17.227273578964528,-2.278066020672295,-1.310170395984136,-0.643942077906888,-14.252214740243804,-2.736351534905807,-0.275108098271913,-6.958447494937730,-0.243981350460806,3.674959450898067
-15.281227523524064,-1.985912379459768,-1.000007567479964,-0.376792381126975,-11.045778247157447,-1.526214910732493,-0.093823566629865,-2.490550110242055,0.352814516151228,5.874709466754306
-11.127401021294714,-1.839017417657135,-1.045641404967944,-0.393230919578812,-9.450849062814715,-0.999688114694421,0.107228192419326,-0.147186528821352,0.845363472003420,9.285456596142049
-12.609752932651629,-1.989801962062845,-1.153963182049035,-0.527828734251299,-12.830221493328342,-1.685521204434136,-0.232964702420606,-2.580238617975000,0.468347662207941,7.359676562836890
-17.822030140359388,-2.606051463776278,-1.438852829245167,-0.694212420879141,-17.747177621794837,-2.831453727485841,-0.538675195687782,-7.222233273533051,-0.311272339569419,2.816384806549971
-11.547779595870550,-2.034647223656747,-1.177980587179016,-0.436171584229826,-9.958839461272593,-1.276698656842439,0.172211910199066,-0.999605612004133,0.731951337835445,8.369132031301243
-16.915000318792593,-2.659228953384635,-1.605535747395314,-0.844285915640009,-18.950277303779846,-3.540459675245635,-0.654291340579858,-8.865557284615136,-0.505324503201456,1.662133942601921
-18.671259553856103,-2.481439737705836,-1.323104736734943,-0.645616844230837,-16.531917132190362,-2.687292574724691,-0.612881511459894,-6.573090954509042,-0.324748327258745,2.421589725938114
-14.432558958537795,-2.486599381230737,-1.400599779692703,-0.596621003324574,-15.776319991459506,-2.273756136411822,-0.093599279767339,-5.372612387280072,0.144925347085470,5.669731443478648
-17.222013757064488,-2.561118926724946,-1.553415244320022,-0.940823870098842,-22.677677147532339,-3.909170924248417,-1.143844583223145,-10.274933944155634,-0.722706938246655,0.999903174929480
-15.508130651734403,-2.544757011383334,-1.413797338249230,-0.819327161332578,-22.005332020882239,-3.190130453638247,-0.777856557104353,-9.902098389496189,-0.688023012900589,1.155938307771956
-15.087771709784205,-2.031222619139368,-1.143046968945835,-0.482283773128552,-10.809597598378108,-1.896250150603102,0.054279713419619,-4.212939240661911,0.194856118844462,5.853332167487943
-11.948337858606449,-2.079658842367603,-1.133302156838109,-0.352483334382216,-10.290008726392731,-1.201898981968280,0.372228351255789,-1.381931917841542,0.763007691352734,8.675789132990397
-13.251838794299557,-2.198102610822974,-1.294840831157080,-0.585839749870509,-13.607098902986142,-2.036304216384752,-0.211904629961389,-3.666597154390787,0.310046453547336,6.207530332431796
-20.259009863328075,-2.543473593826414,-1.483730625425790,-0.839669556716570,-18.498301688382529,-3.791646684272841,-0.701147769251878,-10.491054178538150,-0.820022436212204,1.000081691356096
-18.601222231795774,-2.563633772640161,-1.513917688663806,-0.808454704172140,-17.807206738980316,-3.556484315007076,-0.587339719181033,-9.427349552137514,-0.626312143958910,1.484875452351028
-13.909438657984550,-2.336913400812069,-1.381526344049278,-0.591405760794025,-13.124597183861457,-2.220192237140449,-0.061634045133367,-4.382329818606821,0.209236147080204,5.352395639400735
-11.543769619966396,-1.973413994005597,-1.124440823814944,-0.349894587722737,-7.864915691136109,-1.073971038237184,0.450883175403082,-0.753949217537810,0.783732979209018,8.361381832037049
-14.703862127324738,-2.511488330019943,-1.402571630169871,-0.722921262176683,-19.324503324871049,-2.776871341405848,-0.457068451104705,-7.963716727336704,-0.308695185828354,3.363337015000505
-10.678437796656295,-1.909956934203854,-1.000535980815123,-0.364052754243404,-11.015909396396470,-1.171761792939308,0.264636860520007,-1.946033059597256,0.647156813823231,8.409748507062867
-11.291190472904061,-2.008478577771454,-1.066855705264462,-0.420429111757626,-12.337327024715311,-1.427779142734110,0.157280857515597,-2.896411382886698,0.501225098143292,7.645947976042388
-26.068436184923044,-3.474597159297186,-2.156251086376598,-1.526241011818631,-34.777878893157727,-7.389558715577318,-2.269020032236556,-21.865664501262643,-2.621300231818052,-8.987700807241159
-19.052848796924806,-2.874789326525775,-1.754817326597585,-1.022072086474230,-23.151203107717667,-4.497043673948192,-1.080541523485540,-12.122837227462185,-1.024438094616809,-0.999331954697444
-23.280974784522499,-3.601158635586715,-2.118347798102562,-1.375520093112902,-32.950261199222560,-5.516212514217217,-1.875655727659332,-18.137436457189494,-2.102321876795850,-6.314610873474654
-22.129117560608293,-3.157514246491406,-1.945767868925668,-1.250418394062919,-28.420274773168277,-5.786848892000589,-1.611927255227659,-16.505394836379480,-1.732465174243595,-4.592617701533262
-23.242348401675585,-3.217817902591843,-2.002613878186537,-1.428054245026699,-33.952343303733763,-6.695315067305218,-2.218804811471801,-19.725210579614270,-2.233473512600227,-7.015044370676341
-18.026875497642095,-2.906350756961575,-1.656529694050254,-1.038388425167465,-26.773077832227674,-4.102316426350396,-1.228490449346612,-13.349277331845087,-1.270882032557636,-1.957739069557212
-23.803766360412979,-3.284034734689774,-2.026292158283275,-1.347559767444904,-30.486828262448459,-6.371831725834158,-1.823016717557726,-18.480447349381791,-2.062203481692168,-6.193061354054484
-23.812467478501318,-3.290751065971337,-2.032182202891550,-1.356066875300455,-30.739619220192143,-6.411835830933014,-1.848744724449728,-18.611352454483210,-2.081695052765552,-6.307849691023952
-23.344177348924276,-3.505354485432819,-2.042809217505500,-1.251427725659789,-29.659235948228858,-5.090614951797998,-1.624584219961388,-15.955147318468676,-1.753193340569171,-4.521676749150421
-23.769098557052260,-3.407812152039141,-1.957777803240350,-1.178143296395514,-27.685061376488594,-4.835157727342594,-1.559054749191169,-14.703872963873266,-1.618948245773814,-4.014542453431451
-19.791145318334728,-2.871220988801687,-1.766265704276643,-1.153601393832544,-27.526097562772069,-5.110253860207263,-1.590064265100831,-14.354152075591912,-1.366989808269962,-2.479631176652978
-20.710081646056594,-2.923948922475066,-1.771456064581890,-1.048059485416810,-23.266789712725203,-4.772051205849162,-1.098817012186593,-13.228814250767016,-1.222082052450672,-1.807615916421375
-24.682605322331924,-3.382078654956791,-2.100947768879709,-1.463055504137044,-33.627290536314838,-6.982380065251266,-2.149942602826707,-20.531608632522591,-2.387299675780002,-7.898505998235825
-21.361878911032292,-2.818025766467463,-1.682878987452473,-0.999463584381302,-22.024625926939908,-4.596847691745972,-1.011045848995087,-12.889142824861835,-1.189757896723389,-1.233311728618352
-26.288944588354482,-3.502152239933909,-2.186878265176864,-1.614329464039852,-37.620772949894167,-7.841506855308432,-2.575487873384495,-23.445470654424582,-2.866076085495949,-10.304855763359674
-23.325848371011105,-3.147317335691155,-1.919662264778318,-1.229203781430492,-27.363882605205109,-5.788153677778214,-1.517826292840404,-16.628407149441784,-1.779290093781502,-4.520756304189169
-25.098469341812162,-3.400874104372840,-2.107377452510901,-1.457966627302350,-33.186004928971279,-6.990314094457172,-2.102085684063422,-20.541057236559084,-2.398956820761311,-7.897371947835998
-20.718804855405736,-2.914243207669246,-1.799337999564880,-1.245532575529625,-30.253857975964085,-5.611496875623388,-1.886074058252871,-16.169913273441637,-1.651610953610632,-3.807124285880226
-25.241339806232119,-3.809153800679650,-2.249569754303153,-1.501464569513046,-35.253264777105706,-6.008399311805305,-2.178351836735872,-19.946433797649036,-2.470696318433186,-8.366234780477177
-19.219994466057599,-2.866207069093992,-1.743155296117007,-0.999932881190000,-22.402456290943295,-4.427666897399207,-0.999570607016722,-11.934129908185525,-1.000038603774934,-0.854462279866217
-22.100287940842023,-3.468880708750038,-2.033520113153024,-1.304613477292117,-31.675100980221774,-5.225073286189736,-1.716436315118482,-17.125698218416517,-1.906810409810733,-5.243820193620214
-19.332806021357086,-3.100602926340233,-1.793724906093785,-1.000238580581771,-24.729036283236557,-4.030112041065926,-1.000476754719279,-12.082929074301830,-1.000212616957997,-0.348598107226186
-19.944241199836924,-3.181471742123497,-1.846189435641831,-1.057435332815323,-25.993762590639282,-4.265179346261873,-1.129082868303251,-13.019808128799752,-1.163778883742721,-1.215697455823735
-19.725858223267849,-2.907745966047997,-1.787595621062229,-1.131073300082689,-26.521033736101177,-5.012470239756142,-1.462039231020154,-13.940004970795997,-1.305172035363415,-2.293767989068519
