3.654381644489467,1.913613047401964,1.641168906863502,1.398566607866570,25.585278682713586,6.930903171817187,3.033570318009237,26.840201042230902,4.650929968338409,21.613886503460847
0.822445868026625,0.999541511135998,0.999647491102546,0.999353300426661,15.504863128190388,4.999332258154334,2.178403204556906,17.694690732743439,3.638741465734843,20.982429085537845
1.000004915416957,1.273998577743408,1.228895247917783,1.102369555185293,16.941340236814206,5.381792786501238,2.235553712432741,19.297514872336436,3.830988532172797,20.647998548450644
1.845594038169031,1.369089907232203,1.279823329388301,1.146918484363563,17.949087177560621,5.682942439572907,2.370646155980347,19.718085270021234,3.911591047766344,21.588291434821897
3.425469646320812,1.945105291828471,1.714933127495179,1.371135245882145,21.622939838992529,6.732502554243171,2.665174597819383,22.783557886144891,4.317338987246782,22.454712021716844
2.241114924735291,1.667780541982110,1.513667691154600,1.256740100755845,20.467792605282064,6.524307195672863,2.696027486009860,20.559250398643869,3.980247689119467,22.700092765353432
2.299488210998481,1.622886188391464,1.481012629243528,1.243557159308466,19.399740064409862,6.081857613736050,2.458368638962264,21.151366433355847,4.091742986967692,21.610058164325736
3.262812767690297,1.949585232500052,1.725299754990491,1.370445537345149,21.498390181788245,6.684912976198854,2.632709083714633,22.872104267630803,4.320059438969612,22.165569643853487
3.392710087495834,2.103048173230603,1.839164875253061,1.425883909804571,23.189034768628467,7.336320879209568,2.921530458124983,22.844743747729311,4.293134161966894,23.437624759843359
2.050637189646045,1.420732669297468,1.314450305191315,1.165714033875201,18.822436681581458,5.998905812524812,2.534828876423507,19.522205605185903,3.864219807687900,22.361013493933527
2.847140120074902,1.929806978166396,1.724606354937067,1.358000044035280,21.117640712732630,6.559032321438929,2.565150292182471,22.864000345812329,4.298263053246862,21.599084724519756
2.983490230294739,1.928116244953931,1.717783851233719,1.359250947355090,21.202384833752781,6.589017401636541,2.585475826953986,22.820892931258001,4.301089493046246,21.800830774001625
0.999451868114113,1.007257015486742,1.000104709186644,1.000212095828229,16.049994680323557,5.194207243161516,2.302411184513937,17.336288728052708,3.564907123639686,21.575237152846242
3.100913884682177,2.041652475947106,1.811264004430796,1.399752167699112,21.764494221512571,6.742667271505683,2.611465438406083,23.469279091630753,4.372503401496590,21.660579443725240
2.042318811227281,1.581302682423299,1.329649739599872,1.209964830599189,22.559383300450243,6.342333009037413,2.842737566425668,24.797527803807967,4.380411657000562,21.537517189436883
2.950087125802986,1.707373868803196,1.526712617522857,1.281047030957011,20.609058452632674,6.499953015370595,2.664966516526829,21.174495381997573,4.100982574908742,22.832210314863076
1.253789576168606,1.056180316935589,1.033196046721374,1.022848627198552,16.318655857246206,5.257849905785656,2.310161956396605,17.737066263438024,3.633542311328186,21.675224011752860
3.240924998931510,1.860539573542397,1.573096294440893,1.360336981511367,25.105533968125663,6.863218232476330,3.016468998146436,26.599329091900401,4.621397565865460,21.851250652202182
1.000086243344674,1.000459498320934,0.999971686974627,1.000212309502889,17.857194409467191,5.170307849921345,2.452999357697841,20.787568548966064,3.842539920709268,19.503950893294999
3.272844205013604,2.066715495711209,1.686070843759205,1.412871137476353,26.283786464684233,7.194916040637638,3.118270216192620,27.601803694765422,4.750683906770415,22.214560086277416
1.824591306964612,1.256605087837389,1.184163592339129,1.104517071287107,17.588123413637796,5.610319222662946,2.400345421107472,18.902603022216724,3.800682634735122,21.985950972537083
4.867860815430253,2.465456798429047,2.098190958750486,1.568726178269273,25.198471343345268,7.861877482225276,3.035831415265006,25.065075378694175,4.615485348890332,23.834458567173968
2.688284821976387,1.535476527827552,1.389425608349415,1.239447382046515,22.395407060394412,6.194255679516582,2.787039117296487,24.306373298485440,4.312524657895310,20.586338419190170
2.577097205815312,1.800847007154395,1.488363269404652,1.299806637696633,24.231669951780880,6.731597437831924,2.967925756935255,26.071205969241603,4.549292440691652,21.861870320752431
5.368816604157507,2.661028010168662,2.250523580523144,1.638733400625398,25.976679376915406,8.035871443620204,3.036923738189663,26.327965690049112,4.774860347178879,23.489906130695672
3.117517955347386,1.917836186062967,1.695121085587487,1.357395652126565,22.035701034801157,6.969005709193796,2.815227775623018,21.995118402796592,4.188532836001493,23.183250071163641
3.400806070077271,2.089803402327310,1.840891850929598,1.420277800727305,22.171267540701713,6.867040960227245,2.660168021721911,23.678674895164207,4.409837634029858,21.966133941497858
-1.232962157218759,0.539894362708155,0.529266924085456,0.725490977113288,13.627070355321516,4.284123669854930,2.152446986234720,17.926771385013595,3.443368356716467,19.319184048960395
-2.613347246987155,-0.104500140032024,0.130333693923553,0.500968315462146,8.787444870743238,3.080224295272936,1.785359026372384,13.844107853105596,2.917120371298400,18.074605277193157
-5.630130647214509,-1.108608368618387,-0.632010336961038,0.062740513881238,0.401654469740728,1.025380115040684,1.107935984834858,6.929132959077846,1.999190135320711,16.123615168287941
-2.788883742751290,-0.159144890569486,0.075243057780622,0.472994795909280,8.365370232218206,2.980178099650113,1.753218471615912,13.557192180761559,2.876960722115542,18.101511185895404
-3.978361286610687,-0.575666501220633,-0.190636707222815,0.337215114228409,4.189284678047224,1.952694909547270,1.291162882039198,8.761380443656106,2.388324515209015,17.603394313751622
-5.270662781657729,-0.959464931252873,-0.507471932601666,0.127643705991055,1.575559613869595,1.330382599022437,1.208324439839447,7.910387611779653,2.128986918492140,16.285092821936658
-5.574683422887597,-0.100581214749122,0.273095868276041,0.471711505298459,7.572141879038734,2.886422161182269,1.603152067992924,9.242546128563914,2.232020701868170,16.452424555364090
-0.999663313082147,0.402562463841849,0.521913166568982,0.728668074114376,13.017628241311295,4.074152129199755,2.108041306786780,17.157966578716426,3.361397855750579,18.929392044873410
-2.603077221550075,-0.281180778520589,0.017743778071581,0.456716201422999,6.837108865770469,2.616688261861762,1.544775646235345,10.186412066906497,2.543211523786653,18.596320495245280
-5.158114688356216,0.065094224616112,0.408945151288119,0.578440215839202,7.559425450372723,2.811365475936975,1.338080807169562,12.354231738890162,2.750286531637131,15.473137891616730
-4.376799581565871,-0.221345195131664,-0.075398448232959,0.295784328552582,5.567759568118513,2.376183498916093,1.448227344215931,11.359355540720868,2.503377535444732,15.664205255625305
-4.936669488024302,-0.747110642406722,-0.305263538331870,0.258029509067293,2.664507378312132,1.566261781554525,1.151389702122884,7.647655680267020,2.224204205771330,16.766057166672070
-8.078036845855445,-0.736832116592692,-0.189411737953957,0.169255156172901,2.316841259329246,1.386707378724859,1.117682131947082,4.934409253840114,1.572226247072376,13.603207188515015
-4.761370640738813,-0.533388270443325,-0.125790380013021,0.346181911010982,4.032429236223615,1.921749812751026,1.221340435458810,8.801886056313846,2.376808411103764,16.726455639793315
-0.268865570066248,0.881218018868528,0.936552335549275,0.943069906149363,14.245438525829011,4.636163248051881,2.014561941190718,17.104321244675631,3.531030766824043,19.824572257902176
-2.819575684332984,-0.129736736232431,0.062159545689043,0.466241744874693,8.504095897659804,3.019822666183083,1.757753845155452,13.773059549944220,2.893731465677157,18.215013862006302
-6.002697449318129,-1.081535641671981,-0.555307337074757,0.069326382081631,0.134732270217691,1.005274346006553,1.083833475403523,6.564778920994867,1.942716893682889,15.213686332679870
-4.849653068257078,-0.536125727890494,-0.124764697424433,0.304937235371088,4.514337583733445,1.969927291207499,1.333869131916051,7.541184596407971,2.057488487024931,16.311404468055414
-3.247421404679324,-0.160727149578652,0.242059158529647,0.439824888108089,6.376156624514019,2.526766883438464,1.505144481451477,11.171767181022188,2.487611497692332,14.066653202106707
-4.167966976720885,-0.617473581640082,-0.277393494316861,0.268899619308955,4.520607652334556,2.045409256070522,1.445262413782218,10.448684479639565,2.458413477095704,17.201090083886200
-7.536636587633746,-0.407732682132035,0.085886220269348,0.366828593993147,3.836224216213290,1.830898797434097,0.999594982113041,9.400921659138232,2.286860502058722,13.432432158497491
-4.529063066047252,-0.948841689150622,-0.501126915054803,0.167811567152144,1.715669867041819,1.267629928566672,1.135739316646384,6.689659386624397,2.053734101472199,17.069465590144048
-3.646004085167215,-0.648703587330006,-0.267031336424108,0.305413711265287,3.987277995033318,1.873258298594985,1.309597202481557,8.403251018050026,2.319433698828164,17.879415749260673
-3.745472324227814,-0.430794505201309,-0.076611340090349,0.357909288696004,5.755304676454452,2.360740406379074,1.538854803258910,11.239790842929223,2.565588247793678,16.794871199592720
-5.045272383416625,-1.040686032440055,-0.566385040108601,0.105487621927438,0.864081184096230,1.000024500205365,1.050566614318809,5.684305869951755,1.854178653889119,16.145370641288494
-0.999937638824997,0.836318185680955,0.919114284204580,0.904839296624373,14.804579009827544,4.919739726973733,2.236613571854837,15.552800226590234,3.226739697560370,20.415201775010544
-3.598287122403841,0.308233507650418,0.296752002359443,0.467171100820037,8.720461271436543,3.247832897167415,1.697886309149973,13.897174291077148,2.855892450610185,15.954405588809166
-5.499628370979815,-1.084409012261847,-0.626682010469179,0.068949072484429,0.629904857813366,1.071796379088590,1.122767093271638,7.148114485936913,2.022000867381309,16.229556159876395
-1.423416977614375,0.100794521905944,0.307329208294840,0.625117763954722,9.646119674171482,3.389900527779398,1.770905881987591,12.436176447706101,2.881163710725038,19.634186312950831
-5.426548102948766,-0.669386243700093,-0.395923797651816,0.117981629312717,2.166529551898756,1.484646367543968,1.163830738226844,8.510211751303656,2.107180271763473,14.723028839722772
-5.021867048284117,-0.230834777040498,0.145953284937555,0.463156855280496,5.769964952513087,2.363380860886972,1.272295218470500,10.495311043978871,2.560559373820593,16.043979536352893
-2.538520338733884,-0.177799732531451,0.105763503052432,0.494401524414630,7.584507960692131,2.819196191739403,1.607470761171987,10.540255592716660,2.572317720513472,18.609548496882965
-3.924162865967554,-0.334931925054926,-0.132724468238559,0.318579482904692,5.948599767386904,2.415725540215130,1.516940022047082,11.723956000184911,2.580061713078607,16.845978335565022
-4.705097859886246,-0.421915528432313,-0.215581845311320,0.228977925027155,4.294091304724143,2.031758528044955,1.349061344052058,10.313824378280129,2.362071491151476,15.529862071950745
-1.622928997847106,0.444864213431517,0.450901514196499,0.672262169015352,12.654378422336672,4.060587085037165,2.071082378828681,17.161527942013734,3.334742985847115,18.952969285131715
-5.530937692599702,-0.960682010579351,-0.472067177340308,0.123861323564843,1.241242240264691,1.271767036385649,1.176875426639714,7.518099590085468,2.071130479278858,15.637992746507578
-6.238417396947506,-0.922225556938704,-0.330386700799811,0.090996356190825,-0.143542693956070,0.999943508401935,0.999900166971400,5.898596483577093,1.770833902068792,12.374095824547865
-4.816486355823793,-1.040366969668847,-0.572793986962796,0.124856704066929,0.999414275196167,1.079438608815104,1.080314344139013,6.175049413919693,1.973005191744069,16.797987437067675
-3.344233401214320,-0.335990887915271,-0.037805653829182,0.399641663169456,6.807680421644713,2.606975844110417,1.629448065145425,12.226000424017014,2.700925962651724,17.535104376697589
-6.442400008708001,-0.456478366510885,-0.268559935960024,0.066885896679546,1.000048886858062,1.332636308748485,1.000496529782532,7.382149918370841,1.923754868547346,12.108553516884811
-3.729835804724269,-0.392043049323708,-0.038472965947157,0.385121812051106,5.823644199958730,2.331262558407753,1.454743976489927,8.864521135213648,2.288408475269741,17.421794921104905
-1.894780500487707,-0.062672193302824,0.182432353839985,0.554949506061458,8.453045253101104,3.061617670609857,1.674227288548491,11.517514635470446,2.748213706092991,19.240624856536741
-4.354408780838719,-0.646931047718067,-0.239771900692443,0.272287065489725,3.849676588355928,1.786364789154286,1.286699052730751,7.458331046544528,2.086440952779648,16.736157595344778
-7.839831791992788,-0.865564734746606,-0.308794104543944,0.116389025831749,1.343678602701638,1.099316245273870,1.030363302173624,4.364023669940606,1.507587184983611,13.471725596386094
-4.360877355519188,-0.379724195061019,-0.177949129353928,0.268680078828859,5.040981828344238,2.206189649199979,1.423834102772685,10.954483910681871,2.459592444954212,16.107131143050495
-3.954805171991746,-0.477829204966844,-0.100011845620173,0.335244282131965,5.230265848373856,2.238314081764296,1.493007386915861,10.761427349442739,2.498206845586751,16.442160185213837
-2.975849466575307,-0.146846013454104,0.193250263544217,0.472451366951692,7.478025868908626,2.775072065774788,1.641238757631516,12.358243452437632,2.691405697207501,15.989192645997846
-5.661619857520117,-1.023980604886217,-0.629420460090530,0.036194765870140,0.445996682125505,0.999645617060801,1.058831732457710,7.037066318011638,1.943581767349053,15.324122708539406
-0.999992706646504,0.655925762676389,0.768533578826715,0.850357953129565,12.668436490480653,4.206185555155409,1.887260928190821,15.819894871090822,3.354206897113767,19.338359604972496
-1.563752626153610,0.224765402623521,0.411768437264246,0.651011222421247,11.355674512535424,3.680842870799276,1.972701283141709,15.741333719829084,3.168649255759548,18.191678210258445
-1.918915579293037,0.330443988530983,0.367452398964196,0.624442001563633,11.742631783208717,3.837121744604206,1.998699998925495,16.433565345690752,3.235565247688112,18.725289169078863
-6.028444543485614,-0.358640119245265,0.071819017243502,0.401402195194613,4.605179845606822,2.054038252513218,1.145352607840505,9.670774252148773,2.412658502868266,15.072148396828553
-4.516288925537305,-0.518478472831559,-0.050007998019122,0.288047085973877,3.721867887469224,1.903709569347123,1.323514529401515,9.155191827979008,2.234081493973101,14.084289828247123
-1.300707746183628,0.310377431363930,0.508593340095787,0.686815996993893,11.752311157879044,3.766752153501637,1.984299368622238,15.895675727850870,3.179882512119524,17.648723532025443
-5.500175474643891,-0.992650064189152,-0.505619566838734,0.107739121988149,1.000377187708986,1.008736860461505,1.039352067895558,5.313196304543238,1.758063122314149,15.430596888079279
-4.656007206371749,-0.525792316985592,-0.122540960278335,0.312923941370193,4.637201734178129,2.003167824377934,1.346293264968915,7.707264845585497,2.089628717774922,16.490891153906617
-4.519793883334978,-0.628743772166751,-0.204264635363491,0.266037861492048,3.839922674786530,1.909001487027675,1.379354946821109,9.589222424330968,2.338293648025499,15.912334503021910
-4.330791893048195,-0.560786613097263,-0.287160155206274,0.243060625135285,4.426799398236776,2.021407411017373,1.403594594847154,10.457201473287979,2.418672232628734,16.704950066270001
-3.639978891883311,0.371099630781302,0.618603570870003,0.712911694427037,9.929492097468492,3.444996746580410,1.555398734711255,14.201491943060615,3.037069256883831,16.737393205734875
-4.705639121660363,-0.977721447792002,-0.519157787299981,0.158514236311444,1.440692661491661,1.212856989457885,1.113216771284678,6.581315225455581,2.051788709038033,17.028803715773350
-6.103320306759850,-0.596782590092234,-0.134299499613225,0.257864389553146,3.777887651852276,1.775036495539909,1.259493885915739,6.557366088929156,1.867550087200610,15.228060993597367
-3.573741514284729,-0.391924771500359,-0.059563893570056,0.375975311192493,6.195461214524252,2.463437677179053,1.577225558561348,11.648387901781360,2.622536856482310,17.106431336863082
-5.233703966077337,-0.646557877348373,-0.376172573903077,0.139848197600443,2.579678559010071,1.583229706765886,1.206223786231442,8.870925546462912,2.162701985853009,15.063926543559276
-7.792366778686835,-0.910134891339119,-0.349291078758796,0.097621346955542,1.000175753479036,1.000166588296155,0.999900699931044,4.158976960875590,1.483017237465245,13.411547060031992
-2.424379293800820,0.381819779968539,0.376034149273745,0.586745852205086,11.096035344351785,3.737716465096563,1.923902502045542,15.900930475996018,3.145589195368736,17.842768176833786
-6.085153384240209,-1.330570124035415,-0.818015408708044,-0.036848513219486,-1.405508880971289,0.525652084538032,0.935882900623108,5.267221298602761,1.771714718317996,15.693679322110555
-7.914984104052360,-1.673136895951467,-1.068999739439320,-0.262189328388224,-5.392071003532228,-0.636228595693771,0.485902041744706,1.131561938236258,1.092492723083102,12.208597281524888
-6.079958086904321,-1.125955668725373,-0.604309006824245,0.038722463935356,-0.189922972596710,0.683613515382655,0.931300505664042,4.352735513371682,1.603688857326500,14.723949703004862
-7.005137525092602,-1.272494162434814,-0.822901577561184,-0.131430968057990,-2.665724724709881,0.192739434743780,0.741449924699734,4.244362013339652,1.510399625824420,13.046051353792066
-7.198544952388312,-1.042758439805340,-0.350340623205482,-0.015343833894113,-2.595802512785772,0.459912753784019,0.733485117941345,3.559859027492093,1.363407079656299,9.311248368130023
-6.087443230557136,-1.269273587433217,-0.795092585608285,-0.042453661934693,-1.229344543522521,0.553681456734475,0.927984617811501,5.486015924750872,1.757062709131849,15.212598959167352
-7.947755253700757,-0.999835981767526,-0.422519597304183,0.055934896216866,0.253383205975930,0.789241134537144,0.931912897171786,3.625680742259318,1.407097548509673,13.111455007054658
-6.536880164374447,-1.189190611341353,-0.619275863346029,0.016757176868776,-0.989788134196365,0.740943168184708,0.985084306775744,5.562673134512705,1.801629889439991,14.558832070298038
-6.217705106351412,-1.361521025652937,-0.804372694714144,-0.018811631629210,-1.714208859167903,0.442505876059124,0.879831091974990,4.464046485858672,1.736976515560678,15.846903529527552
-7.135115773658095,-1.508615144803464,-0.895097716000753,-0.092055213562325,-3.155761547289208,0.119603925852368,0.768650077401279,3.437684503345009,1.583633719042191,15.016312714860717
-8.388239875253214,-1.657933935255872,-0.963496888324256,-0.184914721750334,-5.004353218202587,-0.268961341088362,0.624853507497324,2.036988627349002,1.344246923871013,13.362569280362052
-8.365100374524951,-1.247676706102900,-0.823357134998097,-0.244188927090811,-4.851908473469953,-0.290622270955373,0.479889074500077,2.284326216385251,1.185888469412874,10.040938656022789
-9.733346228097639,-1.775020729969970,-0.980933330518803,-0.283356136055977,-7.139984026916059,-0.717298573742204,0.420449714762781,0.111496993641948,0.999710535260154,10.700460521732182
-10.886080472701986,-0.999835843647828,-0.304273067626266,0.092390768743356,-1.000068755257635,0.573014958499650,0.542435192700722,5.577395990971764,1.651143064292001,10.339745521174066
-7.177171215933777,-1.281859048722365,-0.831797158115385,-0.148091511551705,-2.972752702330573,0.117732690203036,0.706327118443384,3.970002117093498,1.464434131091889,12.694536151829041
-9.963277583325999,-1.804678898778576,-1.034451926450028,-0.251540192571162,-6.653736302020198,-0.717033515310453,0.390263736863481,0.342489459560381,1.109905627047483,11.932247352978678
-6.182398778642119,-1.339491043631118,-0.839917232640067,-0.061031474193763,-1.679848550677539,0.432488298439134,0.893281584953870,5.022481878897521,1.708173866765525,15.252149974270608
-8.989544389146710,-1.522718926600075,-0.751829905437426,-0.201707309054015,-5.796756566336617,-0.340990839885768,0.513397391108025,1.103773159303740,1.080465373894126,9.810907739473421
-6.767217536464637,-1.084177485567250,-0.695860998508248,-0.077246034576544,-1.588656288854955,0.503731294062627,0.823820287958694,5.228225760606746,1.636535360680633,13.024723000209704
-7.666921599741977,-1.576138720441987,-0.929721743899365,-0.134964297801845,-3.938251563309328,-0.036549246412056,0.719495570997590,2.944281618083734,1.490082289960395,14.345748990799692
-7.403582758504905,-1.466110814994318,-0.952672854085866,-0.198699987188752,-4.013602807977454,-0.191341355306810,0.624507053058321,2.933954114834945,1.334555645008611,12.723112117028293
-6.695236978236318,-1.060510624328430,-0.447806657054316,0.036524156525103,-1.077547077121713,0.769301087194373,0.935982461741954,5.194494213458354,1.689062174630775,12.529987849344039
-8.697824424998283,-1.634655471759909,-0.913417752186416,-0.196726112379474,-5.329903358726929,-0.304288950887630,0.595817703829805,1.748584997021863,1.265236267461984,12.355160519411314
-6.146083357751900,-1.345472866398039,-0.821845765045726,-0.037763467620118,-1.506649208698141,0.508648367111670,0.931741653540401,5.167233556395514,1.768081064694464,15.726370644730835
-7.954296693028676,-1.399677821420160,-0.761734283847830,-0.047781669209270,-2.912880812281165,0.176748057626506,0.692086945961843,3.327345890953508,1.576013461943213,14.056384859242215
-8.013794746284043,-1.684477712241185,-1.069518183060403,-0.266251747495291,-5.490702224138081,-0.677498353338924,0.470494322536607,0.904398034970269,1.058290098337065,12.065041389601859
-6.578944092747827,-1.309651572676171,-0.737809383853588,0.005317709640415,-1.618481511820724,0.485046323370108,0.854273713272125,4.410941506563757,1.748251452755871,15.507366752194869
-9.360410435146003,-1.058434608790900,-0.702164532008967,-0.298437102696233,-6.230037167525088,-0.481349992293579,0.305755383672684,1.000291650899113,1.000029044100036,7.446964195259127
-8.713992742092183,-1.524435070446151,-1.007363156570424,-0.319547100563721,-6.264290964013631,-0.735000064250612,0.367157094998136,0.954214255927708,1.002274842346996,10.057620235248763
-11.471566152294224,-1.441799965738078,-0.668494575569370,-0.103886314562731,-4.385582921811524,-0.240231844887864,0.349381236480320,2.391891866667590,1.269078779223231,10.038127079454583
-5.647355082890863,-1.282973308762864,-0.765986059950875,0.000826226650296,-1.000330751506672,0.546911848110008,0.918794751563089,4.720559763596169,1.726761622582473,15.827784622654420
-8.029065776190260,-1.622686623141363,-0.954423927023470,-0.151819731255779,-4.433411252225360,-0.172746795236824,0.651085239051390,2.367453386790954,1.424922485190309,14.064960434706975
-8.780185560775459,-1.394859004103427,-0.609673133481708,-0.181395805130807,-5.682892748001214,-0.272819522361252,0.479426668451013,0.999886368167337,0.999988711951116,8.223131599237618
-6.005000974233861,-1.337771668187285,-0.793864892462653,-0.008907255103452,-1.451226042922590,0.496101561600662,0.902207513227763,4.654720409960545,1.758246434168012,15.990917851428165
-6.401120009622412,-1.429613733553399,-0.868577542244115,-0.060448185003021,-2.207716359104657,0.327833118997043,0.863137516597861,4.350823889543575,1.688303127850877,15.631379635476904
-6.097778394011295,-1.199974348444541,-0.675834218961762,0.025149759077640,-0.521818316108343,0.815342788528960,1.032708047310572,6.082633257959300,1.891285013793259,15.629333722907589
-6.264705937459064,-1.412951579318589,-0.868643239710630,-0.079119439377166,-2.277489203709129,0.196027542460024,0.798954538689072,3.692022592380637,1.540273714711124,14.873706693157445
-8.071986248568544,-1.631137190882746,-0.958229855140489,-0.163543733796323,-4.562021791394946,-0.181540985832632,0.660360128380533,2.388052148774035,1.409146647778809,13.884890869008885
-6.624970835209774,-1.000098452471803,-0.378659640690999,0.048963218665673,-0.999586612893032,0.801739333234247,0.922576454578177,5.149501270467779,1.657826028616408,11.817999501556031
-6.832221584270792,-1.367962826944846,-0.779316577183246,-0.022584152983482,-2.119741846453840,0.364077292079594,0.816603533490502,4.041979306954898,1.692110888171492,15.280345652157465
-6.254471974043520,-1.000301780491379,-0.631340157456326,-0.016566648865139,-0.433778817401836,0.794960603366570,0.940766996407385,6.258121695768763,1.793684715643356,13.900347169512614
-6.602557194902056,-1.253400670525306,-0.700793054837307,-0.027594277854651,-1.344098440150665,0.371058443081532,0.826689234078875,3.454836446584592,1.460938490827695,14.063342340521288
-7.915837730769931,-1.184640932229620,-0.777176536893595,-0.194686821365532,-3.875772997154164,-0.047384748373373,0.579466590118700,3.167468914483676,1.317976689131990,10.831889858984212
-5.932408872536337,-1.247268263467221,-0.747000202466543,0.002058603539975,-0.710210370530822,0.725926234942031,1.006654746413763,5.941943725942066,1.867014371513890,15.907748764760598
-7.827620741229646,-1.567314455189312,-0.910147980896544,-0.140155380981282,-4.050524021254992,-0.039897666375643,0.716233892706899,2.901185464859408,1.467038828823054,13.971867469550219
-6.125510062030367,-1.319219346423516,-0.768366776092350,0.002207072697125,-1.408788678961619,0.519572512844798,0.897032998050745,4.643664085284298,1.770353406421465,15.932754040280386
-7.009800448093239,-1.212443982731844,-0.783960184750221,-0.121336364483217,-2.450012239477124,0.262525945437426,0.752261257076673,4.450989205599695,1.531228661868075,12.862057400447114
-9.434852645967078,-1.355975731378464,-0.685313621093208,-0.127162256754137,-2.998682508412563,-0.115618656262120,0.625213641617461,1.000292550957466,1.000321524387055,11.172024938127450
-6.466834834187773,-0.999929620927611,-0.400453797842792,0.062837598606390,-0.594135812387086,0.886169493914972,0.973513293973017,5.583606494486061,1.739944040884194,12.607233924976256
-6.940482895083699,-1.398679435152241,-0.802284921009484,-0.037244978744635,-2.370597933384252,0.303586744590157,0.799644958409432,3.863236798946231,1.664334275200212,15.185073691425899
-7.563625607888577,-1.579922198617532,-1.022379238174472,-0.228778752800880,-4.671903969728183,-0.397271162223225,0.567111574028816,2.158733859383643,1.237916716319398,12.683446853135777
-13.092246218188359,-1.641209754313187,-0.781020411735265,-0.205262186650768,-6.205027552003562,-0.710520455222271,0.148287729144435,1.000280635976209,1.000028519975271,8.334140498979494
-7.326400889444381,-1.198384185380673,-0.622107703248137,-0.020347602285763,-1.169484376954520,0.398017192242998,0.819126509498081,3.069897943253308,1.366726001782365,13.304720412855161
-9.537825460179784,-1.572759983310120,-0.852298563240058,-0.141237826991324,-4.781672302614075,-0.284943076251898,0.489205450865469,1.811500719396333,1.319920506853902,12.354623194213517
-8.011675014361510,-1.625332002159366,-1.057988483127325,-0.273769997831642,-5.476043971399113,-0.605654781188724,0.478961741491838,1.455952629024592,1.117718102876109,11.853283685735462
-6.217275075334692,-1.408840451369644,-0.868005140680636,-0.059523669844081,-2.004748435315256,0.357322608705681,0.875959042700104,4.544727548699042,1.694762914445882,15.640162458739908
-7.959973166541568,-1.611328988486054,-0.947548497713026,-0.145521886521354,-4.315794635220518,-0.146630656869226,0.659862638380721,2.454976592082302,1.439417404680900,14.146403523500524
-8.331021479217350,-1.669468517769207,-0.980702455832014,-0.180823647694326,-4.957153031105340,-0.281655240169675,0.616951547135162,2.003235272098449,1.358318793850047,13.644351113860424
-6.986720512475637,-1.074539343642211,-0.426775705467139,0.009777907306198,-1.783290508541305,0.619413505787003,0.852702381122849,4.470328842930952,1.556209187921969,11.349013628866786
-9.169563075050258,-1.798678158940360,-1.118182816490319,-0.342201343003166,-6.910054135561259,-1.109280814405734,0.302549952348121,-0.864607243422642,0.766962268092567,10.416457726388629
-9.839590192047320,-1.719983596178904,-1.004852956920072,-0.308273832394566,-6.300407409182290,-1.000393607595333,0.329746897548760,-1.109698661787478,0.704487138003981,9.923959236961153
-11.264211349588686,-1.671880566527820,-1.121126291938235,-0.559524003081604,-11.138647131809753,-1.881990212896304,-0.162451084729137,-3.474213653323305,0.332708085862564,4.986067203436463
-14.830230301974035,-2.530072612974017,-1.404239994424890,-0.741790789620379,-16.076727925889706,-2.794102256025203,-0.478005014003733,-7.859343330804153,-0.356722002380939,2.737793083048601
-19.470843155870249,-2.802964040027897,-1.545017039159644,-0.800384783864348,-16.681882286841748,-3.272303507332145,-0.814819584957994,-7.837649793068879,-0.508285334814629,1.000208197456132
-9.429529785863815,-1.519543807532639,-1.010841533591038,-0.379524358382871,-7.467497564864962,-0.999828654811223,0.227817300584407,-0.114001876773488,0.832483410750336,8.507912662124411
-17.417234203798692,-2.553783212059547,-1.481353965598819,-0.838627747196507,-15.901393119978300,-3.689395179846953,-0.681898814702800,-10.397670720587643,-0.817457919454724,0.999466010437530
-15.817882513735890,-2.275565102088924,-1.227435037674604,-0.520029318053176,-11.793888700170092,-2.061053131189217,-0.307282420513508,-3.810351117147308,0.255238135042206,5.347119293271660
-16.674128433183562,-2.484119969199089,-1.445558224629081,-0.793520502145367,-15.089724459157756,-3.458927297851458,-0.594060362705131,-9.591310634490229,-0.684028238521495,1.801061732487781
-11.436477216960975,-1.939847979839891,-1.096282841130612,-0.328379204868082,-8.214217853043115,-1.108550842139911,0.200747853912554,-1.000557586890936,0.873567803751706,10.262353077500350
-14.530908464494155,-2.412449773207406,-1.382189382859018,-0.588235180614385,-13.042412228525782,-2.262214973456215,-0.257774452189671,-5.073554448731771,0.178757446099307,6.412506224874349
-11.442041798566970,-1.975306228796340,-1.125450208827637,-0.345914352524539,-8.511393830173906,-1.172107824803382,0.190267719140603,-1.238326695967276,0.841489908657349,10.231521968350719
-13.363341285836265,-1.880552450953699,-1.263299886373262,-0.770873036619375,-15.524833936989799,-2.950946287486365,-0.624021450213066,-7.532880633525723,-0.257643161450928,1.000218130807369
-12.833833400681579,-2.271164552372680,-1.292164049174093,-0.544726624845494,-12.235731389271100,-1.951236072867806,-0.082536951643809,-4.379454637029243,0.294132561505496,7.105521724457176
-12.107625692157990,-2.096086870389565,-1.270894123425676,-0.539714900053460,-10.522570348104969,-2.143358162265597,-0.092795666983472,-4.708555474060903,0.132170462886333,6.680774763739535
-16.309166044172194,-2.392916047400201,-1.309583053912168,-0.580824390312786,-12.881673599510682,-2.317336688130942,-0.394550050513713,-4.757019047761291,0.107125235635661,4.736989249785225
-15.958263662902164,-2.272957363915322,-1.275306314497279,-0.665178293630742,-12.665076719045876,-2.801952748526253,-0.350522951423488,-7.689131368483901,-0.401570913190446,3.402539292125041
-10.878994361799039,-1.887480475495541,-1.000562422998734,-0.385096400478487,-9.319225613931271,-1.185513613659259,0.191916490033019,-1.932742491128396,0.624845746023724,7.877815582672056
-10.837493848771340,-1.758994978885623,-0.999760514071392,-0.341645343433244,-6.879049454621045,-1.176836282827060,0.257849678764388,-1.969714348747049,0.549223024642303,8.948590861208075
-14.492290440004007,-2.246103038474733,-1.309251519592553,-0.641271012820126,-12.320874614808920,-2.682751218570266,-0.300425545555241,-6.941156284638270,-0.252618250836934,4.359336266453241
-15.505057368866483,-2.482082151482290,-1.496540831035821,-0.791980062455023,-15.163641645446651,-3.438430723593873,-0.585858977592024,-9.186096800555321,-0.591387469576755,2.373500505622658
-15.409692868673170,-2.615612581009348,-1.666127388216259,-0.920973236717473,-17.760057558799240,-4.020363200535852,-0.835774136511374,-10.679779877902421,-0.788767639131808,0.841609415258816
-14.140095771122128,-2.416024503824751,-1.393299673601780,-0.594333982205441,-13.148233272127063,-2.255214065717032,-0.228988025528361,-5.168738131219685,0.178185440905781,6.618724379076482
-14.137123384171611,-2.460524346640474,-1.592271778156343,-0.841121946177213,-16.286272512152884,-3.559284939208608,-0.672178997475369,-8.985721359814862,-0.516719308774962,2.257601202113008
-13.571720481829198,-2.170645224821994,-1.276261262391821,-0.591870524135763,-11.437426317939915,-2.429041907620954,-0.203867322874233,-5.992424291742667,-0.092912540330178,5.313995713864145
-17.393871775810702,-2.588051259693886,-1.436137574869055,-0.684812240783250,-14.731597100119293,-2.761019698479975,-0.563980933507561,-6.332975994802910,-0.163511289116529,3.385076097563640
-10.875073910352706,-1.688473407860677,-1.129855140159406,-0.527879387907172,-10.437042139429527,-1.741253372257097,-0.082842214242687,-2.842774632922884,0.424471142587550,5.884221395313787
-14.579034101866023,-2.472985448360816,-1.619144015797718,-0.901181212924062,-17.528940437264502,-3.820080004320095,-0.805332422316268,-9.898737814702814,-0.650320467260339,0.999677384732493
-11.721825105069877,-2.048193607983018,-1.175688386924554,-0.384913653806839,-9.216773566804582,-1.331701158291045,0.140672002398973,-1.816727144538151,0.750556484927476,9.848339661044136
-11.322558083828733,-2.041511259319079,-1.345626027160352,-0.600064322161236,-11.680151674457980,-2.237724123495232,-0.182302456001958,-4.287993512844524,0.211440825601898,6.177785271449196
-14.836099273913499,-1.968648108554854,-0.999700391710954,-0.367108051837898,-9.066382249580888,-1.419876963488966,-0.109682919959417,-1.387300174814714,0.605428475765961,6.490906626228096
-12.124318031771731,-2.018915808680695,-1.344359748954339,-0.673020357106072,-13.189590856287387,-2.545682384524936,-0.353774427120511,-5.504811093894249,0.024171341353338,4.273411055020532
-16.163847347115727,-2.552711054684627,-1.536444792261916,-0.838506911893355,-16.019783901297039,-3.678922181385358,-0.677942109121096,-10.018579177846719,-0.725933488917984,1.563125818019969
-17.732167183263776,-2.946700441515355,-1.695639051403997,-0.920290950004233,-19.164946035457881,-3.647355379999231,-0.826161658588018,-10.420601545370902,-0.774382559902104,1.000256411612170
-12.132210487161183,-1.810376851227745,-1.214554774169796,-0.653114397165572,-13.003986426477459,-2.368434210082986,-0.353956458193006,-5.209140361558910,0.075947546066616,3.513933612056306
-10.758263668918852,-1.671569137906697,-1.118274994383101,-0.515498834397556,-10.190301113086312,-1.677880010249920,-0.057386377887655,-2.614325163091211,0.458438246065687,6.086534524536276
-10.338790620121893,-1.935182251276218,-1.119599025074493,-0.333686314745728,-8.071555757341676,-0.999539169034540,0.323113659953662,-0.700597838589276,0.924713540240686,11.021581558032111
-11.138133075225392,-1.905515920574925,-1.267224846287969,-0.575955387164104,-11.261014794786425,-2.053346246024601,-0.149089792744042,-3.716223250567042,0.294515864308018,6.027280858935754
-11.481090091599350,-1.991396856346936,-1.067095601906983,-0.441137836262228,-10.399836546892962,-1.442455990284890,0.088292611861229,-2.878948853156958,0.474716421327186,7.130931902782052
-12.431821606920005,-2.250564255109492,-1.430024725509831,-0.655537796372617,-12.707811661152382,-2.659997526976396,-0.297420423920704,-6.000388557899884,-0.055714864412170,5.423091599847751
-10.483345926224297,-1.924698345903735,-1.089295491768301,-0.349924984652986,-8.420991027664391,-1.042896004362183,0.298811316186329,-0.999715921910353,0.846453490467867,10.198736952495395
-11.371779152873183,-2.125292067979011,-1.369555640904921,-0.584845727633308,-11.377086650061747,-2.258033291189959,-0.149645320460481,-4.473584886437424,0.187976639142218,6.736146624718188
-13.102848745268796,-2.036819121580419,-1.168156582083262,-0.512672743640446,-9.962645755810675,-2.034260892163031,-0.059613738808109,-4.868107511542677,0.075898880107055,6.243005458501969
-13.456954784710314,-2.280629215728823,-1.218934073320691,-0.633608051125917,-14.158873316896111,-2.296792704116987,-0.298773238088870,-6.261054756708335,-0.123767338384350,3.421572378366548
-13.689338022642824,-1.878387002802446,-0.999700610884454,-0.433908737882070,-8.437148950671192,-1.629004545579255,0.076956342474735,-4.075017010664270,0.164282975799595,6.549035120125112
-9.597877038727399,-1.741742001502996,-1.151896353017670,-0.424814874009582,-8.297522845601057,-1.303477526445020,0.167428852791568,-1.000410731817157,0.712290576349784,8.813467672640471
-12.513295724308074,-2.250810893565145,-1.421116877789257,-0.650605934601521,-12.610327708220657,-2.649381145956367,-0.290426848783691,-6.026732564185169,-0.061913747736237,5.436135906925145
-12.424610064973502,-2.155134041315854,-1.175445037632602,-0.526235152381598,-12.013206299480990,-1.831896397442227,-0.066859962943850,-4.281238198359221,0.253702706389682,6.089470664290857
-15.681998050871636,-2.504866615176169,-1.511167013627669,-0.807103489013770,-15.445159398312390,-3.515757670588419,-0.615530646163146,-9.442862580834332,-0.632051607489788,2.128142604664006
-15.221279987239223,-2.587031922360912,-1.435996901588206,-0.778519023415599,-16.764400653839168,-2.952444283022421,-0.550117595680991,-8.471579864081024,-0.468615924325598,2.061304020343940
-10.904747838119272,-2.011220992713000,-1.159421069517222,-0.379427159802975,-8.983145200415256,-1.209487600218145,0.235560455894669,-1.499819026704175,0.791563725260414,10.208429254675778
-25.822137186493016,-3.909950916580452,-2.241548831954121,-1.452778228977606,-27.820136285754522,-5.864597080699367,-1.916320912254068,-17.576352937155775,-2.369850422247940,-9.005961139787914
-23.111196424057589,-3.406425613455656,-2.168345683719508,-1.626007720226958,-31.680892991716512,-7.705358649495592,-2.395324714608576,-23.700387426566110,-2.778695557898646,-12.750029480162695
-19.128230121385194,-3.105988001972122,-1.789940975907977,-0.999758255415293,-20.514205790906992,-4.012311869320831,-0.999654450913191,-11.539049423770892,-0.999542134155433,-0.369340762163333
-21.849691909008861,-3.319066843880059,-2.094144806586527,-1.465796298720476,-28.277763511874461,-6.888127564058985,-2.001734972937437,-20.689593959054818,-2.343011317844506,-9.240470747830543
-22.795780963622825,-3.410091312639021,-2.142414953259366,-1.535236519277019,-29.590274401064100,-7.263819999900095,-2.155552866847062,-22.002881202091046,-2.552472172519798,-10.608690080817652
-18.086078993099584,-2.680824771294436,-1.770527597200430,-1.248749103815410,-24.852624403708539,-5.549723943730070,-1.614099003187678,-16.521966650796955,-1.615167731331055,-6.508604261350044
-20.122937668385070,-3.096389452915543,-1.912075720452126,-1.232941815403507,-23.546633097549481,-5.703343014666364,-1.481748102174044,-16.664005726711636,-1.752332773092991,-4.943051412985639
-18.030096746389511,-2.882342477744041,-1.869830267777546,-1.205210580613000,-23.474175589918381,-5.433714197008781,-1.453425817614991,-15.629151617003673,-1.528003668936772,-4.513840095600287
-23.324948169593050,-3.455546394909475,-1.956554866078162,-1.166572066355208,-22.981141388428448,-4.769284669082998,-1.433907469502380,-13.263691269324726,-1.523912714604569,-4.400712228362224
-20.315675602877739,-3.041613587084165,-1.979656263374246,-1.435913050083558,-28.309138639311861,-6.612600407024305,-1.998818118998086,-20.063969825392391,-2.177175527855325,-9.468825945252362
-20.744153603799639,-3.201298296708635,-2.008462825905343,-1.343938297284374,-25.820599456425093,-6.259880121044523,-1.726273474584867,-18.500186897648106,-2.016022615354092,-6.883125715037110
-18.323418546774796,-2.794319772687071,-1.678864247462995,-1.000167105422233,-19.011296318417742,-4.514351961474032,-1.000273751187850,-12.857660122359208,-1.180949169841589,-1.209437831343323
-22.738368879310336,-3.392883372140653,-2.108157580648674,-1.482149373352668,-28.397568100307801,-7.004061725095672,-2.024758500865604,-21.093001981553257,-2.433333747927871,-9.547717125251708
-16.959612424521900,-2.685858451398158,-1.765206449457205,-1.131926139178761,-22.215882055994591,-4.988753928133738,-1.316761324028006,-14.179798283270076,-1.289022039244261,-3.564703647770600
-16.134660928484003,-2.691819979534288,-1.740785880164878,-1.021807450385942,-19.801852813405326,-4.494962964375935,-1.051593708383367,-12.275114351588671,-1.023076959105754,-0.999833566706045
-20.598728832820761,-3.192958585552965,-2.020087826949935,-1.362066463571830,-26.267850300901777,-6.336324568619643,-1.772233309843112,-18.754982998790169,-2.042100315630608,-7.230693668465435
-17.124076095044607,-2.635175129473482,-1.740149835205190,-1.154651374169545,-22.815647698413549,-5.073716988715061,-1.385979360831910,-14.636101527085133,-1.344900638893061,-4.370925415677263
-22.999345719759752,-3.553442960547813,-2.040424342087404,-1.244442305215809,-24.537314056016605,-5.052141955216205,-1.509488529939754,-14.850401303628063,-1.730421784147169,-5.016684989177506
-16.230146809620884,-2.713303206692178,-1.732747604892577,-0.999852471207314,-19.291267578369677,-4.421962357864961,-0.999966738069153,-12.057493241470114,-1.000537994448510,-0.551232197643159
-21.955984719285901,-3.546965155277551,-2.033909445130280,-1.310851645835276,-26.001068212481520,-5.226616637023929,-1.572225403070787,-16.434143526663220,-1.978345271541571,-6.332362404013324
-21.487789107086591,-3.273601157999392,-2.085612997972837,-1.471240693177565,-28.536981215014002,-6.889901790632758,-2.026966284634489,-20.736251642033935,-2.330911498920158,-9.448714965064752
-20.584736939477885,-3.190785824337200,-2.014671469704046,-1.353388538586038,-26.074208697632052,-6.295648940066526,-1.751431457102135,-18.613610937447660,-2.023627019363629,-7.059759251246803
-20.840690331821001,-3.388306635298372,-1.945332688787454,-1.202904723237608,-24.158965058790720,-4.806092333168172,-1.364947619209938,-14.807984199327125,-1.637176260700534,-4.226622035295904
