3.022683451625497,1.766091144849501,1.536950084298306,1.303502402952428,21.714987214018720,6.060505430438051,2.580414649836661,22.929441102242027,3.842745848696458,26.355564305065634
3.952354013503005,2.202460353538676,1.842237715223199,1.463677516425544,23.980294104536938,6.677909792030642,2.758672463391772,24.615979571658034,3.935242980220009,28.527691916248507
3.258997861911801,2.020768395915506,1.634141234686962,1.427097872367757,28.888094679386825,6.499384984755155,2.727016027109412,27.600771332693530,4.268417124435731,30.375075128386420
3.330139447579654,2.188619010761665,1.814230815370558,1.462327153267618,23.548928926461485,6.515814372527723,2.544407154515872,25.903407729229844,4.059993445846212,26.233263050168951
0.999581619725753,1.000141988501970,1.000095242592223,1.000286154119368,17.714155148652424,4.596945141651483,2.108991238636919,19.744805653200434,3.194417977540285,23.441190692576363
1.000261059361598,1.066280803453410,1.053115730567184,1.023743961386494,17.374614956708115,4.954197062343704,2.293693700663016,19.196348591117545,3.493948465202655,23.615509374412802
2.536435406637445,1.743686361506370,1.527712705387002,1.280125249767075,21.186449896641989,5.956333647014128,2.570170029033651,22.103363275677726,3.695079281262506,26.717318538229456
2.903791756555144,1.734157058291686,1.515827555884216,1.289464753992176,21.492708064472481,6.007665535484884,2.571177279510104,22.674108907234586,3.812712365461705,26.304553338247167
3.401319503927994,2.020647944023603,1.703154594103377,1.404325045891530,23.005343818336314,6.366868022708710,2.573550891894329,24.869713951605537,4.014610174862030,26.301621396714047
2.996010697294846,2.141582419284261,1.780837227834358,1.441338810696805,23.127753888751158,6.405827063523654,2.495006894286798,25.680357646112885,4.022930617347376,25.856444715456526
5.642588282769704,2.788879794298352,2.229298933836567,1.698209703705960,27.285228198446362,7.529679383475605,2.875376332978535,28.750876398074400,4.342060307812291,29.188894654026178
3.204769846498088,2.029971471692655,1.707620073385537,1.405247706532244,22.891988625975273,6.335776826517469,2.537147209257363,24.993225857886717,4.008405925867860,26.044214683798039
1.642918884147250,1.278041555928369,1.198033572205219,1.111816879440772,18.762289099172335,5.292524361179582,2.370934552752002,20.505891096390645,3.629821307527981,24.305248676490699
2.649016812313342,1.612873050358554,1.397090943079297,1.286678979402234,24.853818505100833,5.879717647826597,2.554507910513649,25.079615442613960,3.927636093738405,27.768996180479583
2.747314553753633,1.741815310174925,1.462669338783771,1.329586206332575,26.510558694734868,6.135163864916160,2.644909948588566,26.228012500436723,4.113146631282513,29.124664888842297
0.563469422406307,0.999555369303981,0.999693774945587,1.000256790039556,16.838110529563437,4.771182407264343,2.180042019698640,19.305900011492771,3.509279320649727,22.674390349327389
5.311759062043311,2.575245421055908,2.090242509163029,1.618324411477669,26.342971307303173,7.279190272055468,2.879362807794659,27.218478747598159,4.219670510342587,29.281118397949179
3.585353655738324,1.962680113695931,1.634380980396155,1.430900356610513,27.615370493547744,6.356234028961447,2.659760382786968,26.773460855475196,4.078780726562952,28.701733266430161
2.490266164703009,1.718941240167515,1.433026760887834,1.306793496537656,26.450261181023734,6.097642327574421,2.637965545226455,26.166873449189655,4.132330925210198,29.430417450395403
2.733696274923947,2.018731655012699,1.697025895327729,1.394920667730323,22.492175939147160,6.232895949224096,2.461151994897816,25.010213454778057,3.972327849806996,25.515311227769537
2.165828879931247,1.678536918706059,1.465657155795489,1.267109070763741,20.794877042131702,5.780601846357778,2.392800842108479,23.109246725367132,3.837287033254112,24.738331974917408
3.164498593439284,1.851855562940028,1.547060152184231,1.381565766337781,27.191582736835301,6.267848925088446,2.665790491027009,26.617490762358717,4.120647819320171,29.069665455569130
2.177966893290680,1.459059374910086,1.287307722262961,1.221818904141388,23.828123012966557,5.691582284628881,2.522936826911641,24.485340079526498,3.897079129992713,27.601840061140372
0.273992150350043,1.069448921514504,1.062497171386234,0.999514253815873,16.694147187345038,4.828724677101457,2.263050661572700,18.193021970136659,3.283867002840486,23.925908603997762
2.040217324288989,1.466181739007081,1.332519905521188,1.179147974256394,19.763723560130302,5.573871812026278,2.464351869587853,21.066860284600683,3.646908845732119,25.362895370155464
1.000228432482167,1.157220095952754,1.055733398510932,1.077540570205522,21.812372588151220,5.289086845970312,2.445127296544745,23.266294866183120,3.843952629609019,27.460754858217577
-6.781959799024229,-1.027679632468617,-0.499539662334477,0.047051433438271,1.874378559965292,1.303727298219039,1.269063656241765,8.803435690935929,2.234014193612486,17.162726201765402
-1.428815516595797,0.142099075881426,0.401815107928921,0.655314346579887,11.977519373251424,3.468612365315303,1.905360328168221,16.094410332927385,2.967256978060091,21.810964524276422
-7.082423803730336,-0.590714624721222,-0.101827262399131,0.224453234815980,2.962608442608142,1.505946044497955,1.220514996845425,6.868756304308123,1.823847213127385,15.586572586021310
-2.665999368169089,-0.142088966634471,0.211338205668465,0.521756289335092,9.161305390443088,2.957308312843844,1.770370084033908,12.458058655553247,2.802928732963837,18.856588695694434
-3.437873313564566,-0.244777920720253,0.140215215930332,0.459626978737367,7.945472238296473,2.692501674506425,1.684131988020195,11.310050173417027,2.615889344970986,18.266833566462545
-5.146135816294240,-0.890023255440425,-0.312379795469165,0.117216598101270,-0.066119478910879,1.000113269360449,0.999611591651202,5.967739848205314,1.602548098315262,14.400224133515627
-7.818795683736077,-0.828890960883901,-0.431407110102500,-0.005640908716635,0.999891120404185,1.000311501172264,1.000090189063199,7.529188675144910,1.934116448728579,16.787643958720999
-6.063428842161208,-1.366300846576496,-0.660037443319523,0.013259892909199,0.605136014071603,1.070355589600589,1.321897830774858,7.678254333776112,2.240821813018103,16.232819004283222
-8.876202215973610,-0.682731464720280,-0.164105967015165,0.140429932844790,0.999867474166761,1.000032696752365,1.000356685537998,5.128440484646534,1.465425433995760,14.647855239170900
-5.181546165770158,-0.886376944838611,-0.314519331262990,0.213739490599662,3.608115337458115,1.543505856529927,1.312091568248150,8.498398995508511,2.381472509800149,15.505201019477914
-1.000292832994656,0.690827436331077,0.799035361107173,0.839056301439569,14.059561608035322,4.179303668130197,2.080704346934868,15.991100590801681,3.046228584516802,22.261258853868988
-6.970897293778414,-1.112406176834316,-0.478208872952397,0.051766667716371,0.631812824139387,1.000109918985865,1.164725404518513,5.658769275305461,1.893871860347057,14.001729172057486
-1.731337126042185,0.292574984464075,0.449758124829107,0.693642084801021,14.483786876317991,3.895337754161596,2.078438766584325,18.305987075720441,3.343165774783584,24.233197064681242
-3.515292786054147,-0.374189418820219,0.048536187947058,0.417506809260933,7.354793263146460,2.540122901436015,1.655182287843753,10.994257177816893,2.626892344943895,17.874031492999059
-3.480670537189091,-0.549199009433737,-0.078709558464682,0.360216198040156,6.511790063415104,2.348873767315732,1.623506302704198,12.109092841259939,2.595411209923098,19.301053971131417
-5.854544525509546,-1.235348253738536,-0.559186019475901,0.063892447696737,1.356770816342417,1.144059919650127,1.296229744514535,6.796540885254602,2.211778390995830,14.827933293934057
-1.005927455025009,0.298650760933370,0.515292650028343,0.707140388451752,12.410824475606772,3.563831821385926,1.875079542850416,16.145688407736760,2.887006323860811,21.517080260034852
-2.228748860298928,0.005070827643979,0.313836201724945,0.516002277750653,7.365024355973047,2.577710251030206,1.440602857679026,11.712960905796864,2.189634819400451,17.897209227114566
-1.431174928941900,0.833449608101498,0.875508328746463,0.910661264882390,14.629323627728239,4.182240284061459,1.861339213633742,18.303823520339609,3.275884977998688,20.579237146896624
-3.316041963546290,-0.385426284155462,0.006704113443351,0.428280479469419,8.834154621774131,2.808962214701361,1.802471983163403,14.250555266360879,2.914582025673168,21.088688530478528
-5.533606607224137,-1.165883519706611,-0.508536520539229,0.100815860036429,1.994003386813687,1.264754785877125,1.325593235491778,7.282240474531976,2.283529614821452,15.142850081589705
-2.528342528773003,0.057326067295670,0.283046407674491,0.585388149180014,12.404848544362492,3.484432490776322,1.962211338155305,16.826983074798296,3.184826400138787,23.205382981414353
-5.893738377467677,-0.400020058906891,0.013893819270280,0.378841742183299,5.447447435899333,1.891930324183968,1.173132599740817,10.489910152068818,2.385232466874433,15.288490433494990
-6.910261177514784,-0.978036196396845,-0.386777989267385,0.140866905771299,1.617988003894196,0.999733862019519,0.999821198871680,7.022703096112069,2.071644496189856,13.702393386997988
-1.586803124928139,0.694727122536824,0.780417383507386,0.857767874232916,13.905277984514212,3.999248492605653,1.838671310316378,17.522974849203980,3.222960254740824,20.290963036912338
-5.323290198526728,-1.142555213374732,-0.489505556738694,0.097391923840670,1.393459839298315,1.249090246269668,1.304496415320563,7.994220173763255,2.162738886174049,16.473913571007422
-1.213706067117439,0.644139623668869,0.747975901728754,0.845334776880440,13.966679619204568,4.021971167020945,1.898814481487674,17.303720310456857,3.250707276505823,20.579983584133636
-2.639746995567030,-0.129881094430173,0.178239599228550,0.534022401908035,10.994730310649286,3.238305851327263,1.916592040136751,15.847480721242436,3.082396288370591,22.269137428159645
-4.153544329370042,-0.749326951876856,-0.213092296060542,0.257624876597994,4.088562484848124,1.843320014892293,1.435078465328368,9.998727543299184,2.307389713752022,17.730791178455554
-5.468614939983219,-0.722183686483452,-0.277275744335237,0.206087801492789,5.035748387840838,1.974967082202647,1.496017766417804,11.305285795673216,2.547807003447625,19.128425418410195
-5.724636450944722,-1.261057854584382,-0.571565058145054,0.042137035941772,0.270922000259360,0.999686519714908,1.223392650015431,7.028316620773454,2.051541644818061,15.789297712162925
-4.400513713403491,-0.710170035829083,-0.189841909636878,0.294011182591669,5.157995347017957,1.929743109003291,1.449071962774810,9.681434406948243,2.534506237011884,16.423501330849838
-4.977373437652176,-0.806883145650699,-0.259188669277183,0.247087809654955,4.175026008342341,1.672614561449714,1.342196105980233,8.949175569002465,2.428222510358401,15.758077150133550
-4.986012756236626,-0.279942680291451,0.100062064973260,0.440596509810016,6.748707949989805,2.217333940046694,1.315098671489442,11.452501204411520,2.544681148104432,16.219263099978782
-4.882016843923317,-0.640397307410568,-0.145335583630193,0.309766845894806,5.059525230484494,1.853790690826594,1.342313171651658,9.721896789524793,2.474366628585832,15.958713902762730
-4.423632319324973,-0.025612534269537,0.148174419110229,0.413270103273034,9.591225437429953,2.782774642540625,1.611053090355168,14.136836117806881,2.786964274863356,22.016148813976891
-3.670046789535299,-0.600638151141135,-0.110527637291179,0.327242292332634,5.528499289101942,2.147499892964413,1.532595586995154,11.180059534024382,2.446674764932323,18.554324376712664
-3.545950574426406,-0.480700416942864,-0.055967590429735,0.389846996100574,8.020298739530288,2.645749565226077,1.758542528031902,13.629027850707688,2.848110588005278,20.622423785788790
-2.195383882108210,0.178915096539601,0.364957891350262,0.635589647818032,13.428561332906154,3.680845979083125,2.013290347308335,17.541565698126863,3.260404455249210,23.750587690153232
-4.892408886267710,-0.661274781415768,-0.219119342113631,0.260816166160156,6.015381053153645,2.197481953025453,1.592424191168635,12.123628209425862,2.666432698837651,19.680809246289876
-4.127360644064304,-0.748862733578935,-0.213634780744920,0.262523407499647,4.306062818532835,1.887373318862779,1.461259508743455,10.230306460104929,2.351949652011429,17.929588269677318
-3.153783820819676,0.076274935058683,0.262273225191808,0.540362500298250,11.873923738276060,3.321536427305710,1.861832386416661,16.225932644892925,3.088903426395950,23.110073053689298
-5.519403023166760,-1.131944493891509,-0.485683096002380,0.109491636089950,2.154745097511294,1.319252637602639,1.341873456931148,7.351581792796695,2.277063793614966,15.197341917118143
-5.937057568037865,-0.570818208591397,-0.089498339154053,0.267095875223589,4.094711797346688,1.791551274268025,1.356981133671388,7.963624347844460,2.069139323582435,16.116267497701308
-5.180520637674441,-0.994118320732914,-0.382715921107410,0.114061369590529,0.641122092889815,1.117219736030486,1.136778430226184,6.894649907031679,1.852408546579925,15.390087021121991
-5.288209361622499,-0.882992411731692,-0.359017464951331,0.183824461677450,4.369260133514784,1.871997337273592,1.521658401379130,10.891592581988720,2.550301577675073,18.666648931295306
-0.481868946050099,0.886488722317619,0.916132427456777,0.944667332620206,15.574925997934313,4.428911485528795,2.006782787838685,18.701561884157503,3.390348757889010,21.490370331375409
-6.024024271781464,-1.374693275762886,-0.661232118059654,0.011272231159844,0.430869819937810,1.028705511498211,1.303260471068373,7.466658912044339,2.209082145288557,16.104824321181930
-6.422321062089864,-1.208876459305759,-0.544929288891783,0.044435162044289,0.826278726118402,1.047843319837918,1.233136904804840,6.147311853806444,2.054402387696753,14.315177201531474
-6.643734759779541,-0.921378696304872,-0.346645737688296,0.167929587310252,2.140258711540240,1.125546978601272,1.044580659766441,7.448029602725670,2.129654847481545,14.012095995906639
-5.493551755558848,-0.570719305288172,-0.194820807115459,0.233064370284818,5.710091502112958,2.076868633314982,1.477632842329522,11.657816914733461,2.549058815666710,19.589815892934901
-1.000089135941217,0.896488170122641,0.945865179714559,0.907115095568942,14.907424394660550,4.397310711422472,2.124422149400150,16.546216127430103,3.024951919528220,23.208577261717842
-4.879154687652452,-0.994398946999966,-0.398135575699911,0.175185304862931,3.542588372303270,1.713599022449907,1.494452747555020,10.043867231774970,2.461994883344973,17.995247364670497
-4.021191591737896,-0.074400887451178,0.140353479167172,0.441320195637560,10.003367021516622,2.919696118977137,1.709665002671845,14.723803547882186,2.894119510773654,22.142909110394676
-4.560376426059683,-0.871612293607590,-0.316813484293397,0.227181938594302,4.650832067462487,1.949595906144162,1.564700459445791,10.970233682616525,2.564626083722397,18.670056667890329
-5.437601082321741,-0.781265442546583,-0.240104806012145,0.216316711662090,3.669538902958833,1.697880012479339,1.391647261179338,8.004217836519148,2.215265989714153,15.790822509591527
-1.856257455896568,0.427507088804992,0.597544726719024,0.756071037375559,12.510720040178056,3.657436131848081,1.803145107605757,16.042219901585828,3.123881080716496,19.776748603865265
-4.843889216755919,-0.787004911998625,-0.243180097098205,0.238884202564766,4.286132232279781,1.828347078997348,1.460638713980821,8.689492674364873,2.370482029862726,16.185137121142937
-0.999740158382103,0.295843440675780,0.502126498878055,0.728061502888559,13.746190956440726,3.812744349156526,2.025715012832186,17.522950173065045,3.159559498362364,22.920931010785814
-3.414671031285884,-0.522614913003908,-0.065130138975451,0.377139358743906,7.124846083636497,2.473106052568661,1.681887593610967,12.710613139176404,2.695422729162855,19.801010162389396
-4.767525938100512,-0.447402714766699,-0.002418344130489,0.347387556195204,5.768613421757548,2.188733698302252,1.510593695309061,9.433141800235648,2.324211911188817,17.057035796265502
-5.571330319319706,-1.149342574707173,-0.496398714079317,0.109305217894790,2.009701003123722,1.224715815675162,1.285534654368457,7.287691633991345,2.281602940903488,15.039110901349209
-6.991440763607734,-0.592409999748284,-0.122674940218546,0.285705398229136,3.619773213118718,1.442741132175791,1.000056113805488,9.039361189691009,2.173072294770604,14.101699946916034
-5.455179596717066,-1.198250457713877,-0.534903919015745,0.086126575759080,1.671127746007413,1.305500335485826,1.368520855711266,8.440488830512026,2.282915871042826,16.836959152769630
-5.898655777270527,-0.773059193780367,-0.323152937006191,0.163486531752383,4.235603267300915,1.794576293567397,1.418986249791971,10.630969760906099,2.449990592503584,18.658412759729352
-7.510065543639975,-1.495761942573761,-0.743127909712438,-0.181290217537622,-5.941795880264921,-0.297408416661716,0.559457341447962,0.999692510697786,1.000102252560710,10.993952437432545
-10.966817776973691,-1.371286645296475,-0.665829930366406,-0.176404810755484,-4.523929433709784,-0.276236950305281,0.599777146549357,1.000088212015657,1.000101641631900,10.739785516089460
-6.994046343896756,-1.569874910081253,-0.791168740743416,-0.078477470515116,-1.543450183113352,0.412141593343699,1.040931143354370,4.650185183822417,1.952659338561736,13.405474000850523
-8.509586770889435,-1.855761172477175,-0.993317258459540,-0.293838642260809,-7.192667883025594,-0.677868890908334,0.548030474160334,0.181873669275876,1.087866413358588,10.720377317609524
-7.849592749644920,-1.830814322782968,-0.973314422683419,-0.203509173061486,-4.084515602635635,-0.118160160601497,0.877571033363243,2.843476509936908,1.690266479664119,12.460335552471298
-10.321715312529513,-0.999859417487940,-0.415551300126781,0.068728106217631,-0.999951253556220,0.314697215289195,0.490993678549834,5.538346907222591,1.563426718145211,10.748543305837535
-7.791036748399314,-1.838021510772826,-0.977322303879951,-0.210533067305119,-4.326786258700624,-0.126437989676936,0.879434264066687,2.834908717530413,1.658086596543603,12.632387542972543
-7.538651694985361,-1.796048067563319,-0.947841261358312,-0.184746553831807,-3.706798065238787,0.022680578616240,0.945574665829958,3.429413229655938,1.748016386851633,13.067945388408253
-5.604314051715882,-1.045159870852861,-0.420632883326687,0.057643426089027,-0.999644619930338,0.784129299010297,0.960444301085414,5.297148608726717,1.568136845141966,14.069223311074785
-9.256349645529504,-1.958943680697222,-1.069913207317301,-0.296064531293251,-6.319419293366311,-0.718865572980411,0.571210654030106,0.585313383443224,1.327811888588277,10.448923638812067
-7.813102283059955,-1.654773793380432,-0.868709237246137,-0.152674731793623,-2.604679389512286,0.301248601427739,1.033457434666862,4.042892903020162,1.813202663311182,12.809324947936267
-6.091231373530853,-1.349840135740009,-0.632675522676190,-0.006749047773667,-0.866004154653525,0.748313074502329,1.123631220157219,5.983174666667354,1.905285249951733,15.023490286528846
-7.043815982825016,-1.693947113225903,-0.881818690184958,-0.125125538572283,-2.064115881927366,0.411969635073243,1.118895357704313,4.899960744660961,1.988318029796565,13.938696587835585
-10.025808973236906,-1.935080593664526,-1.109690032265769,-0.358662916724147,-6.520596823360053,-0.535462054934533,0.692588014112755,1.574927483554733,1.365904857804756,10.910902433256984
-6.196039999728391,-1.436986315958140,-0.698677976300064,-0.019473179932622,-0.428260519882544,0.831410545502601,1.223171287343514,6.608206403626513,2.088459346339446,15.507766480486003
-8.960659116530572,-1.633089305450845,-0.914867653274919,-0.230224855687037,-3.797167725466353,0.086123564094601,0.887074687008512,4.164634083085717,1.674367384123260,13.232517032977062
-6.783910312479883,-1.595135613327658,-0.809613411626763,-0.081305165050689,-1.328250883036959,0.522847211314863,1.127512513512891,5.066430884570069,2.025911870793662,13.850059822825079
-9.732475732759688,-1.888819880416548,-1.077106162513724,-0.331291359635638,-5.935182366936148,-0.397546406409666,0.746749664257247,2.138964803967257,1.447126672935228,11.407925132058955
-6.575932098342911,-1.533127564821500,-0.775353491395155,-0.058700152690216,-0.748760525921854,0.761066934086182,1.233236572134078,6.469441371213280,2.124970195468579,15.284683200446244
-8.742659372512612,-1.621759788763810,-0.901269156877423,-0.212761181470069,-3.446918876218889,0.167747886312122,0.928208262030542,4.461717754622372,1.727933244628334,13.464528389975390
-7.312614546093194,-1.738755634602345,-0.908813231290196,-0.149677324756170,-2.803743182676159,0.189452538714812,1.010914921428962,3.989082077820728,1.867967125242137,13.257221609229424
-7.346183354733093,-1.590680041747464,-0.837320282813290,-0.115688121035452,-1.603599050545996,0.585519039602568,1.157436526503784,5.894662038996318,2.025433602659655,14.650912116704040
-10.321248591698591,-1.613389915670939,-0.951455330339120,-0.329473223050122,-5.801951254056577,-0.409280860965202,0.594196844415933,2.350300607305587,1.311712062285290,12.001923436170449
-7.196738732637137,-1.664854462511412,-0.854227213724909,-0.146369853801540,-3.440126117411866,0.140867658893379,0.940835075803833,3.745419791725328,1.683872330725118,13.427314240820925
-10.658219165494337,-1.492752470157077,-0.758723765097873,-0.137810968513470,-4.265819746862009,-0.432253716298055,0.376627088453655,2.299912887927734,1.298139344242768,9.602702272523180
-7.838518266450933,-1.521143742931766,-0.773359919927704,-0.113200291980593,-2.085246135690910,0.400920042599390,1.024433487934171,4.045253182508519,1.762308320638139,12.707180285121131
-9.927967610699746,-1.936474099168830,-1.093281339414372,-0.343845887127517,-6.376207413989620,-0.531243009592137,0.700562360310490,1.246040953494786,1.343750816460274,10.525848556284364
-7.907695730775693,-1.846187173747313,-0.982823833887853,-0.225292013435418,-4.826640330710804,-0.220082535460327,0.827594428890216,2.427100104523890,1.565710894307054,12.398115630471926
-7.659231221407488,-1.252559220513539,-0.580029724381567,-0.020372488921582,-0.720663414778870,0.689954131062259,1.059868485400310,4.625568883033894,1.747867664013905,13.191931681809029
-9.753981074299027,-1.928708158789016,-1.092726490499228,-0.336714573144584,-6.128991932511214,-0.457152470441022,0.736460867993098,1.702775897527931,1.411666418395926,10.965231934009813
-7.802006236072664,-1.357862865351076,-0.721734546824120,-0.093334612691437,-0.999577186341754,0.700542972502015,1.095085479469827,6.523737115647849,1.974877400216910,15.229524344513726
-8.286877985529458,-1.390097878595195,-0.680527497136622,-0.090002596509665,-2.013541252643110,0.395200291781003,0.961651770207582,3.666924926275714,1.616093367495834,12.424030691717354
-10.477629864636867,-1.967575593906055,-1.142389531057637,-0.395699767999709,-7.275678146383031,-0.708091152759414,0.609964063249341,0.984634312643652,1.257137607817770,10.436023263820408
-6.717733451132062,-1.575353192952407,-0.796871589666271,-0.073170580647720,-1.118822962011565,0.582046128574441,1.151991707754944,5.249142816379093,2.049114638139327,13.957085992332969
-12.094300542153626,-1.671355508494674,-0.888572678197209,-0.238103984884355,-6.404128444289428,-0.945278660334799,0.142624543320164,0.571340073888836,0.999662305878120,8.047305828808140
-10.051467745352731,-1.932542907422973,-1.088721948687100,-0.346866353703368,-6.505694048902685,-0.571397660809629,0.677026695639706,0.999544946937976,1.300313660514833,10.293845215430116
-6.936905013051273,-1.511757583723635,-0.759601048494012,-0.068065505681745,-1.000445475259427,0.642584873314499,1.154808471850306,5.196085123357465,1.998371523244595,13.716544704555877
-5.426146189730552,-0.999919823814576,-0.388541664515346,0.080947576772782,-0.517636323273395,0.888189212498995,0.997659974131122,5.708983492586230,1.621098872373961,14.359352601850224
-7.502683946621453,-1.769666448989667,-0.928568818628144,-0.182455366452378,-3.879270251386630,0.009849926608248,0.922928562879467,3.342518163265356,1.691662500526087,13.092017141285970
-8.612170469745003,-1.152135053274699,-0.638106007493185,-0.120263516952649,-1.427666158395711,0.524958026516865,0.890808528068523,5.830167372343071,1.752050399377516,15.102824093430405
-7.807840160304785,-1.820443635826839,-0.966079433335307,-0.197801047699145,-3.954760176807782,-0.091608974260060,0.887392217093274,2.939451776047394,1.706358877108892,12.511930102418551
-5.732803063611392,-1.021317233300942,-0.406715924297946,0.040055193688062,-1.786266379040514,0.638285924241765,0.853128059049626,4.451694824318610,1.383833126303243,13.271297374146576
-6.980893185238493,-1.626262578161629,-0.844372010336514,-0.104316131936352,-1.520013197483423,0.584685201379551,1.180413237028721,5.766601927898863,2.056631674956369,14.640148769101875
-9.800947368548798,-1.551188625440650,-0.899262450316303,-0.278586046954694,-4.747694028863181,-0.165834676330951,0.700451000703205,3.267973583485047,1.454321450197407,12.724608262573900
-9.191996160936391,-0.999920200786093,-0.395577154705003,0.014688310627229,-0.960644881274790,0.566875055821663,0.894175138570639,3.758431408536000,1.382909208825250,13.083117741477002
-7.102591154181411,-1.686923576203479,-0.880906356967978,-0.126161023322051,-1.993650165854207,0.442857993941709,1.132410083946424,5.017240607157975,1.998519668019563,13.960179635371565
-8.930835095193899,-1.275516173507512,-0.597646666230611,-0.075034295036828,-2.131634420449247,0.337624438436288,0.882436778251942,3.206548999846449,1.446306215476957,12.222009523180082
-10.438128390593377,-1.274040486607821,-0.606370042243660,-0.044601924151063,-2.741171625855829,-0.088798384459315,0.437042436393102,3.754937865568751,1.427689458341737,10.164063504142183
-10.826391419633097,-1.869031318446026,-1.105395445295495,-0.407098051300069,-7.453640062923684,-0.755037848365510,0.529293435337748,1.000136156575240,1.183906342211321,10.627931623753062
-7.253080465865999,-1.578724897769850,-0.827379721439648,-0.107228411343631,-1.445955801676975,0.620337451672776,1.171464502141677,6.025760826446730,2.044806784593765,14.767422005204827
-8.749952413333709,-1.567378740586196,-0.871437121937851,-0.202548051383628,-3.223952665846356,0.211352589566368,0.924224287170608,4.656079091381047,1.731263448258980,13.664199507624522
-11.193068399064153,-1.430465310332111,-0.886257522010168,-0.382309214714471,-6.856882201361374,-0.738739423562640,0.319587850158832,1.000074457603079,1.000382061184352,11.549157371678410
-9.460772388277412,-1.886485961111919,-1.065214001135656,-0.311951461739193,-5.567367836378027,-0.318714387099467,0.792266836169611,2.334705575212967,1.501081324281879,11.539997004373168
-9.365663090835739,-1.030165952086910,-0.601889756936236,-0.171595223691622,-2.415282827171497,0.223431904870581,0.663841120734231,4.552155159824638,1.489727757795556,14.634221238809976
-9.247656893514900,-1.797209545560200,-1.013573294320664,-0.281914862168803,-4.893998885860812,-0.155908249840428,0.836295272478289,3.125001006556135,1.581328696338558,12.274855788976543
-9.054581853228342,-1.839050145893253,-0.987050905586057,-0.241069806472350,-5.264904811195040,-0.516573919935416,0.616122946555344,1.375522186269267,1.427055777438353,10.765079424677429
-7.709561197263206,-1.561180146008593,-0.789143022019000,-0.096588222208063,-2.279755390113907,0.171025805527969,0.874851354249441,3.841449270416194,1.787639191133382,12.466383447269669
-7.407596174250678,-1.651118076987531,-0.873396061228391,-0.134303085785953,-2.001106556315450,0.489111182765848,1.135590592355604,5.446878782030966,1.992371459835715,14.282933715367681
-7.231495407505705,-1.526160729675519,-0.762407363680180,-0.069953056501939,-1.596698587537391,0.355379744427162,0.973215489395593,4.458829182564886,1.897565761044158,13.052754279673769
-8.444360558798827,-1.444976811749208,-0.792990093797997,-0.156911912639349,-2.275322376037253,0.412785317728145,0.975425671213374,5.441086615347091,1.813548467987248,14.367327173306768
-19.508058373794910,-2.512954602307605,-1.513840086843371,-0.898580236530922,-18.980546436371014,-3.851572707808265,-0.837379560224810,-10.643453436959460,-0.917386573660918,1.000129964928822
-18.569623874005295,-2.579706086352299,-1.574476747771837,-0.907624867053317,-18.895795030882141,-3.731600579575938,-0.751862447413080,-10.315160339820478,-0.763061108589076,0.999360500354959
-14.535729344920881,-2.019491930490378,-1.146966933904743,-0.540100908636190,-11.522193274813391,-1.935804738912515,-0.018405257670478,-4.426120039976594,0.195804781141438,6.079804542092807
-18.795896000545305,-2.458980912207923,-1.474453791346620,-0.854615318064620,-18.046764053119887,-3.598794499138946,-0.724959745708111,-9.848566450870306,-0.763741327744548,1.633215055796830
-15.808963214358428,-2.206609295911757,-1.457800352888988,-0.864148921736682,-17.103516217425408,-3.094409791724721,-0.618752238740607,-7.700653109857155,-0.304889639416361,4.012756027838526
-14.057273599440201,-2.737320417867481,-1.649587101733863,-0.838846671918156,-18.798555342545740,-3.346466748070617,-0.631292341247877,-10.521375679111726,-0.558972801455992,2.208719080637712
-14.709806994840449,-2.325032698051082,-1.471683639866434,-0.766056681387967,-15.051195392047932,-2.553743101818205,-0.254790560421424,-5.678596227103112,0.112706049456118,5.073098197069731
-11.359196635222226,-1.987344943423536,-1.129653536260718,-0.419294299752979,-8.276021454594003,-1.023381962437802,0.454342456275082,-0.903855309744541,0.948871622336727,8.677953758454356
-11.034782655145598,-2.299963552383209,-1.319082289284954,-0.550644686299212,-12.573020668982851,-1.935422504477720,0.022421688457553,-4.773481148355485,0.373122636777525,6.889688749558678
-15.747767105344913,-2.208875360176538,-1.290389798175970,-0.656824526488896,-13.828416068935100,-2.488483893316206,-0.236601567884225,-6.237072202306946,-0.088199934843875,4.515132063889558
-9.710457518896405,-2.125617936023594,-1.186457242449535,-0.405641465575557,-8.985907384276631,-1.184239167023327,0.394681727736228,-1.469464770025139,0.957657600604877,9.429137688116958
-13.560653424102021,-1.989702830095714,-1.116335399530343,-0.400474574578750,-9.567034260650418,-1.674549255314736,-0.125065947747930,-2.178558700889039,0.607810971336880,6.145349907567157
-15.107111303669711,-2.879538100559607,-1.755753050053883,-0.916719867316677,-20.285806482756470,-3.729966198157405,-0.801263633977583,-11.882000979468740,-0.765102922738860,0.999594726580431
-13.661200489266115,-1.822559729392269,-0.999733474437297,-0.328593028531564,-8.413712897668576,-1.429122138953551,-0.101207113079998,-0.999954479495114,0.696800946189564,6.444094430070328
-17.036339672334513,-2.777326361326780,-1.685809070541416,-0.828005013606265,-18.071958194269087,-3.559478840313778,-0.838867555494407,-9.746839639757992,-0.504376996840170,1.000366854722875
-17.797440308430790,-2.223197025139693,-1.292351248857290,-0.719640992078100,-15.490043780128646,-3.009636937382622,-0.502179885199051,-7.907188012095288,-0.495446382821982,3.498765509419007
-11.866292001134511,-1.819382866815473,-0.999904255977081,-0.374103670769579,-7.868132756929301,-1.000379606227119,0.396321424729530,-1.193609912539740,0.799484530256366,8.569313956916352
-11.607779636118238,-1.871046047768798,-1.133947212245426,-0.468370191222320,-8.720757793107284,-1.065381068568576,0.353919345248567,-0.122598063734228,0.966142843857520,9.850128339094402
-14.423496552190556,-2.197613681955047,-1.287038149488509,-0.611546467323920,-12.608523461196798,-2.124670407422292,-0.049396281035896,-4.928158062118440,0.205428199434189,5.430945827321812
-12.808773830219707,-2.390502565471621,-1.419546588257503,-0.789302314250460,-19.334236902982468,-3.160199010226555,-0.748060265514314,-11.273016941155459,-0.956862373543777,1.238410809465000
-11.759473913652762,-2.094443239448462,-1.215761445784046,-0.477870091891097,-9.320861430812558,-1.242625017893707,0.380590471717673,-1.493627497396188,0.871188178426399,8.195548421064251
-13.216696389841381,-2.030942857968938,-1.274017251876980,-0.619193071029168,-11.900529677212946,-1.819919845511626,0.009153768194200,-2.936164549570760,0.507054977851299,7.617092064625018
-15.494642620531430,-2.594046030056478,-1.548936648749430,-0.714204536175515,-15.652382685753880,-2.997943827374604,-0.566285925318863,-7.653582119317560,-0.130318731047614,2.883342765717321
-16.605947142433905,-2.468437740592591,-1.611388812013870,-0.940414545190234,-18.754819691074545,-3.460284108015229,-0.692975679185314,-8.980305755712591,-0.455842923748534,2.463623883577162
-17.592505836697292,-2.567395505593287,-1.694258099051854,-1.031762306416787,-20.706856097720447,-3.941199883164848,-0.913571567056912,-10.728635126211527,-0.749506709830827,1.000353330524268
-9.795340582308235,-2.058130323667958,-1.141349049940461,-0.353506632396909,-7.574383752170208,-0.999622021724071,0.456253192164954,-0.485890043917960,1.159796961932246,9.697435392134031
-13.655007182647715,-2.320451736814471,-1.400240392639547,-0.648931418103485,-12.821586189748247,-2.059137213752584,0.031280551002987,-4.266777189395226,0.406598748460352,5.894683849498795
-9.215507629271677,-2.016376082148127,-1.108298088141912,-0.366408665258969,-8.480775606783597,-1.007284202340833,0.440097134702747,-0.975968809375627,0.968999496690637,9.861556348589493
-12.329371070769007,-2.412944516320052,-1.418005303988271,-0.712289512844588,-16.926644302838781,-2.763530013595349,-0.454846252729134,-8.898658099187243,-0.431044388994478,3.468000653978953
-10.428870129836731,-2.059934709321023,-1.147355962335200,-0.368793038545383,-8.026209209085438,-1.158644808523141,0.343860910726746,-0.999673591149884,1.052163572396489,8.972313078219605
-9.111032202608591,-1.852071628933453,-1.000138689521169,-0.366694355776066,-9.626916646462236,-1.134721485801981,0.250793983469836,-2.237739922509844,0.580146263643696,8.665179652593002
-14.257792568061056,-2.301237780271346,-1.337236954830177,-0.553167397417771,-12.410831096260837,-2.290806726951195,-0.300249292859909,-4.774656046476947,0.292889341070337,4.797376018750702
-17.909164935387167,-2.521690371550075,-1.530999976915814,-0.861708194002595,-17.922813479671504,-3.477822052909060,-0.639918878572117,-9.481904309718812,-0.610359125961447,1.688697643585447
-13.085996770476946,-2.015237580904631,-1.261304152871234,-0.606627345378566,-11.634187094063579,-1.756931311800875,0.036707826959869,-2.701571204716357,0.544367640288524,7.809536010543530
-15.073404956985136,-2.040334439706452,-1.161241286575193,-0.564835009452347,-12.108951198581851,-2.098412734222171,-0.095523349155160,-4.975747740674491,0.080449126719856,5.692597891467022
-15.079139975364434,-2.413202884607768,-1.462649999770432,-0.731878401211475,-14.776610977729776,-2.579235665774652,-0.207976147742174,-6.275463177718235,0.041988688115097,4.198410517121209
-14.415020074136585,-2.736114640410511,-1.644721175387055,-0.790094235532904,-17.219174872112717,-3.169108207181145,-0.528987874894386,-9.092711792585545,-0.264966504041075,2.974659480029350
-12.906884579033211,-1.793130853711188,-1.140844834595241,-0.571737151123577,-10.873444677860791,-1.628718954149206,-0.001436438345863,-2.274912328273684,0.539759958556237,8.611948863400874
-12.412860839506564,-2.475565389005753,-1.448228795353714,-0.618380954878524,-13.477084059784717,-2.309247402856732,-0.121714870862182,-5.698780180091672,0.307032410671278,5.804532862502134
-16.621051130057992,-2.258988669370079,-1.326096833623186,-0.703995482873566,-14.889040212307465,-2.776679741567980,-0.368682483343340,-7.193970644879284,-0.278677583913209,3.793369043688420
-9.600885588397382,-1.945066309098654,-1.068510322071236,-0.421347989079708,-10.775828541465048,-1.391704999227704,0.144312692443054,-3.277585779823722,0.428940123045388,7.876242390664748
-15.268210383766903,-1.831651648977526,-1.000013139991071,-0.482721534371067,-10.847467730880341,-1.872474132914219,-0.054135193700939,-4.232679124268442,0.084077898288324,6.711400802278723
-17.438122350366505,-2.698993691239888,-1.729414858189873,-0.992853358543430,-19.984162854519127,-3.774908521655880,-0.748505548475871,-10.185732315951141,-0.606930358040470,1.000333429367464
-10.597351667232452,-2.167755893367042,-1.222236233015510,-0.422571320340610,-9.115348859502094,-1.362269354537736,0.291261499189397,-1.862606246799044,0.935311000151012,8.603978259854562
-11.893909304320815,-2.064160783065492,-1.241874082361266,-0.514249991974945,-9.727691560458881,-1.281003219890144,0.332012180555183,-1.030039044848036,0.894333279751974,8.841927532142796
-12.629177260864154,-2.452938151200577,-1.449677708754824,-0.745582052244560,-17.696334590779657,-2.922999133598131,-0.536157847177079,-9.618277757751356,-0.557489885455466,2.867664664918726
-11.045190015493063,-2.126524392632665,-1.213728872770229,-0.590452621612315,-14.919115103025776,-2.234138860905040,-0.295824822999472,-7.185207472577714,-0.266307632996997,4.623778234141360
-10.410968604339430,-2.098475309932515,-1.173532295621777,-0.385738826386465,-8.343174596070641,-1.210452016532051,0.339971276297914,-1.235641110177040,1.026815961330508,8.933911240721732
-16.460424444541864,-2.470315837761096,-1.465330882454273,-0.665563718950321,-14.952190225211440,-2.911500404677631,-0.644118177834225,-6.822125638684055,-0.132354640263293,2.518009953085771
-10.394592990739852,-2.099941839210862,-1.181831812661500,-0.506585668903433,-12.489261060920230,-1.786050367129269,-0.011902979828871,-4.817085176322463,0.215630614005848,6.719462694611030
-13.624549662020165,-2.220318686609767,-1.381372261397485,-0.667877217524263,-12.966769200939895,-2.052049320808854,-0.024944598613068,-3.843724277735516,0.419345695013721,6.570160390030486
-22.877152196496453,-3.112931965914121,-1.999716094911104,-1.308700218268710,-27.026062230202569,-5.748736323222749,-1.626956301620413,-16.916542296817408,-1.879531993768198,-4.888931732662792
-19.842452370776002,-3.412770799461935,-2.162125998149917,-1.244809703739244,-26.849900326372051,-5.341659640422185,-1.603928266346403,-17.822740267860819,-1.810188988282318,-4.699475535665096
-20.752759631276419,-2.786429817121192,-1.731225110168009,-1.068196925256687,-22.243375999363025,-4.602715282463270,-1.134596397345213,-13.132394137859235,-1.273997097955190,-1.388129136658330
-21.070748924973103,-3.047196422395041,-2.007658392887635,-1.296243271722268,-26.455101550913355,-5.417097617995372,-1.495058171639981,-15.923407028994474,-1.607006134578590,-3.979124383976336
-19.069477332488461,-2.866131180179738,-1.845959798215105,-1.110963205431595,-22.573085687311050,-4.449213143513822,-1.039310719915778,-12.593676281379841,-1.023683693963358,-1.142630682745386
-21.125927220418177,-3.641137815376764,-2.352755416220904,-1.469231386069183,-31.896175480290026,-6.260115689172798,-2.099999749006453,-22.628263179848499,-2.707139886825589,-8.569574082202388
-18.412311464836229,-3.310011819554838,-2.100283897776892,-1.274434882484812,-28.262845393112286,-5.361744837070949,-1.657102449972776,-19.312174838114299,-2.123871388081900,-5.350844413643125
-20.125110576601479,-2.684952837502795,-1.650749618916733,-0.999713674752474,-20.891185331940846,-4.278600583511283,-1.000249561461485,-12.070449177075245,-1.106984774180384,-0.410101506343262
-20.364817541963099,-2.900185928219929,-1.836770209407853,-1.127549769445866,-23.211263448629097,-4.732711471743519,-1.165975938540886,-13.613918543934842,-1.265597120154874,-2.016969159623892
-19.107683097033970,-2.853444200827222,-1.819304099942739,-1.085338111570804,-22.130486770159450,-4.376497146123709,-0.999776879166888,-12.385043459000697,-1.000564897880238,-1.000056054270994
-19.940539506422176,-2.902028819707862,-1.921429575321498,-1.225928895383904,-24.898532489010449,-4.992487560429124,-1.333600843122458,-14.460009068143433,-1.355609616010204,-2.525830480426459
-25.802951406529932,-3.436102303408562,-2.286646324815949,-1.617409061512692,-33.290149466737489,-7.315925043297758,-2.361345276726950,-22.112384661366956,-2.784258412598536,-9.689758163130984
-26.217833725131321,-3.468322286656386,-2.350866758579323,-1.713450850403682,-35.225215827896818,-7.767784753922788,-2.611661069977685,-23.756395343525366,-3.065094101528774,-11.169314887183754
-20.068723059824940,-2.866812699867407,-1.917332883994994,-1.249768245617092,-25.381295015307160,-5.109676367293629,-1.419239918969264,-14.894025632454385,-1.444072226900332,-2.743664398282244
-24.572144872688554,-3.351959080767036,-2.237586181822638,-1.558015027038288,-32.014419339126789,-6.914696600324822,-2.182003282119148,-20.917881998425951,-2.529145626467420,-8.538730542118481
-16.868759707625181,-3.099271905717730,-1.922820156990680,-1.053570196477472,-23.068050299415290,-4.396760456122598,-1.121359297256288,-14.425786141827599,-1.193563340211730,-1.284088172202241
-23.679479570672456,-3.246070779755157,-2.121837134653244,-1.425012996416291,-29.335907132499869,-6.283439871413838,-1.869483891492420,-18.732947691303718,-2.164904294676713,-6.577337392352883
-14.848325337659737,-2.726053120024486,-1.674454000183470,-0.999964178730795,-23.586429638226377,-4.106236707642955,-1.173945834020899,-15.155302758180381,-1.571505372603268,-1.931401836621143
-21.016416993071537,-2.907299161763443,-1.973233470128617,-1.344357867362103,-27.386549633375239,-5.623931097868235,-1.690191047518863,-16.747070047728311,-1.781955517954119,-4.215691011040287
-23.400476012870080,-3.199611121562584,-2.173094760474119,-1.529331036652591,-31.335910408529458,-6.661941448493073,-2.126202003817770,-20.253478188608948,-2.392837334706648,-7.653456206991899
-22.295414003293217,-3.701370985550048,-2.387301568851357,-1.447211982443717,-30.993701554091388,-6.255007200110930,-2.087882929504780,-21.612963046228980,-2.527700133789507,-8.263759646420107
-16.389281292705178,-3.030004297640788,-1.868916527244126,-1.000379448151575,-21.882829313084073,-4.152946655512926,-0.999908687652368,-13.335377134841520,-0.999683970188924,-0.397211283138285
-19.443501802204061,-3.442952307386549,-2.199943453517700,-1.345923470960346,-29.552301036822598,-5.696683583528459,-1.811967389679523,-20.478905265721846,-2.315394676041974,-6.460092943127046
