0.999756475453312,1.192874651510593,1.192544042058414,1.089223642073072,21.044360603583563,4.745761251693685,1.965002043302766,21.991571243305788,3.886302508872626,24.090858315653492
3.055541451301581,1.829224047310098,1.680757336481009,1.364651704973268,26.359739274721825,5.677534186834918,2.194093104727282,25.255814134102497,4.255785217553400,25.496057459979937
3.060156476304899,1.915128818518254,1.706452845229111,1.377688625559490,22.470935872664519,6.096323916172479,2.437674777136447,20.407741157077300,3.719844672562872,25.647875296290664
0.262587568642674,1.065911955166885,0.999612074857113,0.999742787065200,17.150738283627994,5.068660178663271,2.267431074736622,16.159207117436569,3.260156875809622,24.492636752105824
0.999767247303511,1.000131552222801,1.000392182603515,0.999933750003247,19.099474552720189,4.497931803617781,2.003148934850629,20.154639127209766,3.527162681048442,23.259113530001031
2.036716998537502,1.449628703951993,1.274983423247049,1.176976102394524,19.963393870998495,5.707070800359239,2.457183247554635,18.301979926735346,3.562798268095658,25.797840307243320
3.196420703188453,2.022685112324074,1.801126245763345,1.420183722845594,23.032460176804740,6.216142965728117,2.433557569798326,20.881028601894133,3.745647005732008,25.662926963292392
1.854719894944411,1.491933167946787,1.431012432699477,1.216546793595889,23.474992349922765,5.163538426796328,2.041765190997824,23.594620885796719,4.086907040362200,24.705412122652803
0.673028345748707,0.999688188617177,0.999981032160583,1.000150492637921,16.546225449654095,4.689903056724410,2.210642576269030,16.025035281728112,3.269103974865030,23.799442785849038
3.474053118912297,1.957660696261471,1.643878991909952,1.383616149915712,23.276666529584851,6.623746053107502,2.624253075452394,20.778558327774437,3.841399312881383,27.151597189483624
3.948054825674619,2.149124112304745,1.783535734216744,1.459108286417575,24.440964159697934,6.975957803769879,2.678040866930851,21.690592153673112,3.935715048898683,27.618439708846978
1.235198254977989,1.448277765027160,1.408360587963514,1.183040432948435,19.104746377141375,5.199676833212556,2.194823132783355,17.948232540333908,3.393384619793417,23.839165562706768
3.033756366493707,1.730911055670113,1.484635071260561,1.298279230547040,21.847994452096238,6.153291589002733,2.554674688425990,19.727860726006458,3.735981030175329,26.505913175971983
2.908997994016930,1.701833797003391,1.461317902472085,1.284870437692496,21.659044276039459,6.120240421692805,2.546351495205128,19.576682318717719,3.717261577259102,26.456764272844708
3.343041629628077,1.941756893300749,1.705420300455145,1.389620116446196,22.789133872416961,6.210183434973415,2.490817786082352,20.604318023298180,3.769073322577374,26.019313969680439
1.000100813339872,1.265391222963640,1.246189780990615,1.109028688599060,18.047467621372881,4.978989924510400,2.194471938026691,17.139969999361444,3.340259145687786,23.760143145877265
5.735048988118495,2.656377630770559,2.190009819298352,1.676263504024358,27.370488127487853,7.498551133820142,2.765873908315226,24.114790907150752,4.176853133889913,28.143589053303828
2.109826766434731,1.458959755913597,1.377275189468496,1.209157044042219,23.406923931552889,5.203068262026490,2.127123413290742,23.286435052264910,3.996595071788584,24.816201498135257
2.926068184923837,1.913807997517604,1.717732484166389,1.376346613991663,22.373843113263867,6.053870187369809,2.410151078749493,20.361409817425358,3.697371034597983,25.463187495811468
3.506556996656387,2.073836163825038,1.823454502438183,1.441884632649834,23.462850479294936,6.348041110464520,2.481834992867629,21.176597086983026,3.798492453132160,26.004162675557637
1.674439564824825,1.270563872491084,1.156929497793798,1.110215188903582,18.709864167547700,5.310577973375294,2.385372851185708,17.470535787716887,3.472012086614343,25.160168920745974
1.779783420004621,1.369330845043351,1.271718869186822,1.154626328423076,19.109634079080116,5.314440670594634,2.338811169751243,17.850845176670948,3.481805425700707,24.796992759952246
2.568353611916004,1.552528340518566,1.436567183463984,1.240786967606456,23.840702432939260,5.289130811263717,2.166880268240012,23.257076651080258,3.929399040731256,24.652295141132043
2.313902844758603,1.616575683389787,1.475518889000633,1.256191772878342,20.616348044756798,5.649916341397478,2.372193233602271,18.987112657800555,3.583040200604452,25.097731688930509
2.558851728338214,1.595115665750512,1.480608447553006,1.265852383150991,24.464953062292842,5.384929465313333,2.171815073390879,23.882510748398904,4.053983495808715,25.030630384182956
2.402338805944625,1.713440365831063,1.614960925579919,1.307055119125980,25.135192622836463,5.431759586485312,2.068912013541382,24.726519806917924,4.234070783909719,25.018233319894676
-5.677184334276474,-1.144091667035235,-0.618263129263237,0.056016599468525,0.178601095295539,1.039206156808091,1.215747549877551,7.213672860674099,1.921794557652388,16.760279570266363
-6.352322237202641,-0.835011078245329,-0.204764564218569,0.190396643443142,1.517562031131638,1.119413552795016,1.130561927839275,5.707537661983413,1.814961464387484,15.666872513498475
-6.806557265187491,-0.414273373931271,0.260978957694420,0.363112287322477,4.172018449922325,1.514350952653969,0.999836248970977,7.153123588890556,1.833599772927024,15.058920564510601
-2.443402793847694,-0.077437468646507,0.194644546034192,0.464547652651459,7.580483465746545,2.437035725358036,1.394232876316364,11.819137004111969,2.316751283657816,17.796670673088698
-4.590320054894645,-0.528378243128029,-0.129904694892309,0.315934233164028,5.815903349829204,1.831263399227530,1.291277892875374,11.377218917810826,2.539330122267422,18.829225793631423
-5.271762557109737,-1.026549655868695,-0.535587317721132,0.111420491208544,1.351993937346014,1.265312820839106,1.279258875970962,8.101198869602360,2.039213106038877,17.327131801599791
-5.416390025721865,-1.006814968276859,-0.491341289912069,0.136920401835396,1.364479584826290,1.223780009709776,1.409175343605987,6.227959786071286,2.008831258311422,17.759437288448026
-8.721197616036489,-0.902088532546850,-0.363909511043982,0.059654754160142,0.999977790206321,1.000385928458512,1.000340429302474,4.091082817042964,1.459821506237319,15.144468287978867
-2.071522261875783,0.098384251226203,0.287698104047034,0.607279163427940,10.284932756218131,3.267898630727784,1.938365423833730,11.591820833873118,2.736672569139714,21.797370864257715
-3.447430858865443,-0.295147384347048,-0.004018764607157,0.431752547435921,7.272654932251816,2.547415941078667,1.759247789563543,9.539276598339217,2.457524069683729,20.495318613313344
-4.072982943282964,0.028567725954855,0.383129454993191,0.483250037606790,8.179686338889587,2.073453897622740,1.000399596208165,13.233107000584784,2.770876671842426,17.596270532667319
-6.943396161880925,-0.582763577115565,-0.153363170125068,0.226113696477036,3.955214792781680,1.748955613253783,1.278182146667886,6.350190450549992,1.828197087411092,17.201355295631885
-6.576823692093837,-0.560006308083694,0.095331401473004,0.302761363375732,3.250208186960526,1.380034634293387,1.051418287094817,6.604437150117936,1.832089036763549,15.279430715082668
-6.261008787017870,-1.096783717663098,-0.593592906813879,0.069408619537467,0.834760688558253,1.005270999168991,1.347196651279388,5.371263291277690,1.866798773326292,17.554148839169926
-1.316681591347573,0.680446797291027,0.871568737458517,0.858186335688649,13.546054371996865,3.843388826492109,1.864477065023894,13.938017939203593,2.899724877480236,21.300941410675620
-5.464235634929379,-0.668214959980618,-0.265808531624526,0.239579354124700,4.054938751991335,1.754204701379513,1.480295049623221,7.017902916131523,2.056999379612464,18.539207515415256
-5.827887884203461,-0.537073354928439,-0.148831195442051,0.273849783064746,4.758329307482745,1.931190276907620,1.435921402054193,7.171140216975194,2.017237238477469,18.285193884567349
-4.688137501012916,0.054440815267564,0.543942120783965,0.575914274275170,8.127884185600101,2.459297099334562,1.332686115378864,10.027038323481026,2.264216320365308,17.497252827475307
-4.407659924034204,-0.729380619099533,-0.322290610543948,0.258654704170205,4.671905514915670,1.829531427493129,1.444697401380818,10.628371491632908,2.421109831289294,19.155452865485387
-5.340552830320147,-0.924277278997511,-0.417212522236137,0.083034220837004,-0.066931034821176,1.000307842327493,0.999467540384534,6.515450742227775,1.646307067723023,14.683203352684728
-2.609242615614802,-0.070212309332072,0.163242039096969,0.534196845003389,9.010507947330188,2.962074034755907,1.867139667921309,10.747198889486487,2.626012284276951,21.267025288046312
-1.453947165567525,0.185537025237159,0.372061739588594,0.647510077541794,12.173347118591982,3.284244670289389,1.740643362641650,15.647613000923759,2.973325706899829,21.196247156804674
-3.851396561507242,-0.518608825857611,-0.134675964682336,0.281270017856412,4.100932065485813,1.800771366230527,1.257810763834372,9.577070673666942,2.067584841175038,16.799478941264596
-0.999684920814543,0.888908683833228,0.886918424849311,0.907067408796689,15.624204137586480,4.745976432166535,2.119807446600718,14.979837756300714,3.055929067862391,23.522365111406117
-3.382883946726919,-0.182979438695726,0.080542725525471,0.470548975543946,8.059469122188238,2.739569617222606,1.777276244006211,9.901944098161795,2.484655440573875,20.680301138303463
-5.326888187359755,-0.704418707661124,-0.298113290893914,0.231978311662993,3.871721255087527,1.714803716842403,1.497849536851186,7.030403393276477,2.077207022784283,18.647502396579881
-5.024835727955759,-0.640310032912223,-0.252874333918887,0.263658296535568,4.421259098648056,1.850942105936751,1.542226357003841,7.435522625940810,2.139532591506041,18.964027466305339
-2.488296587726834,-0.017177168326781,0.236555614532669,0.566939041460214,10.873585171948411,2.928919711275305,1.628697280518466,15.052063052004048,2.998523050068337,21.151621413342497
-0.275130008941785,0.873529004860070,0.969547191699727,0.943745869437047,15.222163581362770,4.288868672987816,2.031630696155746,15.123709074262440,3.093375835547616,22.506356137000154
-2.339061947855496,0.159203823709638,0.397437268007279,0.627926642536548,11.965807062768908,3.044676225885758,1.565521017962270,15.840607245599660,3.117133027142995,21.103492722808056
-1.637758081318180,0.447301353960225,0.664507899688744,0.761780139958778,12.061082243563623,3.540707824906369,1.852420072277116,12.918837581433610,2.819308537148363,21.124804979954348
-4.247816729356357,-0.596400451904859,-0.171224522866405,0.315863616058842,4.522866678612081,1.904403473303083,1.562392402159732,8.079921126207825,2.257757942090206,18.864102653911715
-4.739639503877795,-0.688142614430228,-0.294102546999162,0.258257095960466,4.192253734002838,1.812940769205254,1.576042843356651,7.557632254233074,2.186273808789552,19.163206683964205
-5.113028878356571,-0.596296901123935,-0.165163449760513,0.267686685363465,4.756420629018498,1.554098147985420,1.160064505992885,10.551778458543271,2.426920246926785,17.982555192982005
-6.309245703782336,-0.654662901493304,-0.024242488554433,0.265577112890442,2.729380696082648,1.324928150582386,1.112561976385439,6.367041875883008,1.855396010047103,15.625882065806110
-5.859363422850420,-1.210993903905679,-0.684238843561138,0.045653672929448,0.313085611497717,1.000100695924884,1.279635584623008,7.350592838124688,2.017600674800186,17.551698466883323
-5.273663526644922,-0.961464849239607,-0.462756254236436,0.099935904628078,0.645568080679459,1.145109711033035,1.128233926545091,7.295850061685845,1.825108349351912,15.848732633532364
-3.315506631993470,0.358507197574263,0.727015519181697,0.711817432272753,10.639575848230583,3.071296366963458,1.542426764006377,11.842584770556488,2.534179793749499,19.029849706213753
-3.675614474901606,-0.527298399601549,-0.164599324116136,0.327254494547169,5.655188217042086,2.093571854769940,1.456397100000380,11.130169047195825,2.392002897308655,18.765533667678056
-3.153380585494075,-0.260578230421236,0.044222119370260,0.462135132323053,8.797835907394505,2.558366312561907,1.567709664665770,13.589377157411224,2.808373867884851,20.521448987430432
-0.999797920979786,0.648460497268080,0.809198813004505,0.847916014245704,13.562716004175149,3.892957174651086,1.936831506581850,13.959451862025009,2.948996483627970,21.776030361550198
-8.682869946127893,-0.704380030003820,-0.199433916419267,0.135882449060912,2.359588897439471,1.385523890884435,1.028903487842386,4.989713297983731,1.532072156468561,15.462617157396977
-4.337719981056621,-0.679228501021990,-0.276488641846636,0.278442849211540,4.246866728815098,1.853312793848238,1.605869740787220,7.897590293959600,2.253480230269354,19.278837198318371
-8.694404366348961,-0.851485639591855,-0.322405372084253,0.079478657494585,1.357929311149155,1.099042085778868,1.009887907136965,4.321858271747449,1.480037919804530,15.237726344355366
-4.124574802529507,-0.667214237947280,-0.268323314055761,0.265085137538377,4.396035584304718,1.856327221109700,1.400344534907276,10.245837785732608,2.282496463519693,18.297641752063299
-0.999815157982580,0.349515329279005,0.499323437833762,0.726572508448595,13.872506469792347,3.576447726096894,1.812480402139465,16.897411239183459,3.159926813386577,21.967247537190502
-4.663901507024418,-0.546486632619524,-0.069025733271074,0.330032224925008,4.399382965515406,1.822156231980790,1.438925559480051,7.828448305432137,2.171066986051305,17.936552922741072
-5.807753017414582,-0.047039804864228,0.257824969698657,0.453637190949265,7.909912229600286,2.830856860333028,1.472970262592463,9.159615999994475,2.153769151205974,18.840794435335653
-2.556505502557583,-0.155036974229781,0.122635842865881,0.466931782507074,8.125775857763221,2.555088658546693,1.507137514836354,12.566089859453275,2.499476609011347,18.942815975646710
-3.541342864573748,-0.487715939921683,-0.137225362408484,0.350093827403110,6.191813883596387,2.188926559269368,1.491628681145277,11.556865412404097,2.461722801228274,19.123422500236046
-5.704989074987976,-1.094644087166271,-0.593561249112806,0.092776291587538,1.000322620246356,1.109401311333953,1.417942415672079,5.937727324610212,1.974549322384289,17.992720813885427
-5.001310941233340,-0.735924137939873,-0.303014940807181,0.235690108931216,4.299938788365784,1.588903472962292,1.297843846215263,10.275038227377838,2.398681003666000,18.605978324765630
-1.000428775144497,0.700718939657672,0.735163793959958,0.840848651563908,14.512860352720145,4.391182339978690,2.109449428880719,14.229669083631013,3.010798554000883,23.294004182642340
-6.613140494674395,-0.891210250647777,-0.238169481973228,0.163845363534458,0.999550812160100,1.000098674053780,1.085312712474200,5.339903320334732,1.757669352722258,15.330533911138133
-4.577499526133421,-0.042462666960565,0.223321802095740,0.485193725451297,8.483911467277244,2.904343066909965,1.632699112773710,9.701023269975810,2.326953332842941,19.849332456514986
-1.585530100558669,0.382543619938245,0.567175934537055,0.729893194392174,13.990914878722526,3.439660893798012,1.663336696982895,17.254930797002505,3.296618967627725,21.845777805996619
-6.803184561336094,-1.035896499339139,-0.532146819268157,0.069769786673999,0.996526061710801,0.999838491721525,1.268897037539714,4.972401946473004,1.763451506358924,17.001387334265956
-6.130032166023879,-0.870979177499376,-0.370458756157092,0.135680689507453,2.147532646604736,0.999738294195977,1.015226170515550,8.533813612717740,2.155905871038143,16.783721181124434
-3.385389593777203,-0.352192787233466,-0.028700434630309,0.423009912835382,8.013724277419987,2.423387151134434,1.548356417379023,13.032211988086107,2.734541273768099,20.283889299717231
-2.906512351859773,-0.253348862926919,0.039465402015695,0.467461724402907,8.816995891259330,2.629629197448948,1.611690744872598,13.554267763731406,2.772837670538032,20.513895379523689
-5.330110855533063,-1.051401607027457,-0.563473792914220,0.113534534428073,1.613512816784327,1.280213585310327,1.326356826915253,8.357632493070543,2.120773617594961,17.902302710037958
-5.871810678047678,-1.198419369524463,-0.676167140416264,0.051625436068185,0.510731450535877,1.010588242458317,1.284015096541843,7.483764927878913,2.044268787862504,17.694088968734974
-4.687754368530348,-0.397180115588349,-0.064563555559492,0.356832450030089,6.164154952501212,2.276816883854337,1.599310581905978,8.373234844060864,2.233272341979814,19.435523904187363
-2.645970812861973,-0.184085598275972,0.090818668778321,0.495681678963122,9.322423033159316,2.740978175066522,1.635639135546661,13.863936399256051,2.795532078326173,20.592903113583390
-3.445885710358366,-0.457166170061238,-0.115911660351660,0.368331931172689,6.632263196643271,2.263992535421543,1.519695170231241,11.912552550963103,2.522206115241866,19.431123524610172
-9.522407962142621,-1.818048195691305,-1.097711169196470,-0.299404234529080,-5.991057148029222,-0.713912047732572,0.726063705868460,0.999588576259005,1.164403677397392,13.376217249270468
-8.708825643113284,-1.587742878355948,-0.763072071552985,-0.157717018791389,-4.999564614264751,-0.228836643812991,0.737594070682448,1.537615450742654,1.225916854756350,12.632165652935583
-6.705819406757923,-1.453898145311064,-0.866206737967072,-0.061764365030461,-1.773259598459186,0.532613083905324,1.203606068577290,5.486871890552682,1.821512352774090,16.868361105669720
-7.823212651319592,-1.707060969009795,-0.990309542856634,-0.203379089362379,-5.304253674997222,-0.090002324739168,0.900130889407073,2.768908378351019,1.372819167401755,14.010691454916611
-7.460849190206870,-1.177372430575724,-0.630712372102572,-0.001240263256457,-0.280315510493802,0.679232108217426,1.161052101155766,4.052358498046449,1.620536314759755,16.223762219047927
-10.334927368220347,-1.404389913885392,-0.647921170079054,-0.286338370286337,-7.483907605136460,-1.406811255255719,-0.160854630269578,1.000356169989023,1.000123597488217,8.160156196995246
-7.349559135206404,-1.614364593226772,-0.942341909007228,-0.151904330909948,-4.129714652950179,0.152568161132385,1.007208915576436,3.744363018767861,1.522138402337558,14.921237071343882
-9.262633548455296,-1.756888094886025,-1.046718879690006,-0.274525597046001,-5.641643856054225,-0.657171524519172,0.684367609158512,1.862922498916267,1.265018111291131,13.432977054801000
-6.750351708975655,-1.447434499273686,-0.862057446852376,-0.060978221410884,-1.694416619948493,0.523021438142250,1.195754065441109,5.530954570475804,1.826855803533260,16.888400351730212
-6.965555486516164,-1.268011913750029,-0.622541905326733,-0.133342483399637,-5.061173286690257,0.002836235591053,0.555521705396711,2.468413535308930,1.000183412520070,11.042811192200048
-7.492792151692965,-1.247481225635046,-0.654675767413118,-0.042625716954060,-1.314919961020815,0.260166687674085,0.839264474989892,5.753563895407599,1.780245204863189,15.218042047231876
-7.413139641826360,-1.635647279320229,-0.957331374387313,-0.156153668066504,-4.200929210681602,0.121503875911315,1.023895403281320,3.556705279124761,1.525963132487104,15.025915472164257
-5.657737175771386,-0.999861985427165,-0.466009712612548,0.040981999719199,-0.999704003312752,0.816635347584372,0.927267328163799,5.786679824027904,1.536432823414146,14.085850457504790
-6.739338614485815,-1.362849275222336,-0.795811956387083,-0.033864081935360,-1.196431573096698,0.581482574314832,1.260054946703517,4.612325179029502,1.768535518376486,16.978676619331424
-8.251267393050524,-1.435680280529689,-0.793472863445630,-0.135827778184789,-3.120429353730424,-0.143753257062842,0.731998665700468,4.237582234806458,1.570866787860594,14.279154319852893
-6.067342672371465,-1.243062231859134,-0.682129183460022,0.003352277833412,-1.000669328191089,0.812960184832781,1.131811120515399,6.286432445420776,1.783208720176472,16.005153760149625
-7.346587969957296,-1.221686043808142,-0.637875932333291,-0.027206387867525,-0.999879181488064,0.337989140086747,0.869458527057896,6.014970462408162,1.817991636590025,15.443049796272618
-9.091603065903781,-1.828714305576395,-0.981936388962530,-0.269394848110136,-7.023717709933772,-0.573668716766002,0.670636536368109,0.575129172739442,1.087787338175613,12.098394590710342
-6.543497511392827,-1.405221696609906,-0.815449757148261,-0.038229653403594,-1.620254672656325,0.583615029242351,1.261502029554625,4.764267686049796,1.789173693734949,16.859528658032019
-6.894894674789652,-1.508412241083529,-0.904671370320714,-0.086016278663701,-2.307458420321405,0.414653903702969,1.201047887394423,4.733010534495027,1.752232907644214,16.671902857524316
-7.877959207689242,-1.718261477166219,-0.994036390084453,-0.201325412521837,-5.261748214141585,-0.105922229549358,0.923543874478968,2.609464982055859,1.387483850722767,14.160555166078240
-6.613780939626293,-1.424345018161439,-0.821919243269305,-0.046959747524677,-1.880781023995633,0.541687328976187,1.238213718559871,4.614844196241582,1.763207899981528,16.642476344950097
-5.960129614835706,-1.073179228318787,-0.513830630411312,0.001749308967661,-1.853625257930071,0.647879538366594,0.863270848787574,5.127246072420310,1.439492958135475,13.563187760334046
-6.485952377579293,-1.375828034651016,-0.780224651020661,-0.025701626181232,-1.538174273563209,0.613869693816283,1.254690448621470,4.732219368053355,1.784695908661328,16.717813186585914
-6.374669609648505,-1.357705481153169,-0.794824781709968,-0.018745543072022,-0.917132198012178,0.721216552408768,1.232632251897865,6.300541786897800,1.908377191749595,17.175208802365347
-8.575738838380813,-1.800473762449607,-1.017974509002115,-0.295932649148315,-7.570651729907263,-0.528707690565456,0.600244200307509,1.000122072041980,1.000006392099093,11.566747374434300
-7.663040794754108,-1.659701470565263,-0.951926939318704,-0.167899908759643,-4.584525424431286,0.012604526129329,0.987825790574613,2.906561348053477,1.462017059806663,14.633284851341415
-9.744123023146768,-0.999778896383293,-0.068269806749944,0.089695291342794,-0.999649735169124,0.280195253267421,0.517351791451813,3.326073961363666,1.226809957777786,11.570280517945690
-9.947940293823775,-1.241959394065689,-0.293360667613489,-0.020002242316057,-2.930977423329432,-0.072972810580759,0.480434659908812,2.054611211428626,1.111985638856742,11.111051556927947
-6.840437131204892,-1.507848739963060,-0.894780053954010,-0.084030120239718,-2.451573451803847,0.421832568829401,1.201322849639247,4.558591482354434,1.733558338931243,16.513033570953695
-9.162922367536025,-1.454483624338043,-0.763529971193969,-0.201179075500491,-4.758785929569308,-0.643760766326303,0.404908287324101,2.917995395106478,1.343660541583211,12.085082200350854
-9.952088422738951,-1.849721833904565,-1.101510526334485,-0.337647280656982,-6.885481761682763,-0.992704295327408,0.536033324255630,0.762850210114455,1.090023846614982,12.327217173168407
-9.034968723434714,-1.749512016956145,-1.050938212187731,-0.259082252658543,-5.303988283960871,-0.541547259204792,0.764749701259770,2.052476615700887,1.309311779004479,13.909936944305429
-10.228201695023854,-1.440745413752814,-0.469727974693626,-0.111159227547666,-4.574563432630748,-0.378453834028030,0.430952678630545,1.000213625414365,0.999787207495875,10.624986577970816
-6.824830557132755,-1.410125679218266,-0.770183797665673,-0.047335893732330,-2.240700212956677,0.467546612808554,1.158605972483652,4.118462547769544,1.680576279292425,15.882187441448110
-5.802882173440976,-1.073214180260316,-0.528562143792506,0.027535928165174,-1.057272347005744,0.809825143262656,0.976505779501439,5.898765597255040,1.596400203082134,14.544766408232618
-6.921860434737608,-1.509703029917378,-0.906766569209261,-0.087483049738911,-2.298088425381730,0.407254071570036,1.195234090820621,4.775445138421635,1.754042476770040,16.674810103053602
-8.693134799282644,-1.236674543239692,-0.643912398405333,-0.063024476255164,-1.301820951464402,0.397414836213165,0.968533342032737,2.854707309433555,1.377549332377332,14.814852086602201
-6.857218837827714,-1.514845568672814,-0.903382918722595,-0.087260605772351,-2.461165098009383,0.417624055140414,1.196106901673005,4.670689325862971,1.739875558721676,16.538613788198319
-7.144943179325834,-1.539840349446366,-0.885294100935287,-0.129933399946283,-3.758743560885387,0.249513522297284,0.986285517797593,4.127990470069297,1.524142897146903,14.763713366798498
-7.563621358593918,-1.512490406231813,-0.901452398385875,-0.115563855648384,-2.602502118384018,0.205544338328038,1.118761293026985,3.584523558691633,1.598891599193291,16.058983259934877
-6.918653044613491,-1.442274106192220,-0.795151793533559,-0.061974469036366,-2.511156966840213,0.414034059941193,1.142832314065691,3.983478644096029,1.658558665006717,15.771224783385748
-5.770381368860454,-1.056894893608857,-0.514657584693046,0.030648040964056,-1.039864537529548,0.812471103113927,0.965946655737869,5.878624605824332,1.583748516246577,14.445665073179981
-8.788357531593773,-1.658291462808888,-0.976236696451706,-0.222887731730249,-4.671909952486795,-0.426538336415271,0.747996706215646,2.804080212638117,1.396902881437481,14.023962698842553
-9.638812966664046,-1.526081105349323,-0.806717137962374,-0.250116434899217,-5.800262648981311,-0.904175441927024,0.290201554890114,2.063260598422421,1.211987327549045,11.210286590662264
-8.637324746577560,-1.000314602551433,-0.349003018173598,-0.077617881050200,-3.452352146334897,-0.490643373477405,0.113350890038793,4.330345559431540,1.492625781437405,10.558026903415708
-6.073993400136073,-1.283297819534341,-0.730602681886021,0.008236871985670,-0.601334203271017,0.855368870761473,1.226294776953734,6.650936239396704,1.906374004713808,16.944720500814270
-6.455472098183760,-1.339890992349401,-0.777423225531996,-0.014565458232128,-0.971828195635249,0.675101291759907,1.298030099523982,4.945009605761205,1.823006418289414,17.198109206241412
-8.461408037490953,-1.500655340108435,-0.844150758779982,-0.164600228402647,-3.654614656471063,-0.254554042006661,0.715482862036134,3.774336769828058,1.509595740923156,14.080051749456317
-9.330577168461117,-1.799759519764671,-1.085897172828109,-0.287060762645499,-5.807176701481035,-0.665901630797152,0.732219958621538,1.443956728597603,1.224671810868849,13.559929316739527
-10.656745806638027,-1.375779714538575,-0.698503511556527,-0.173528337036690,-3.232928442273328,-0.096102230783836,0.661247076277343,0.999876493474706,1.000185167169918,12.555354778819066
-7.939213743511116,-1.317884353417729,-0.698139377818504,-0.087819065585229,-2.252546617925896,0.022534785540691,0.739594351570279,4.973495277829973,1.665065132340033,14.486226830303650
-6.039048505437774,-1.018719763713390,-0.450474952387415,-0.022041981060275,-2.879549421327193,0.433208483743285,0.682617003306718,4.025038947533251,1.195109467575883,12.016512690560859
-5.587841226664990,-1.010010542490155,-0.483132010775947,0.054192846148948,-0.539313993862971,0.910895822365162,0.999844454508318,6.256954015195977,1.636838831749185,14.723331896346991
-7.039885341771237,-1.420428955270894,-0.833290216937397,-0.064862575673333,-1.615221597416758,0.428812600077406,1.111926052707982,5.555414475075470,1.811293171513026,16.582285082049708
-8.970483120090263,-0.999863210349816,-0.437757943334518,0.016102428876530,0.212783961769764,0.792666331658487,0.953967041761940,3.546111300986543,1.390631176211989,14.775869197991398
-7.999432428962406,-1.070499598951000,-0.456760477885365,-0.038070039140958,-1.871017764866361,-0.048439115466963,0.474765295039995,5.359758775331064,1.676916438386727,13.007896738134406
-7.409623932435222,-1.623864027334089,-0.946031046756758,-0.158949240257726,-4.301246619020867,0.120559712674470,0.986834546049369,3.619448206316140,1.496802930676727,14.750442109081092
-6.408735961409560,-1.375900056508027,-0.807446501587614,-0.026548349436656,-1.110865700766022,0.694421056278343,1.227655495228988,6.150467268869268,1.888212658382412,17.081900756693045
-15.124639077825647,-2.244198067857142,-1.282523515805349,-0.649541584993008,-12.146767880502717,-2.405177341648590,-0.200118370702688,-5.717316861988119,-0.085042888275990,5.956273968124976
-11.457837808958784,-1.794289517127351,-1.022485848277337,-0.357795967222611,-6.761411032853994,-1.000218419525546,0.464029103852711,-1.179079597051820,0.736570274448071,11.061450819809949
-16.367993692885435,-2.711397765815312,-1.615370623005685,-0.935261063626785,-18.746076007915711,-4.100995734710332,-0.865792471658695,-9.553813222213972,-0.631134299047631,1.215620146221142
-9.341856436485712,-1.893942685268453,-1.045625849510436,-0.394118267841361,-10.008448657931263,-1.023265015324825,0.289404638393187,-1.101621597657906,0.595640281150414,9.050717841954082
-17.115818852199752,-2.306117888457529,-1.272070075593561,-0.728290025544182,-13.447414073942378,-2.724062749148922,-0.489155656993474,-7.051508001737470,-0.429437877710836,3.742572616313766
-10.859892855988319,-1.793872965785020,-0.999959166630533,-0.390835793168263,-8.494110497843076,-1.534132865442843,0.098152967740308,-0.257344475022061,0.868868444361513,9.529680295427994
-14.555381794134901,-2.093014622849979,-1.174328723036118,-0.569551601360757,-10.590034298162118,-1.999465070062834,-0.065346206703490,-4.606580571944487,0.080590519627260,7.000199761042752
-14.371468738827003,-2.400163095732180,-1.432231154184199,-0.699363134962943,-13.487151098374875,-2.732728013370413,-0.202393526866514,-5.943924380452567,-0.022228931767608,6.114258958684474
-14.378660610174689,-2.731008369999700,-1.422810254985298,-0.778774601435803,-17.660084102538598,-2.949235455194775,-0.492933005076287,-7.976763193134199,-0.356244163418402,3.315206834803662
-15.258145466271115,-2.945105991091571,-1.566720378535505,-0.923003551256787,-20.755649069365880,-3.535024857019871,-0.788423113559543,-10.286150735991139,-0.763306608037619,1.000065453177201
-12.626214157909429,-1.987834231494024,-1.093373829146810,-0.563321168098657,-12.400213847487203,-2.539244021062125,-0.420224311448509,-3.371128699853709,0.353545117813874,5.584644020504158
-13.757568273653716,-2.293932178270723,-1.334315587869456,-0.692052640756575,-14.387825557164343,-2.994309109319858,-0.459769044980933,-5.401238306927477,0.057601252010577,4.860102392691744
-14.301025520260465,-2.409259650338494,-1.441018237416320,-0.702691688471914,-13.608821070547402,-2.761254688612426,-0.208986287786585,-5.929013199364912,-0.013681716880749,6.103549019200984
-10.918498356005570,-1.918349709684273,-1.140998985317096,-0.387206050342526,-7.500075919672463,-1.152529843708842,0.506145541478632,-0.999640832178595,0.824502435894440,11.518930873386608
-10.236612058598793,-1.990240703860239,-1.040037569517573,-0.360639867495741,-9.004103271667327,-1.043995750806510,0.428382892302453,-1.122324951276293,0.802117939474841,10.261856849796317
-18.679405128984214,-2.609431282081638,-1.477471005537051,-0.905132716543681,-16.835011287331803,-3.614771436964820,-0.833116136773816,-9.631081498474583,-0.854276621424485,1.000093707765161
-9.311460867406934,-1.845063563732240,-0.999679898785984,-0.401499977240062,-10.427638521659128,-1.100187711035582,0.190548789808681,-1.560253319339988,0.470762098403633,8.235491464598596
-17.004694236364131,-2.786671264957059,-1.227244877796333,-0.797214915534441,-17.947514490224727,-3.385878135761630,-0.874495601362541,-9.201916341529948,-0.668110829137546,0.999578695510565
-11.133423653558792,-2.283323653017468,-1.273763428617781,-0.554854123187613,-13.097236417007730,-1.748017152754558,0.077096375155347,-3.637489125260610,0.306571553270715,7.471507186296635
-11.214693233758238,-1.975975478156895,-1.158172581790122,-0.448151753866917,-9.242085687912118,-1.649826931354150,0.188035044153894,-1.132331706368158,0.766926382580855,9.854025046803173
-14.755875592977942,-1.892082827928566,-0.999607667083282,-0.490397175769377,-8.999561695955459,-1.563667057672476,-0.029046246569214,-3.636032799854301,0.146495868619017,7.345546005411422
-13.884300636828966,-2.605642001607595,-1.337307864334730,-0.703821335817670,-16.106654544486581,-2.648459482497473,-0.355403825506116,-6.849921793868286,-0.165952045742329,4.389146257604552
-12.194797675803001,-1.968974146016172,-1.098496134819396,-0.523990586427673,-11.369626429959135,-2.267205155104421,-0.249741996735475,-2.613395863329212,0.487210648174021,6.839402017059485
-13.363617687702797,-2.621284089847326,-1.421913495566412,-0.851286199334424,-20.072573983469987,-3.158510338992138,-0.755754436700897,-9.505379633042974,-0.778512457572645,0.999901287607856
-15.425452352330522,-2.480207071460304,-1.428937730392327,-0.858061690588324,-18.088400872171540,-3.944730513059079,-0.950978427712459,-8.330725111752866,-0.447639434658538,1.000339826553074
-17.235647554021241,-2.793389348520233,-1.668243425605183,-0.970201128336095,-18.859933577363130,-4.140520396895369,-0.854211477387166,-10.279287572066135,-0.778321268137577,1.000011527638351
-14.351571136639604,-2.059079867976473,-1.152412966763683,-0.549716778608414,-10.216882371327552,-1.902583909413601,-0.025722634492420,-4.317452840456080,0.129593479115189,7.306322484173422
-10.449957080657027,-2.063905631479826,-1.097933929606797,-0.399323961143690,-9.766509318640852,-1.183773134737629,0.377121871366679,-1.579851048765174,0.726177717271658,9.859739307883984
-18.005778251860320,-2.543988682727071,-1.443449773630212,-0.858268310803536,-15.978442286287214,-3.395366264232160,-0.714078864493660,-8.928526488950109,-0.711090657819301,1.935580192930872
-9.687657270650289,-2.036620082600966,-1.151365956496248,-0.393846243037866,-9.539769636481788,-1.000549894548578,0.468894602155838,-0.754320536731522,0.809574252395412,10.538224734975159
-15.987328341968420,-2.474012297560897,-1.000279179225515,-0.632293421066158,-14.725678125911623,-2.745131011882791,-0.636323376419971,-6.857802772266989,-0.321750848614026,2.894220227545618
-10.650398636723564,-2.159564518483474,-1.196803510898216,-0.534373015542381,-12.960985440830905,-1.659973657086810,0.025619123615498,-3.508537957140713,0.240355188386247,7.006792949267521
-13.837529214584050,-2.197131940198950,-1.282919614373095,-0.592955019805773,-11.222931716660037,-2.157560989711549,-0.008109044511455,-4.621771742155810,0.162165149541555,7.482924345507542
-15.958451451645272,-2.311217480346609,-1.312488385141853,-0.701130540524711,-13.069665130556382,-2.643709768744871,-0.339329141587461,-6.549049274363521,-0.255843934091593,4.871864096075599
-14.242098245532260,-2.799104853904034,-1.513750539765147,-0.850202682836246,-19.322091367340612,-3.161675946364888,-0.609167305629237,-8.962657690750500,-0.555112551029398,2.285464992687111
-17.729216515745620,-2.647338947092007,-1.537628346294506,-0.900372760186206,-16.951575596466022,-3.656984801546082,-0.740676526814424,-9.478074485419409,-0.738046623491948,1.717267700419968
-12.777557822439531,-2.167490861052744,-1.262330144973046,-0.596353644544088,-12.372549799195577,-2.473818527097237,-0.212199501184229,-3.729209244502480,0.336578492629037,6.805633315147277
-14.001381754073760,-2.044352835970074,-1.151134781073318,-0.533828335851141,-9.946400874797201,-1.833403874928849,0.027686125170779,-4.035557499972110,0.194552756871258,7.716180225608952
-11.260850917040825,-2.018803163804592,-1.212094022216527,-0.439035673122464,-8.567686332385984,-1.420679483999622,0.406651787328739,-1.556839954417153,0.738632387505064,10.874044928606764
-13.231829776246157,-2.302188673486360,-1.382661973743374,-0.626540591794083,-12.278127570695483,-2.402998575806408,-0.039491969832282,-4.493904088818321,0.241694598508544,7.551072595384228
-15.991767434696881,-2.664313185794726,-1.594734824972337,-0.882866514361300,-17.396104179344341,-3.750102957991417,-0.671101663665335,-8.733806626576023,-0.490072461729039,2.612206624308585
-13.512532487761289,-2.131240756592429,-1.186195268432754,-0.657341193224689,-14.325390695341207,-3.014313547997408,-0.619039542668134,-4.981174263346229,0.093272241046372,3.941124913476103
-17.282581178244428,-2.602066586168585,-1.513503680886636,-0.867815855989468,-16.353268009188035,-3.500997584622355,-0.659200938086665,-8.965776087436080,-0.637928451698532,2.365908450640775
-13.087848078782896,-2.271375576835957,-1.350056791948733,-0.629743601336073,-12.722582642618727,-2.534656975124471,-0.158715488221068,-4.306271810377988,0.261473882881663,6.967041923502195
-15.192998125526612,-2.577853964369381,-1.181653305571467,-0.686451437851078,-15.773798113232170,-2.801786834493265,-0.541186274625431,-7.255205898241949,-0.294707871581788,3.295196904748111
-14.289206626459658,-2.384335800847418,-1.065755878350109,-0.584003435378770,-13.749872269575258,-2.365945261986675,-0.351562444496226,-5.721582511765784,-0.045685229144168,4.720108857789485
-10.233692268910330,-1.952935658371733,-1.000459419299062,-0.342796850780161,-8.681217530288928,-0.999700931349446,0.431782815242027,-1.000403439098515,0.819056420333667,10.301746969556945
-11.458944916955529,-2.276709400131744,-1.244476796931442,-0.639559183602864,-15.484821064532264,-2.176772946896222,-0.276313639477346,-5.674865742697572,-0.154944166988058,4.640590618038488
-12.314050036227369,-1.987040346216147,-1.109719045019689,-0.536334271496889,-11.626696575575375,-2.331420083740789,-0.277771471359595,-2.827518409449378,0.452759387577097,6.614257621343911
-12.673377717151721,-2.530012346921817,-1.389550392925799,-0.747270994326164,-17.501349354307159,-2.650730719391476,-0.434838819932520,-7.302886664138479,-0.358535817887549,3.484898672370350
-17.110101088114831,-2.578575767345971,-1.499245669043770,-0.852397937727079,-16.059045690606489,-3.424247343503674,-0.623972144627052,-8.729642426346043,-0.595437687194686,2.644491119990932
-24.022595405941942,-3.552636940223736,-2.104560562949726,-1.544802007471186,-29.817160287141654,-7.013121559299596,-2.303985520012697,-19.424795827395865,-2.548601751975686,-11.085671995939009
-18.026996486972976,-2.900935101902314,-1.732543942781914,-1.048400289884220,-20.453020803554772,-4.556037818252272,-1.051253772908523,-11.539012347600458,-1.000580985745903,-0.568584041394813
-20.276520254746458,-3.435679757504785,-1.588122990381019,-1.156118804828450,-25.016046509398358,-4.920346944389451,-1.603581430058696,-14.780265100904028,-1.611313075426582,-4.408328048391154
-18.542171842385329,-2.963797231827781,-1.751111541751568,-1.157394171923983,-23.613885807199743,-5.355258818141455,-1.512830786833986,-13.333927772722102,-1.306485425250384,-3.968427545019011
-20.637005148341004,-3.231275847030353,-1.927298731456294,-1.301583511479450,-25.600082039310699,-5.895792115282760,-1.706188752053502,-15.657711817437058,-1.751018457085990,-5.922146267675855
-22.400472007947002,-3.894377809512361,-1.858274486033321,-1.437000712840485,-30.668035156466395,-6.076746474367227,-2.187382311699342,-19.269784486188126,-2.385787777208772,-8.813266662893540
-16.486299133689087,-3.100809785032653,-1.608994875980582,-0.999913386491995,-22.239072330121495,-3.947927236168028,-1.000162568492567,-11.717093169645448,-0.999702841583018,-0.482127997381467
-17.902578779087733,-3.384907334031254,-1.772308497816061,-1.199546017962487,-26.542345968733876,-4.802101796563876,-1.461045769898762,-15.156919602876922,-1.611622506050149,-4.004373068215243
-18.875139921226392,-3.545101611857530,-1.845208323710044,-1.305241347402249,-28.754835727878991,-5.280085184160478,-1.725816606071044,-17.028258022294761,-1.945631246916345,-5.959874644153387
-24.078223484091481,-3.597998681800667,-2.138505821603285,-1.590815714692754,-31.042913783991843,-7.324121264145291,-2.445157573676598,-20.221119646588573,-2.671205322278581,-12.265831855941286
-18.582474015822086,-2.937205003206603,-1.720586421132963,-1.172042890852918,-24.273370204520141,-5.515657018832990,-1.640802767006987,-13.636919794829264,-1.369317738919253,-4.915655303837155
-21.594993329004936,-3.327320164359690,-1.964855304456516,-1.459317765286954,-29.816516530399348,-6.944747168053735,-2.310979759025817,-18.373716648399846,-2.254915255906573,-10.810477580246214
-21.534704841711360,-3.900523585037743,-1.952094544674445,-1.486084694163030,-32.064045284137840,-6.167561973828790,-2.210735820202812,-20.090504611956288,-2.496160652249173,-9.298756024749792
-19.893629613863894,-3.540205990175147,-1.735552218580553,-1.235907055525020,-26.805963750364263,-5.139729590701209,-1.655424513286250,-15.901122007450152,-1.752502318784965,-5.069863112093031
-17.008368874290611,-3.192333262849894,-1.654749869554460,-1.056437216489750,-23.412538935911208,-4.201403093537949,-1.132133473310830,-12.683299766370890,-1.167788705711827,-1.467968398960436
-22.093352299774907,-3.377334778035848,-2.010042336732193,-1.407619534298928,-27.426009926931009,-6.381008847299992,-1.954861261098506,-17.340121638372221,-2.095114453820597,-8.081583237085027
-21.604998930358434,-3.233652259761580,-1.908582114461223,-1.296649036567329,-24.795725457187039,-5.704563822745290,-1.662654978418237,-15.554436482844363,-1.815984645814015,-5.720556263446809
-19.201620548192793,-2.780300239177788,-1.604016322420951,-0.999913407502568,-18.753305584625330,-4.123830168218967,-0.999882019151693,-11.025087664342873,-1.055342698401549,-0.350351105677162
-17.918917801831000,-2.908934101655144,-1.737763845989365,-1.063571498696157,-21.030172965560403,-4.699535464436374,-1.125810938780538,-11.738278976712916,-1.022040310759489,-1.052392846105334
-19.283901494763157,-2.978882390809312,-1.764203368176333,-1.107782967520235,-21.235310447111736,-4.772298977615333,-1.188776113594118,-12.591324366453403,-1.238454011962383,-1.819838302475175
-22.233194738084720,-3.373472890798062,-2.004318473384313,-1.401663134421260,-27.157048614355084,-6.315282637087255,-1.930567309725318,-17.227381725201422,-2.090258406450389,-7.906052035682335
-22.105564201790358,-3.384661541986524,-2.015211927001704,-1.415053123877575,-27.628528535661211,-6.432026561987560,-1.978725302631136,-17.465024824395169,-2.114054667425238,-8.271403282369846
-15.479848142202014,-3.002813410114293,-1.614882365167002,-1.063090508848717,-24.412509876759849,-4.126245910189433,-1.212731842979821,-13.146079931173897,-1.356824944000077,-2.384181798210107
-19.760404617149888,-2.887161439294380,-1.676094917386802,-1.066435065932535,-20.075615978518975,-4.470542788753559,-1.140493982754491,-12.023421046650508,-1.221442566840643,-1.481182448502834
