0.506053088578385,1.145319794427175,1.065124969200883,0.999707155374711,14.986860746318296,5.083532538548498,2.180046578085653,16.465048951874405,3.218232205220478,20.211064223963362
2.378730827964562,1.420876047345834,1.379712743841039,1.230798665473380,17.731990691972886,5.682690451395674,2.242105877957661,19.993795897144832,3.512851605933335,20.705948963760861
1.000208243097761,1.239689792610876,1.253804686379497,1.153809409759558,16.326187215356146,5.224533499486641,2.065927053390286,19.082924453802956,3.321572008082683,19.603903039521853
2.147546395851764,1.496164684909911,1.336545478461822,1.196486768743396,20.179222103007572,5.156299109428319,1.818205330794158,22.823809722905775,4.013421264932394,22.117933036215433
3.981526445936895,1.754658591951901,1.622509539576115,1.362055338766132,19.717167499869017,6.333799913799284,2.373464174752567,21.629848465533836,3.732289131769637,21.840846626506149
3.239746154681159,1.742592584634319,1.528243813645300,1.265431657444007,18.800360135811051,6.260558068507551,2.390409885855129,19.901157637917049,3.638393066114493,22.143647155924313
2.417788519109779,1.417037520055548,1.310401034996761,1.168157292025949,17.374226559327827,5.731256581809790,2.350115504450034,18.822980137565036,3.508963942773996,21.340155438707697
6.617296972543743,2.374256726168364,2.051449686421316,1.575480497821933,22.908429512859907,7.494758691036141,2.582554428750831,24.088357794534954,4.086625472332199,23.908712785759221
0.791325594559583,0.999459484150244,0.999856120391310,1.000369096201411,14.902727954705622,4.962441495469763,2.234516466356032,16.716423523143771,3.257132268485354,20.135530199018362
3.009351987013746,1.902941249521911,1.613128640822530,1.344730326801669,23.063784104241844,5.639449382676775,1.869321013440811,24.976451727138805,4.279298960591984,23.098483584959908
1.000012006842114,1.000371046101323,0.999856244979182,1.000196642334053,15.945889752660772,4.392711466212932,1.662774466589328,19.485587989947089,3.541972469498639,20.065441475610427
3.576313276690728,1.650848078924571,1.502189112364865,1.282511246474912,18.953534568462228,6.190271735285792,2.424934755053358,20.359055228456054,3.678783282297652,22.020561051040644
1.062300905651414,1.224215241882658,1.142319955551159,1.075436355605427,18.562702653923036,4.750246656866297,1.753032537349752,21.529918724572166,3.908712267813666,21.923635255936674
0.999621499585617,1.004070887975890,1.018886332254643,1.021530292529640,15.153034560608287,5.004587693974431,2.251700553243954,17.061535102864990,3.292723520679659,20.196402395879531
2.347502988848122,1.794036389069789,1.534057616159457,1.285140777376711,22.529845227002195,5.435915900121275,1.819926070642662,24.437722035708884,4.268110987949314,23.212187673151774
3.454043584838489,1.636141095404333,1.485706371733090,1.270259206618753,18.800931014529628,6.155816680955867,2.418595698157298,20.173467743779565,3.661526661626138,21.982321869421511
1.740829250997438,1.170744737263944,1.154738771559353,1.102003063888452,16.284097844044997,5.323165872569975,2.299181748275978,18.136165796082150,3.409453672369175,20.654471991963177
2.563892961405758,1.639646421391032,1.436475006305199,1.251464579032528,21.024826099695641,5.321382565751010,1.829428388889191,23.480870336477619,4.069990339244847,22.245520144769543
3.241861536375284,1.695386714791085,1.592842905550881,1.341207204509155,19.104251534184922,6.115609862055054,2.240948264407017,21.492453873563317,3.627414074913184,21.108422856902550
3.401641802705415,1.701725205268684,1.594932861562482,1.344190189311169,19.223561211843911,6.155820261790369,2.272369944730626,21.502355706088064,3.650314151905296,21.267631357821514
1.867895067411000,1.547732672402183,1.366126925178417,1.198410822380216,20.828384679951096,5.163857660027675,1.801053584122234,23.218456157277569,4.114047663965082,22.659028205069248
3.628099478485881,1.798934309683699,1.671832790161628,1.382281183500565,19.630006615335613,6.289323492294530,2.251023911990496,22.039353674057406,3.676371693699189,21.312208030482722
7.067126581470818,2.465499051993437,2.150294078205866,1.636722121224417,23.444613347701452,7.614794443763616,2.539502156073248,25.074723226752166,4.121256990616460,23.747047200232473
3.381644337736178,1.991054779575324,1.675910890976806,1.381232150996056,23.357439063184483,5.725485705546676,1.867712282128639,25.261387243355170,4.265279907834562,22.892775886238425
1.691523341470786,1.199132926448231,1.205001664009491,1.137845542250426,16.536250314153687,5.329061547856442,2.238977825896504,18.736573639638618,3.412848656528855,20.369558861704590
2.541617642924978,1.586524200403406,1.403652079185257,1.228432238025165,20.194564109914435,5.186249244407835,1.777963034315649,22.862831007619445,3.942088705762310,21.582689964484516
3.761577698613467,1.738968021746504,1.617365229959359,1.358430607458485,19.549764954879127,6.268342654554774,2.329022615394122,21.635364535670146,3.700729102338155,21.597098551339272
-0.999829482258390,0.800196196764057,0.800733611296873,0.847239765428003,12.722692190541952,4.397658450936207,2.049622578363778,14.508648729492119,2.970046431298357,19.049857894447641
-6.382817527578466,-0.665281838217936,-0.177413201801888,0.351966223981486,4.098447113078034,1.734342997159845,1.502739409953019,8.339647443782336,2.128738206571456,14.322087656596509
-2.850359353725066,-0.094237116883021,0.236304788979052,0.491688682651250,5.993813147505545,2.236486429795721,1.075088237424890,11.027824187197393,2.369128114205811,14.804011218880348
-6.004278817203142,-0.988732052743117,-0.411211557103644,0.150134911214792,0.340436202497426,1.000470204529693,1.000607307132603,6.154353167922022,1.879594991950232,13.081963455730701
-4.551137042942839,-0.712746196004457,-0.214376405047134,0.306458916896998,3.417595210568831,1.767735245976569,1.282347887831442,9.107065481874837,2.312558683108300,15.217114955748670
-9.046582050759623,-0.493794803505067,-0.056822063000343,0.351786356103600,3.492247983231135,1.399540618083537,0.999986577693831,8.251937627796178,1.790732757213949,12.109084243362119
-3.087708697657360,-0.148761033565371,0.197686237212224,0.463013322296361,5.444511111469009,2.106867676357086,1.032608638484931,10.547649678235256,2.298959780493427,14.476261891905821
-5.893607330985601,-1.078481946576764,-0.480651019557513,0.160820694059174,0.904461758414965,1.189957099697198,1.231691695948053,6.996440664433020,2.066956834561424,14.263747661997954
-0.999848429486731,0.692378115837885,0.838986755774124,0.930145757037959,13.165851861157098,4.270801800161054,1.967189742543983,16.089544371370106,3.024644484844228,18.340698276766588
-2.751832773920439,-0.228569788452851,0.127711031425078,0.520474408660377,7.624668516440490,2.699359667229631,1.498068728542822,12.885788111577835,2.810430277481772,17.483465224062101
-3.872678064756924,-0.002102645524292,0.257511900307779,0.484131246925086,8.784995937879938,2.344509191191906,1.162069486344564,13.547621892086976,2.867462795250213,17.805402047421225
-8.492741148585635,-0.929434584982159,-0.374368934768159,0.211414611625578,1.621099870964084,1.000197825547277,1.204934124018010,6.264972105492415,1.785546260838985,12.538388024516721
-2.866908423720345,-0.183862016735138,0.168846469499353,0.496961616060602,6.492913430276868,2.412917153269449,1.261217471616203,11.540556329494802,2.537354804104713,15.847551398488278
-4.836952025429452,-0.347268478339378,0.057272670662925,0.493871869752941,6.474450494507121,2.396698632171594,1.680319055206278,10.292447201563686,2.388648048265904,15.571656607553891
-1.923897772337098,0.475885399883101,0.676850906221062,0.839127414476751,11.776598768093134,3.860896279912881,1.893462994055702,14.880744559822528,2.882532788023266,17.685468424124437
-5.802916084098213,-0.571999521110880,-0.203103754714967,0.292934765811045,3.968888153891552,1.843335476590485,1.594757997061981,7.721602904128257,2.100741274085838,14.875896658437668
-6.116420668354506,-0.625087614571460,-0.247404485871784,0.261775040956919,3.486883680138871,1.708667774967412,1.552637716921227,7.307993142690929,2.040049148033301,14.604730741691114
-3.005871623215439,-0.300251556913255,0.074119129662765,0.491805038875919,7.226246821093465,2.603137810708918,1.498368418452618,12.624893359071915,2.785232077196501,17.444348699190854
-6.426972468275251,-0.803267226471774,-0.283172820596255,0.299456187033888,3.331261882935916,1.575794733086897,1.531312652336939,7.727656480559812,2.097707357016564,14.316535375896692
-3.309289333531281,-0.095824895971075,0.190065966157785,0.555152956266848,7.989460146636443,2.942551159848906,1.892590879011472,11.153801325872291,2.574029635964632,16.923455239994254
-7.601130132561236,-0.282095026310889,-0.089173064280794,0.247453357150497,3.600625752411464,1.749340534230444,1.272859996096825,6.388885351883413,1.814737926446039,13.769911427834344
-7.674668184091258,-0.917824478531973,-0.482401803169828,0.101779706548679,0.966538553810875,0.999853684319421,1.337509861030891,5.224967572063814,1.733454033235763,13.203781047904599
-1.000111205329388,0.322452480179407,0.521054642390768,0.740101133102330,11.516811698191770,3.515589512570957,1.591575547875919,15.994607218948499,3.175245026890857,18.855005560889126
-9.566306587913330,-0.538758762056920,-0.308883117978328,0.081839745955798,1.054405162564219,0.999578120458127,0.999665196559654,4.059629533144015,1.455784541422755,12.089619203802144
-5.279709083603093,-0.628432335041019,-0.192700750961057,0.268164095770759,4.359203141946477,1.597036883799861,1.172371700311706,10.302992650221722,2.432062202688283,16.077331029233264
-6.507779834037121,-1.039218082145154,-0.492531896731147,0.177206085293435,1.695904212964674,1.259693565213811,1.563731802012924,6.556988449062100,2.003013168174431,14.289097203610808
-4.706454003467099,-0.566477212043108,-0.141078743790854,0.322592317386010,5.098977528415528,1.870639482535412,1.286172997743387,11.002236629927506,2.544046363295170,16.582144338369162
-6.211933756993956,-0.558513642316527,-0.211848391106918,0.267733478380040,3.648488740786430,1.750140120318806,1.525744920187146,7.281669933607144,2.022225465179556,14.551484242085607
-5.310807623768467,-0.487819421089262,-0.096006043904051,0.288934151341036,5.079068684498008,1.597242757220899,1.067752212111667,10.690412519032360,2.468543445716410,16.164407082644956
-9.452055851115103,-0.274368532551780,-0.138251475025410,0.155151399561696,2.255838917311462,1.384402228843955,0.999786034036328,4.812494281081126,1.536345500650033,12.576054502965562
-6.488284596597948,-0.366006802966213,0.047996127779036,0.457269491112902,5.544071301612217,2.042028806131557,1.395957181046414,9.684378748457288,2.162937413280375,14.170513401038860
-6.890252444873097,-1.093469570951779,-0.506279576058864,0.178495710509024,1.450025530925896,1.160994318089879,1.512330251082656,6.354637069615773,1.975817220811738,13.970857676770365
-1.214073273375261,0.275775339617719,0.493661458246296,0.701442042878787,10.338751761218997,3.256643349300136,1.455534088686028,14.856114154533611,2.968236884336268,17.723178149269629
-3.849589601794532,-0.533714022617162,-0.086507421720399,0.386170075567725,4.919608006029915,2.111607741652579,1.358424524529661,10.449800155258071,2.486750842334939,15.995054102464323
-6.466442412848080,-0.072392528645048,0.266199232901104,0.560130831827858,6.889114030957803,2.380507740570183,1.302866619708253,11.151883727853441,2.208858478624670,14.134967457753234
-5.718576934303810,-0.681140597037537,-0.235438077901438,0.225519582555378,3.745687727012051,1.383384913365179,1.085925663044998,9.715763972845206,2.340125128740507,15.657234938707902
-5.867173625758694,-1.111691917350200,-0.510085183374335,0.159647228463972,1.107685299697363,1.242191033054356,1.315861054174992,7.398041778985611,2.135265250006932,14.727219985331075
-6.163490880812544,0.326859489756758,0.337189227768564,0.467799899573942,7.045156867064822,2.834420331708915,1.414522009822112,9.013424908800925,2.149609698871569,15.532126303743198
-7.212389946364381,-1.062689136025482,-0.549133260883104,0.106748750551694,0.812155375281091,0.999516110669932,1.438480982465825,5.599389996966419,1.832264591164748,13.610312094363493
-5.177366965692540,-0.781928253636756,-0.293654800547992,0.252584636480640,3.602050280307264,1.622058367841392,1.303991550720044,9.820753080655617,2.400610696058326,16.002666521739556
-6.395512775763946,-0.900991991215179,-0.397273806795312,0.138219833776469,2.076124124727567,1.042046095827376,1.054086327701230,8.377725534205023,2.157689623829388,14.895289171009139
-6.292305162443411,-0.345542655914408,-0.086097100285518,0.305996861025047,4.388684533407879,1.961502388475909,1.480056835599323,7.509677298693259,2.020615549518756,14.622951841568565
-2.319086176226604,0.502584436863801,0.700513283161531,0.843614009526364,11.678387289309303,3.811441493030915,1.808208069404746,14.960876919704059,2.832898737258159,17.321942755851623
-2.687742077086552,0.068024765533757,0.312714250759709,0.624799318634988,9.091227157981901,3.250219038534541,1.950384785184952,12.026572802730424,2.682948474469516,17.419236544941768
-5.305410856715623,-0.272924151048800,-0.006365778627974,0.380753957779326,5.491899768790926,2.272879978270569,1.621753101933204,8.628477000151360,2.197816198588452,15.396309342105369
-4.676725526124740,-0.786705034563031,-0.278880246264915,0.292419128350403,3.692785329714934,1.816677192741752,1.406365296566537,9.757302438610008,2.430197918586217,16.045785346895499
-7.536129679856101,-0.476926508693782,-0.036986738984761,0.394449852439056,4.434380356396073,1.708935768168717,1.249777660307243,8.802318088743458,2.000914449590490,13.321560393928323
-4.195181305522267,-0.293827153771615,0.032377163740871,0.456927328308893,6.473059067293374,2.530542166751106,1.798572481134553,9.893417526255870,2.409729703757602,16.215529163788105
-8.812086617488928,-0.648132283877865,-0.168586007269322,0.303376184561818,2.887867178943790,1.259842330455231,1.081555892493442,7.520024447780951,1.794302066087884,12.284694024182031
-3.545528534291334,-0.466229234079591,-0.041933637916867,0.423437761818707,5.823286945489780,2.312659937048652,1.441651023302992,11.377393980087799,2.623701228246720,16.712676848269538
-6.431787898302316,-1.260467013612818,-0.626455854649954,0.096386169462086,0.184817297434091,0.999614998098823,1.318826483379464,6.740521116637819,2.048519535931135,14.464690184612650
-6.629062400539835,-1.085687398962812,-0.515375529648557,0.171055607006790,1.489316575974737,1.204392325179642,1.552847806953141,6.442758781874954,1.995500468837357,14.200313321895109
-2.727686393321035,0.282967779612609,0.532298247300202,0.757567819333116,10.520419526294145,3.496977081393228,1.827820166976674,13.792157339625600,2.755484130946645,17.105838634939332
-2.468946085429065,-0.053297639711292,0.242244307188745,0.577015278394549,9.239370155260755,2.940290145524659,1.532081620667314,14.367328037479023,3.007712618244167,18.459597822264058
-2.069983520918056,0.617542283253992,0.788032627674602,0.888508347674272,12.277314141393948,3.982362184066363,1.802105015927917,15.580306531916289,2.876057704817474,17.459128905242309
-4.385802324126628,-0.539910358042776,-0.084897315273623,0.320346183755575,3.153504900437025,1.627579822577035,1.030453713962139,8.561504788147953,2.123366385540443,13.939576351478237
-4.030791488686857,-0.571278909107072,-0.112425045624096,0.365125710994597,4.465006535545296,2.004305869315021,1.317020026195551,10.003115574179969,2.420822590841429,15.661309947933532
-4.774729926434800,0.205551994786927,0.477770102291333,0.693413012154670,9.053320878709169,3.015447564451906,1.493001040027231,12.975823003031291,2.472517754135613,15.423089318863603
-4.376964177656459,0.032625731935336,0.278345393128685,0.452410208409080,8.578430655402496,2.103556222243685,0.999974752033216,13.059918260960057,2.797379755945287,17.428560729650016
-3.198071337085350,-0.305560024838100,0.062918561017597,0.479322350765888,7.353524381367958,2.565487281336376,1.491536868648918,12.852175208275820,2.816259766973424,17.679946485374089
-2.309102114329489,0.138135213601952,0.371482373693051,0.625163302655784,10.564042477424064,3.077161350373020,1.485819179710128,15.361525993713780,3.129826125542597,18.971943921324609
-2.973326603017012,0.153638098941841,0.373949566109875,0.580061274710263,10.282867510953832,2.791022307827321,1.314319835881737,14.900173565015120,3.058517787931816,18.635862968692649
-6.829435210199092,-1.133443882214208,-0.563144133269510,0.135117865377840,0.999514957991903,1.084489377505124,1.522062464145386,6.067019939838314,1.939330011347761,14.015158273496340
-5.628629666560739,-0.677817292460164,-0.254307672575561,0.290498173406013,3.779914412606541,1.797597854873063,1.643934363306475,7.847101877809290,2.143890221097888,15.007406534211199
-0.790974621509219,1.065830454181694,0.967999573268618,0.910133286488802,13.680265776928611,4.759737137551925,2.030875141217511,15.115379653817012,3.026418678150972,19.487056217824247
-10.346016016212600,-1.772487481970752,-1.080944726595550,-0.280313150149136,-5.356863978651479,-0.761325834318311,0.755665409279283,1.502609078202408,1.174863068228039,10.550801226921735
-8.723733921342143,-1.673423051603041,-0.917726165335164,-0.096011603600131,-3.604105023853424,0.025242300603994,1.050117430820277,2.749980374491269,1.525586426142326,11.858241089083990
-10.973898123890519,-1.736049913393215,-1.059200910003612,-0.336599302519180,-5.883549034826007,-1.132062772351131,0.442038044154923,1.000337757949932,1.043298308347350,9.819391513907235
-7.896880651461954,-1.564452845022732,-0.861347221838473,-0.034230982775279,-2.043743430818526,0.398295720222992,1.310307841041390,4.390520484106627,1.740456887857381,13.142533996665392
-10.012768194250595,-1.732712569752613,-1.044647090066819,-0.251667726135524,-4.901638794093433,-0.626314715293686,0.795008669657803,2.005245655104272,1.253284367701977,10.916320137442412
-11.178968222597502,-1.748565710909096,-0.983351821310548,-0.162019451345096,-4.666444428501894,-0.540873024150924,0.843767556462747,0.999468045677258,1.185095519492645,9.944169259541908
-6.663722472331456,-1.086826480215469,-0.482024121459318,0.080022013929657,-1.040427794878741,0.636106398973896,0.836618398479086,4.824596921723650,1.665518226626610,11.991465500766296
-7.164827296378560,-1.438708703038949,-0.757502042184348,0.023739587191045,-1.139437391052826,0.676077746638500,1.292169808533835,5.477509446523026,1.890154341171656,13.773602035266080
-9.454617605340770,-1.651502914579341,-0.974434738931968,-0.201078838010417,-4.070723343597042,-0.392724184516764,0.852178439128240,2.884059781893892,1.386575079112252,11.529346463700776
-9.222149981501941,-1.695641576429473,-0.932043189552031,-0.146214148521809,-4.681950141068828,-0.266680082268292,0.825232346715545,1.603986856327378,1.329520409059072,10.759747158514287
-8.518710503828158,-1.499723365794903,-0.860024863430966,-0.073719488880561,-2.272555105079380,0.212489333117278,1.235252522292795,3.684511512184780,1.574200859831219,12.439742607126945
-9.162676397484899,-1.736281320896521,-0.965724663949701,-0.120791930279145,-3.991269923050371,-0.108133849413176,1.049027250441723,2.296281023664232,1.465139790552680,11.581770712103307
-8.648536450030731,-1.666433053968501,-0.913025960880245,-0.089386260983649,-3.466236526540615,0.062095249236025,1.074058631043197,2.895128211302517,1.548072808158370,11.982073779302013
-10.608862584811488,-1.739359251494724,-1.078142743173033,-0.274394683565304,-5.268537803444904,-0.721369641198434,0.829432191691950,1.000272805816120,1.111145142240698,10.276173499317892
-10.443818763805877,-1.751834611707496,-1.079119461825521,-0.268677466584065,-5.212919594965857,-0.691807157794583,0.842785355728843,1.216087055099319,1.147854301873754,10.449562295930022
-10.744566585136097,-1.575757767227363,-0.856086042351500,-0.082716636244109,-3.294616253062006,-0.230545292189047,0.920004768174718,2.113902262397868,1.306744028035837,10.450203147371312
-8.326648925861589,-1.582488038556387,-0.848841633405420,-0.067767621395524,-3.197933326815277,0.144348857666133,1.013138371556007,3.123870243553778,1.562348047709865,11.961631795266825
-7.812066757929513,-1.469906799377010,-0.789082256087306,0.013644045005969,-1.284780798221380,0.544081115241087,1.379958856153866,4.581234744453536,1.770035890402700,13.197133923620171
-7.962011659001616,-1.578133456646573,-0.863915781398418,-0.032584417915479,-2.127489942372211,0.385720321042046,1.303331175745457,4.241955879845545,1.732278679174318,13.056845686227334
-9.820235921910223,-1.448492384368146,-0.832282670921463,-0.211892659165392,-3.560648906528943,-0.626732612672951,0.489433788534076,3.070195058530839,1.340985494653407,11.130259208964716
-11.336487698879962,-1.858117903721286,-1.062990374894476,-0.212375226548566,-5.562771958158084,-0.723188446439762,0.795851389573690,0.307101854548886,1.114699883080899,9.668754168673544
-9.002073021210306,-1.171879287302093,-0.683221972759202,-0.036619587680834,-1.236274501942990,0.373446994055089,1.138903643965480,3.436732605696374,1.463803149891139,11.948885675539358
-13.144437663892161,-1.435514738039001,-0.771003938970769,-0.095941162685732,-3.708888178861034,-0.561834196288371,0.519202801871331,1.744632633870832,0.999850803334656,8.517365910771034
-11.396596052946775,-1.392717754282143,-0.802093655418758,-0.333754375400543,-4.825544303638726,-1.468302139432919,-0.085698431640871,0.999845380724377,0.999591424178572,9.298439393243925
-9.479374870312411,-1.768332714657319,-0.989947825415843,-0.138123894204375,-4.290706137343808,-0.210482225185385,1.020249464161724,1.937152469892748,1.411202523931248,11.303394223570635
-7.529140794668917,-1.513454116980001,-0.818401532565497,-0.011546769853672,-1.677018587096132,0.521454317361874,1.290039605042538,4.965856259863653,1.817272552272410,13.485098261432412
-9.591575157416839,-1.492934696637710,-0.791822819756876,-0.021376861419319,-2.189141098252211,0.127285105897501,1.104764502673200,3.180190079198223,1.502972114878187,11.512651704860318
-7.800024334696316,-1.519259354877433,-0.840063386747749,-0.044810926995620,-1.958200771486293,0.381138326241827,1.219446231070877,4.846543036051639,1.758915605867042,13.273664911163777
-8.810948092351607,-1.492436450025705,-0.849248485852209,-0.134340705725783,-2.820131900913541,-0.117449929990554,0.858993786072677,4.094126907693248,1.549874540845590,12.240779689352607
-6.510777241474370,-1.004767193584219,-0.421459201168714,0.090972107240923,-0.999565914313695,0.618532474237301,0.748104329159367,4.815535092204822,1.614692129790364,11.620609400316638
-7.772519101921359,-1.378938377899220,-0.754755696781948,0.010675291286484,-0.999607703938796,0.574028998504419,1.374713376603603,4.674525328323352,1.740265842817227,13.170984295091657
-12.822590473182556,-1.241648848484975,-0.628276786906708,-0.014997777187773,-2.437690180427441,-0.247929669461539,0.545296357503263,2.963467802622016,1.101186329400488,8.894796418575467
-7.086667283009985,-1.419628128778784,-0.745177743960785,0.029947848136995,-0.988927410587766,0.708557779642577,1.296322591481355,5.651220086697844,1.909170785239301,13.871777969205127
-7.536142272872423,-1.450386814559421,-0.788506847423459,-0.019491072172545,-1.466137867838217,0.492416257092915,1.210625775640935,5.372245375171314,1.822391363250294,13.550683398711371
-8.610626407888715,-1.347453148541971,-0.672605137200760,-0.133779117249706,-5.202374176587345,-0.479334470900822,0.296617869225272,1.000323137949135,1.000252713076542,8.587008346497541
-9.502321638897554,-0.999899250367496,-0.497589681036957,-0.124325456569798,-1.185429335926588,-0.531024179120093,0.177873821470895,4.272267272608428,1.501076910561242,11.599084817075877
-7.917136519714729,-1.267392814519499,-0.676036578163326,-0.034938516163431,-0.999676924789103,0.299593872300451,0.909946222124712,5.719435351557376,1.777034150838749,13.232669943159507
-6.843794482834580,-1.343885258836110,-0.678336941672459,0.061403199698712,-0.700600674357293,0.804738338269717,1.248125628820208,5.713947518952590,1.922945851759657,13.781775697043130
-6.410303348656596,-1.023687187725061,-0.435807821887511,0.105144291724424,-0.622385097481885,0.734503110267811,0.846338822011993,5.194266797793329,1.705759555779502,12.147203704465241
-8.018904310639398,-1.572350406188672,-0.859664500379018,-0.029161465657944,-2.076294780166112,0.384847207679601,1.313227148132069,4.177801143753253,1.724089190090293,13.003351757786035
-8.369528363263255,-1.043530433850314,-0.583353973031769,0.031089565198938,-0.150856567249878,0.681768026788918,1.234792995622474,4.300159104987141,1.593647891475169,12.556453370020321
-11.754641865035280,-1.000274464170917,-0.662342496892831,-0.150123995475311,-2.610122973285204,-0.098737679720867,0.683622908355093,1.000298143354211,1.000253421089841,9.864746497961264
-6.994654756718360,-0.999898150865466,-0.416033318458683,0.024668972681156,-2.543430653451967,0.176673361613256,0.439511340710764,3.455743093085811,1.301040572262523,9.887610761665243
-8.988301011048334,-1.512164734715930,-0.795416293270470,-0.149904846633900,-5.161744127784278,-0.430351871527433,0.491550992483081,0.999385810797275,1.116697242195120,9.389629634917455
-7.880653114773379,-1.563933054900581,-0.862304262597769,-0.036539883949765,-2.058098404337773,0.395283513175885,1.302891284691798,4.432581287089828,1.742462673082582,13.162316448228907
-7.961536581708044,-1.493764258068189,-0.801919423983902,0.006176505479849,-1.476107397907643,0.492255325293544,1.356789505081305,4.388994752911980,1.747239858784476,13.053434984850568
-6.871309286638263,-1.073473931850923,-0.471605203111742,0.053148758088087,-1.690214317983038,0.443382337036072,0.689143239368799,4.183733387126562,1.522634632565375,11.183456230740305
-9.639294643943897,-0.999899254400532,-0.598845972299842,-0.035050593577486,-1.000212254720143,0.399856153225189,1.019949894884554,3.035883977871048,1.360926280914360,11.509315547500691
-12.547782155396460,-0.999860233816127,-0.451067020821831,0.080947243044538,-1.000066024220633,0.117679449437946,0.547044374527462,4.436044864989480,1.203548108350550,9.237570147543451
-8.950398793401275,-1.455844588351810,-0.764313182281745,0.007845783825589,-1.641377629566140,0.316074705423235,1.207876942820099,3.748914303823039,1.609027358613773,12.107104805864410
-8.567620694364662,-1.346699955505924,-0.772250865177482,-0.045419186661861,-1.624422624670646,0.329691969266550,1.227039179905375,3.734970230311159,1.552197316516545,12.339613180965088
-8.777040357537642,-1.444010074773698,-0.814522378370976,-0.126397821405373,-2.577491122335960,-0.107222668175380,0.817259702746405,4.282163097729789,1.565352226598780,12.284146544204177
-9.812975589944569,-1.726035203735311,-1.037487617431539,-0.230884684593575,-4.650033743794513,-0.512227537513778,0.878480480773894,2.174321939146989,1.295711286265988,11.135073008551316
-10.177706096415120,-1.757776810003360,-1.071100341201893,-0.257905894217347,-5.071388898651879,-0.639581899547804,0.848793638080481,1.616050585299330,1.209757346103988,10.736761917161161
-8.592710231670919,-1.517396601885033,-0.811130413172799,-0.008816949207822,-1.873767403042965,0.330173488996368,1.263084715061127,3.780770451303919,1.649331031014402,12.436032557115013
-10.769220996023916,-1.806065492324719,-1.112024639927683,-0.319676487416155,-5.910663081847193,-0.965684691394185,0.647809443605303,0.976372328800561,1.078957514200344,10.079243039154662
-9.362720461999613,-1.729100855019657,-0.962860506973616,-0.113058988428258,-3.791788194809147,-0.108597603537303,1.087015036340329,2.311434374692066,1.461921867907535,11.556449163071633
-6.920661803200785,-1.287618037739706,-0.631561966162972,0.059190202688922,-1.000488313814845,0.713747816019792,1.100852549710349,5.170133492866807,1.820936961676435,13.098559350149216
-8.070789062735669,-1.240537198425687,-0.593471705705801,-0.080667794165892,-4.290325418694426,-0.248446875027736,0.359851754327604,1.837205104273220,1.112412095022095,9.095727527658298
-19.223313514448350,-2.462107902187810,-1.766851058677692,-0.979141357177294,-15.793238465627095,-4.207760988283722,-0.794583319329026,-10.228249923088516,-0.777060658939444,1.000342176146646
-16.377071857381097,-2.157631106874519,-1.422527064966292,-0.828701935865551,-12.986200674623962,-3.834716545304045,-0.922005150733664,-7.126350124648685,-0.275319919841390,3.186926876508424
-18.301105641362980,-2.750211821309068,-1.759975016713313,-0.859984979260871,-16.981215687060885,-3.832883409042322,-0.677820471751433,-10.124714656078869,-0.608300022294574,0.999661507033793
-12.369593090935934,-1.867928517066918,-1.212059137651042,-0.415717695197816,-7.343502503490516,-1.408517577654860,0.513298849365794,-1.257475656101793,0.726553744308053,8.427764570310714
-12.825307478876409,-1.951387260108502,-1.139784948454677,-0.290568646033776,-6.920681348092021,-1.179111665663681,0.562816097060398,-1.066875841714296,0.855767078071861,8.277974880645829
-18.308894915953587,-2.462236691379950,-1.687418647260036,-1.000662774641339,-15.926876981867633,-4.574256680191580,-1.113183684936124,-9.971595658557863,-0.735531829541390,1.000310648559421
-16.474426872972899,-1.862675041491685,-1.109849475284157,-0.354948432789416,-8.092231740340200,-1.791856887654516,0.015348639285495,-2.045969582618842,0.382047117159815,5.461813752673309
-13.911787961262219,-1.931762297744299,-1.233269064526153,-0.600329256049949,-9.578911540755332,-2.604106142207284,-0.333021692019459,-3.222377105065608,0.344251427421856,6.295575409893318
-19.817557085786561,-2.153429703419704,-1.602989270228926,-0.896927100728642,-14.240320136084161,-3.709883108578052,-0.717791905183734,-9.688599159953402,-0.719621822234000,1.380381065305060
-14.953465794417111,-2.393996566479690,-1.468540134477479,-0.678403720231658,-14.278647212657479,-2.936541311399308,-0.426421306256512,-7.482207483787352,-0.195006056127336,3.010340248665430
-16.368108164786108,-1.335289837838973,-0.999708100729134,-0.473641977219368,-7.480838389099770,-1.583771563915460,-0.035097267679516,-3.959871019514754,0.171665976402917,5.921279456419925
-16.503729977365410,-1.708373562272979,-0.999649210849556,-0.294364322099328,-7.144585546085214,-1.573981759511609,0.007607442147319,-1.056399884986764,0.440411450196266,5.628702652885736
-14.547248392016497,-2.113322391673386,-1.421681559536633,-0.616602177288257,-10.401348816790904,-2.408839322351154,0.060521408719282,-4.184470349901449,0.234706467487190,6.014537863206884
-11.976059198373703,-1.951035128565714,-1.133423402871899,-0.270003050085249,-6.588403769996777,-0.999724743597736,0.674857352189195,-0.627623018554846,0.973032434021978,8.961431390241941
-19.099679248670540,-1.706372030840013,-1.305671139202357,-0.717414270770819,-11.248433813502341,-2.761932307550038,-0.497903411206474,-7.479352334183023,-0.398077724024286,3.089739557659855
-15.318449282949002,-1.862043385719319,-1.299266574769105,-0.576155573046611,-9.492994462755806,-2.169749208959613,0.056425929381492,-4.483581270817400,0.163963833520608,5.721276890860836
-16.150554689282089,-1.638641537675139,-1.184909432381613,-0.552954436540638,-8.892319844682948,-2.018406716272265,-0.036670336777115,-4.694255288838622,0.094020073795367,5.442253351350801
-11.677816749351434,-2.029449931336153,-1.185864111265495,-0.325984011526365,-7.751546357609971,-1.173228063866814,0.547901339858630,-1.465685419949683,0.877172229869157,8.543683844578922
-15.519862524435650,-1.621390252423289,-1.156806922996579,-0.515891696549320,-8.360355728262039,-1.848394493933794,0.063960398974960,-4.061641216638282,0.204246429229020,5.969274343332686
-10.874202308017443,-1.785525272780287,-1.000422810296497,-0.337771788532171,-8.581690709964636,-1.353328916308155,0.098048965761119,-2.158521201282770,0.600975518538235,6.820491536964185
-15.918272722452327,-1.609204636238593,-1.160186489031493,-0.532550904675173,-8.576579005239939,-1.920120519946378,0.003337276585076,-4.397088807053070,0.142362959311204,5.680056575640024
-18.771748776683907,-2.407574535534985,-1.524284402811042,-0.653350111685820,-13.109452830906864,-3.075131499762546,-0.398677573781306,-6.630632033288112,-0.217713069218099,2.689724494788025
-20.935755396175963,-2.003910269874108,-1.540139609514592,-0.900737420442446,-14.104658581173130,-3.671494056133836,-0.841971273094323,-10.109968245314167,-0.822704265710374,0.938728193737902
-15.103705804458270,-2.345495404779910,-1.440089619331377,-0.542351600405044,-11.387060954369591,-2.325445432754333,0.063412580011211,-5.069664226144756,0.257537803694711,5.357754017997181
-14.334586043136921,-2.145102014452719,-1.419452138643146,-0.633037087415416,-10.615834421811119,-2.548977063989864,-0.055366577527370,-3.988703946440570,0.253127918344863,6.046541999283805
-11.574372371978241,-1.939155243495272,-1.116683865918856,-0.382512505946880,-9.177573746109605,-1.512590343533331,0.144656904325987,-2.758363599824907,0.572017370740732,6.800825839769048
-17.748648286795955,-2.411894467392610,-1.689142402189856,-0.892016430621884,-14.542875313377703,-3.804372773006688,-0.592693482172545,-8.549185244954220,-0.494079536235492,2.387615910825034
-13.323820706928457,-2.220032732657466,-1.333076548134107,-0.485221229546189,-10.660116311162515,-1.970741366561211,0.134531020252223,-4.229258375769337,0.413320645690270,6.162660362983147
-17.332963465084944,-2.144626910422452,-1.320614852235162,-0.496129855387007,-10.440433549708278,-2.377126159841791,-0.134290811392561,-4.230799039653608,0.131665650788257,4.358526306107351
-13.423247045713181,-2.162616731826934,-1.288174443059288,-0.572874291197694,-12.658375426606558,-2.463918576696839,-0.328065041359263,-5.894653937354679,0.008626922434008,3.929357877092216
-12.666626239509794,-1.508911525261152,-1.005472251817976,-0.333145616031590,-5.711044827446845,-0.999520602639504,0.530060031836353,-1.000370356664167,0.730332133657566,8.483257654310009
-13.354413190120438,-1.912406152019459,-1.215483524473879,-0.551073365492456,-8.933901627502767,-2.306477676731786,-0.157034886358061,-2.396952585745726,0.479283103740432,6.997052798617333
-11.764581245828124,-1.756598807488604,-1.082655397178103,-0.404675340453108,-6.739705083348557,-1.537180998023897,0.194285384049067,-0.018428569165213,0.862851047260119,8.888056942649413
-15.325732862884633,-2.438303886319976,-1.503309512327671,-0.714880592451406,-14.925020803825991,-3.114126764843730,-0.513066319035442,-8.057244862867083,-0.299238838453749,2.482056538385721
-15.611293957182836,-2.445499402057278,-1.507857086352050,-0.785822162049328,-16.397792541745151,-3.483764291330457,-0.793043030911868,-9.181875707807638,-0.576197754391671,0.999970899476112
-19.293338783671160,-2.128767724223682,-1.573599107610224,-0.862969692765634,-13.747179085278763,-3.548756488909701,-0.630186502866831,-9.120866778543064,-0.621594761786010,1.863348634729832
-19.777943378363247,-2.270767689346893,-1.439199721285388,-0.618727675944782,-12.535840920082340,-3.025632747002459,-0.514185381752833,-5.889313500723620,-0.264474909276673,2.263482550802153
-20.143535260392113,-1.970293975886781,-1.498525351645319,-0.852034689089640,-13.397194467010106,-3.445414911781766,-0.713569096521584,-9.314311382985512,-0.683192659806263,1.621825540832774
-17.501896466551656,-2.581897682503942,-1.632828145226683,-0.720959719774998,-14.433769883480412,-3.217967869721389,-0.359124939396363,-7.879225711152845,-0.241708589666309,2.810950816720934
-15.887184959546728,-2.127246565752072,-1.473869428497293,-0.689620558527104,-11.407960562930061,-2.750608967931041,-0.120048806048910,-5.716239754484423,-0.024115374084406,4.762502476878454
-17.213763977837161,-2.357522363673202,-1.596500714633437,-0.902638256285376,-14.443263496754401,-4.063858618829896,-0.876858003949425,-8.293655936513506,-0.463945330376748,2.366800049261983
-11.017466433717329,-1.940604208193925,-1.116943242890545,-0.294705568554581,-7.317576304046145,-1.012904262386142,0.543184581555278,-0.999743077053086,0.935162689135315,8.794161430514677
-14.972540329748979,-2.060354054852646,-1.340990179015066,-0.699729927205393,-11.144623961104418,-3.102979435597516,-0.535877026990585,-4.881218237054714,0.081117718483686,5.008719919899463
-17.767464202918958,-2.247608996683546,-1.398864069174282,-0.553190229737177,-11.406597333058574,-2.622351260178190,-0.215664620468101,-5.110048680900764,0.015693829434519,3.821361768026848
-18.212258922222972,-2.491494662237756,-1.739414323332448,-0.956948900227099,-15.511374379919207,-4.180933241857160,-0.790151731565214,-9.412809287630513,-0.639353828731490,1.620146089398973
-12.033037873313090,-1.746005523438464,-1.129803968415813,-0.360843319135427,-6.423125635429276,-1.142010221100092,0.605864067098849,-0.716714523640281,0.811483371043697,8.844286814741267
-20.521283928649140,-2.558835904145755,-1.653258657591778,-0.771461759006216,-15.100221162211501,-3.652746028887419,-0.688731710273710,-8.325844185486108,-0.548397442868834,1.000096750468047
-15.797258546348855,-2.153445024256202,-1.485903877597166,-0.694115900839197,-11.507085272228462,-2.778967717811552,-0.122885140894641,-5.681623815897229,-0.016649051562648,4.792615120924311
-17.760079952065311,-1.821904964870074,-1.342762935094613,-0.688872591564489,-10.980361851133321,-2.674116059861772,-0.316244208067022,-6.711981019176211,-0.237764600695914,3.806620102487714
-15.146801055468911,-2.185386950910310,-1.448743332289685,-0.714737959808981,-11.690600761166767,-3.044389134444683,-0.366075044063223,-5.155199495782472,0.047731276650670,4.959214003130442
-13.653979940472011,-1.453474294941388,-0.999932370746341,-0.371384378299888,-6.168451472485263,-1.165261533901057,0.374557214874928,-1.860686755811049,0.569233448254654,7.735540552820440
-26.602068977173118,-3.409485894360852,-2.342687760001404,-1.411212146736315,-25.913227944558788,-6.490012999964547,-2.022161773023956,-17.668144124730009,-2.188041973416035,-7.122473142683005
-24.437700779866745,-3.054873390775688,-2.058510716266326,-1.131733265327436,-21.166637511086311,-5.286681137479063,-1.444081936616203,-13.587137913217180,-1.469751510477502,-3.572861304064886
-21.557133436455942,-2.211604483951813,-1.685351241315741,-1.000579661560900,-15.721277588436887,-4.193269493788902,-1.000013859962052,-11.450749601424651,-1.029133099259159,-0.141879674105566
-28.132676849673189,-3.228683254139312,-2.446916553787292,-1.750428007598386,-27.167343086039136,-8.208512188256604,-2.815952606308450,-23.028073949084433,-2.951729099106717,-10.270898831036916
-21.665667076367626,-2.527164548947829,-1.877971534603030,-1.119880261205815,-17.770613995796413,-4.864679504111988,-1.164381781087142,-12.834653510855834,-1.227696024742432,-1.229130691358946
-24.863286536833229,-3.049645760370431,-2.233098927871344,-1.541143051363059,-24.129223839321192,-7.261083062327399,-2.338197920559640,-19.367137470348826,-2.297638970497875,-6.918966592051233
-20.938676227786445,-2.735606342016770,-1.945524855901371,-1.208116407424187,-19.216399424761374,-5.531611693198895,-1.471637634912483,-13.567502703276933,-1.326639574013317,-1.905288729607959
-23.378799455666112,-2.850136661001628,-2.106681675532217,-1.340011780168950,-21.189753509766550,-6.063194967803240,-1.693137302195435,-16.072630720092594,-1.757439871336966,-4.000790298213032
-21.203138324302913,-3.078930274190527,-2.027246313999537,-1.141652450832228,-21.848501299253360,-5.156000517229357,-1.351091367030386,-14.345038076835056,-1.402062230420787,-3.023622962082427
-25.182111265856278,-2.937385587462293,-2.211232244110801,-1.458129442701635,-22.884062736061104,-6.627502623084863,-1.993665850134906,-18.148086776940250,-2.118398197116530,-5.835070054855932
-27.547457267190666,-3.002311949554837,-2.317747516497721,-1.591762957659357,-24.730927742685523,-7.237578300083809,-2.360205422415294,-20.509871130513535,-2.546700814282491,-8.016129879995461
-20.389826562027665,-2.934929363351821,-1.916499878938234,-1.000062563797525,-19.270007961897168,-4.526531886327687,-1.000193274332608,-12.172897114617559,-0.999743305274062,-1.000152133136125
-21.076456351381680,-2.739093380872390,-1.938317420290201,-1.234615599308299,-19.543700400207829,-5.727968293069351,-1.607640969491143,-14.008305629149095,-1.396950825451629,-2.309242307484296
-26.241526089096382,-3.075124846420701,-2.313695048934856,-1.577879081240497,-24.673971441918020,-7.287890389147007,-2.320995350349245,-20.080514587139010,-2.441893364863087,-7.554600684071047
-22.224851193956837,-2.322256350772256,-1.770958069532359,-1.071049370025911,-16.820393476982591,-4.551376430026066,-1.142120663901490,-12.477211347415437,-1.196626979474704,-1.000141981696983
-22.243279361430140,-2.821202965690471,-2.047721055229202,-1.286332561595275,-20.423038250524296,-5.854207325312357,-1.591235060790967,-15.010988442275494,-1.571283385118494,-3.094909174575050
-25.883692187164556,-3.108263828503283,-2.308641155074035,-1.596847120761834,-24.969494401473185,-7.475579318555615,-2.423643524644417,-20.341318406822712,-2.473020646908747,-7.782782664315973
-25.305668752709025,-2.887857580163166,-2.188803590318229,-1.439011314540303,-22.552716662950871,-6.495553368641934,-1.948653687943438,-17.922302000102764,-2.087909722637586,-5.651114192801301
-22.162974074469830,-2.816682861990902,-2.001181717354662,-1.339047854276867,-21.033797790064565,-6.322434027225794,-1.935485954539696,-15.863359250650024,-1.699805272308598,-3.901776506906358
-23.817098672525603,-3.170344593255244,-2.130492064471134,-1.196885072473882,-22.398823296719723,-5.507844434753776,-1.496869548258562,-14.817560234261453,-1.577059995387111,-3.996200948373100
-20.170603696218095,-2.559602910299440,-1.850002434298593,-1.063984688843905,-17.074491351165907,-4.643104705056173,-0.999813548320302,-11.565060126576260,-1.000202178730159,-0.130015271768243
-22.241703622183522,-3.195366237581822,-2.122992996760113,-1.250362840208969,-23.722430750202090,-5.654290741353689,-1.617154273919474,-15.896110940063114,-1.714162179423528,-4.611383507835298
-18.074976270688680,-2.759610515812669,-1.757236078687834,-0.999630694470786,-19.970723735672994,-4.477727732194095,-1.208628849705733,-12.348685941654129,-1.125440913710622,-1.717972642338181
