2.927982098480255,2.085512449287399,1.776116109448876,1.421358702817973,28.439522213404715,7.375855922260754,2.704655899817785,29.085082313316260,4.555348525541237,20.699582215514134
2.464117689854886,1.810801653463071,1.572620562984649,1.330439135121805,26.271778756936627,6.875319017480670,2.613862700843731,27.499316429473762,4.363745505822416,20.538696311831067
4.029470754439769,2.121103814232181,1.841470239999277,1.418517726816001,23.205002207772182,7.026459240132765,2.481001175266108,23.585196900253035,4.141713277379622,21.995601185365494
2.896882982626847,1.912588748465561,1.648036732536756,1.378832333973599,26.842097723302075,6.996177847121493,2.628652771341751,28.000483239925412,4.400794127284688,20.651993265242105
3.680332651994361,2.074238267979144,1.813151791676837,1.396921910773683,22.760304054046870,6.911650846370143,2.430355432655109,23.398395115576303,4.101062017513583,21.714074005735533
2.622835981796113,1.436683266483100,1.311363844798990,1.170297675979528,19.810770733844677,6.033931089045068,2.466182139357965,19.194423758512524,3.710877450867687,21.929287176324344
3.785539268356827,1.974372300124873,1.724677939743439,1.370006293128808,22.519541381338243,6.820127073145350,2.488458591370528,22.679799376390573,4.076958222830082,22.086528214716161
5.379132940934126,2.133676484065542,1.829643170125595,1.439338389692856,24.655434066070498,7.374195993373902,2.731006556049716,22.632865602525836,4.093987868042720,22.921712847949429
1.000588725445921,1.045078866691195,1.034788506418506,0.999460939973191,17.104044723107748,5.291531259775389,2.282879346680180,16.714293648521672,3.353357773119535,20.745024386536379
3.585146236620387,1.694213521909834,1.499620344982413,1.273403573261231,21.522199756636454,6.505139901562379,2.559707948917094,20.647377194096745,3.891709362192054,22.417440107135683
6.849653046355781,2.696002142735331,2.243269279176463,1.645009265642574,27.345390209123835,8.169174989839370,2.795213642859067,26.302661845868439,4.489008957604669,23.503053476496170
1.858441236103074,1.378581583265500,1.279855672743601,1.147101239587650,18.784308084926423,5.783688210292339,2.322983650125475,19.368309805642067,3.730774358804889,21.306022701288150
2.183779084173620,1.791824253275074,1.559334472973805,1.308288834360632,26.226237432063684,6.882645271906788,2.613847727950484,27.402932697200239,4.369698087733622,20.418606306416557
2.524508988563396,1.626049893166948,1.445223176128812,1.270105657990261,23.503451395354162,6.274523131317415,2.423308118215679,25.685564807936768,4.070777965528140,19.812499869580130
3.981647397765853,1.967697564597607,1.713028254316020,1.372010844782035,22.671324418326392,6.851636167754811,2.530397473861808,22.554914151534827,4.084501434862811,22.325368442553149
1.616884524991447,1.557717696719154,1.386508307774912,1.219900308633242,24.402195253306175,6.469510660096708,2.534899615774335,26.027068644698144,4.211537974470102,20.167742636334530
0.999945702730640,1.050121008417248,1.025734556714825,1.035019000932050,18.797881416256544,5.217403263190682,2.193513729780106,22.025671224995275,3.648563373982280,18.710279863155812
0.531342881967573,0.999547797394765,1.000130691547454,1.000044728431134,16.210079411169389,5.088117554096377,2.186340549883639,17.294416841609685,3.493009634018004,20.603720481064038
3.469518175695141,1.955253129915998,1.718720577581070,1.357415252767831,22.186863755192533,6.740088134199325,2.432833836866379,22.667744754916551,4.049199791498039,21.768184928554824
0.999868307462618,1.013818157276315,0.999262639327182,1.002203534216658,16.808513123281458,5.222804434041072,2.296403218184139,16.978762626134138,3.443684666846983,21.140165510927538
4.617579205111481,1.944419105213974,1.687824343504511,1.367476122137369,23.349032705075686,7.007641242549091,2.661818686194693,21.741705630960151,4.000419920581403,22.714194708363088
3.332817389798931,1.958887371634471,1.726449657768715,1.355381889043764,22.085605942685859,6.719744889970129,2.404533835289322,22.741566694715853,4.039835204256479,21.599069287577997
3.628427993221619,1.694208887997621,1.507890085063883,1.265921540215772,21.705275973510496,6.549591651267419,2.563222400085833,20.295188796825808,3.813781107987462,22.159040916422093
0.999743650805142,1.000176366112237,0.999775297635874,1.000081977980767,17.239226932910540,4.922688472033292,2.054805070733472,21.018464191510812,3.469718159246265,17.939301700957678
1.157313544481765,1.060415955785167,1.032245995347371,1.024660649799452,17.074440427779180,5.298518775236814,2.309064855264167,17.358713037774915,3.504839928299904,21.265321523080779
1.958065401405731,1.523258391828455,1.362823457229431,1.227575818068233,23.699002116358386,6.291929511733385,2.484806385531174,25.623970652342788,4.125398152117078,20.094717638576320
0.999937371170047,1.286415268629067,1.231756967683103,1.100645047517275,17.712863942787024,5.517809099910287,2.175183437464409,18.998641984638649,3.636016853793037,20.417179853753218
-5.788966332667558,-0.802145563581327,-0.313853177413655,0.273054937021566,2.953876469524131,1.636221494781636,1.385329200711020,7.289206105457137,2.239739009985025,15.862439068568159
-6.740721362418769,-1.123940329437730,-0.582549515635921,0.129517162335460,0.849191335040997,1.086668458976802,1.377701381768127,5.979375459035222,2.025375552328501,16.236062725058098
-8.078314086920857,-0.767934772611195,-0.288841693489687,0.018383120302888,1.000086450244068,1.373541228362299,1.000382228071734,7.630926529463520,1.919532001744247,11.577261845277400
-2.499832569744756,0.078443418001057,0.307803849395026,0.624718048510218,9.933345448995011,3.408668887826052,1.902605203066790,12.075805555999519,2.833356536987490,19.183676066017533
-4.049990581326158,-0.237971902912851,0.105801315034244,0.500941214742191,7.065040163202594,2.696172385316372,1.602713411955316,10.408381904369715,2.631015053755259,17.178724385888465
-6.872837409418837,-0.864217238743909,-0.308985189310396,0.221025814625610,1.643640677923897,1.349690828624787,1.111503834335398,6.440592961622994,2.034763549560032,13.836254388898846
-5.066700184205972,-0.627756221918571,-0.197227429892690,0.348240754332861,4.448863041686264,2.009241825777990,1.518957641330598,8.386319647900390,2.393035659731907,16.803952585387826
-1.297998356989995,0.653006971841033,0.771457517458323,0.851200757113356,13.268328137985987,4.331971352905760,1.909024535098162,15.442180418445613,3.214959150032189,18.913675948291875
-5.565944720449254,-0.726474052136798,-0.257137912027883,0.303674784095255,3.503843934344515,1.777402591222212,1.412910512148516,7.697615609868987,2.291750784559006,16.030189140141935
-2.977889136111303,-0.012296660059092,0.230238584618731,0.580024394211882,11.519227137484632,3.542026854761473,1.913920097775600,16.106540290364190,3.060278456110963,17.599836663069418
-2.063114960762350,0.401964193646563,0.536411353638238,0.727432230845975,14.887257876010564,4.348113968168675,2.069691174956493,18.707635978353149,3.369232933443334,18.149150615776641
-7.429218076607997,-1.046802661920879,-0.505095358949568,0.094596504364223,0.584935671792052,1.000320936259399,1.237359501337405,5.180122116598224,1.780102992228755,15.263858584122199
-5.356970464526585,-0.533437007643685,-0.150359653071799,0.312344133839628,6.488582834592036,2.440991385651130,1.603476843831505,12.190303010792146,2.575664332110388,16.047145181453224
-1.139847704658694,0.369547863047625,0.520216922350566,0.760284911887383,14.050299647381690,4.104975732855279,2.003074675819083,18.142663852815982,3.250582579454224,17.870272629823596
-1.996297961870384,-0.046565060389400,0.260029729678088,0.523823267909952,6.849796887374920,2.662139963985878,1.403457003863038,12.960633089069685,2.433985161852113,14.229490728501498
-3.973598083402537,-0.057319702491702,0.251005185090995,0.499320346163344,8.458143245161933,2.971597386401085,1.637160482915251,9.907393510436290,2.355911401274107,16.887852244449384
-4.854327110583727,-0.924222913112706,-0.373414380683986,0.150970070983603,-0.187200762261044,1.000327853575100,0.999833131410395,6.957594556962076,1.746490700656032,11.851038672053500
-5.804971461613620,-0.547377989925356,-0.120294953164178,0.293415774414523,4.496813754476717,1.962713438891583,1.417983968240144,7.396533466751518,2.038915406384491,15.951721066014096
-5.333793100458722,-0.574462652239323,-0.130587753215050,0.359026424048224,4.392142459560501,2.017475014758758,1.404980232105036,8.411610157675280,2.359955273394649,15.882552927066905
-7.575855116145492,-1.220487415921769,-0.656924996089727,0.031668609906843,0.426535775270919,0.999561771405310,1.280303746722121,7.318111145842292,1.989530366784073,14.792354111255344
-1.000088252787593,0.326865826116017,0.503472271228531,0.729399077461197,12.418083727127692,3.783671043390028,1.842780744718474,17.014956925846032,3.047246375866755,16.867392278869822
-3.745468678159584,-0.533704798238788,-0.131029133210571,0.378690832201831,5.910159952257414,2.244911209348060,1.534729904174631,11.599834036619765,2.467308007380931,15.366151971570270
-5.900316718815263,-0.464233897730374,-0.088859897284734,0.272073931044416,6.019829403664245,2.416917471728666,1.483329820933188,11.775076028078612,2.493212592787141,14.957776315543692
-5.909103750743514,-1.171702919167603,-0.597566121876670,0.113815085067776,0.690295579072155,1.012352023907311,1.256865032686215,7.169610444766076,1.984294447807531,14.002281777278876
-5.058579276106927,-0.973394645821266,-0.428468487509724,0.164539674430689,0.837979528818052,1.135903091892359,1.148810685641696,7.517921205052798,1.910490384262288,12.923172374273230
-2.353796854559294,-0.140289271137930,0.171682118331693,0.521651803081927,7.906409516344253,2.779739931113595,1.561983762103277,13.439721705784276,2.598138090062988,15.266454588372875
-5.796839443751439,-0.747487341611507,-0.310196527432831,0.243227729188253,4.861780724405618,2.035034247884609,1.540229090297050,10.892950521240660,2.430502547524390,15.914765443774451
-0.484691580206361,0.680673388339091,0.768331334138117,0.846434859216849,14.392143712448002,4.563551397911090,2.113344367754167,14.695492133204649,3.086467636691711,19.880239026658835
-1.549805034543867,0.694307447969283,0.818615925939929,0.858227474533904,13.254476132786136,4.346595347046089,1.840118111552117,15.717253485371597,3.199646131838775,18.434206010143377
-2.016565572098459,0.446282677546804,0.620522185634857,0.769089804573622,11.796525551953279,3.943490756323142,1.822747841535215,14.264152914202892,3.074031216374681,18.410854329174917
-6.475188253370918,-0.589936547709537,-0.128971207737500,0.244510415910718,3.891451508926095,1.770089725357379,1.275528839461928,6.473603150191704,1.840974417931712,14.708354041304569
-7.043713773119821,-0.878975052527784,-0.398192815157977,0.121183230487842,2.702070276421252,1.601102540775442,1.330017074907261,9.194349853194009,2.177969361546960,14.547836726014390
-0.474068845953768,0.884176389295180,0.939724884105710,0.942673041550985,14.903800986450348,4.765924278401065,2.006389407800344,16.750465675585186,3.370860013151058,19.472935242246756
-3.637353089833953,-0.423496193823562,-0.063283134621072,0.432263425291056,7.629933209935826,2.618399253895887,1.685952972634490,12.972750325192688,2.672072607776278,16.395915860504026
-5.516932680890948,-1.050844762547648,-0.512251146836276,0.166512737003485,1.835987857428974,1.277560599738535,1.332439107714192,8.149949812657663,2.100825968268437,14.441883775623461
-6.396398106230906,-1.056202344062847,-0.529771647055085,0.167433457692540,1.425864473979529,1.231043135626677,1.407025424552817,6.344310008830857,2.100759761169015,16.333190125819264
-2.886672436372082,0.171716339775512,0.367485939997591,0.623581483763872,12.843644401655252,3.891669132053415,1.958016784382497,17.129328435337694,3.180025187989375,17.631917502998185
-3.262108515465416,-0.255971196313148,0.055580702299783,0.499653608697402,9.268525019599975,2.997690075269730,1.787998900429933,14.301794784024931,2.836937021395616,16.968827846056904
-4.215020541803272,-0.678318905434733,-0.236431205071825,0.318212817183158,4.707452422649068,1.963485424690730,1.469543618239744,10.596657298117290,2.354751283002545,15.030806796997860
-5.234213771650063,-0.707924826408565,-0.272602115036133,0.310693086827918,4.043075576822799,1.895410441147255,1.559331866835465,8.091516924460333,2.337600764974296,17.265770015812613
-5.693482266374774,-0.539917216732418,-0.118306998769434,0.301864178126642,4.605943133941720,1.995955660630954,1.441107683326916,7.551979821465861,2.072345515233137,16.147113929569961
-2.917272326517336,-0.183774997484724,0.111513980759898,0.531505105139229,9.698966818690407,3.097482208531985,1.797389002550678,14.646518065804852,2.865669857063756,16.946259061953576
-5.932270892360309,-0.600347408345977,-0.195525465454945,0.254172911957916,5.449395320081477,2.233726778909712,1.506872728399952,11.367635219699306,2.458782943349994,15.414258193362054
-6.873548417433669,-0.567895482149379,-0.048372543948052,0.319075471934616,3.237018871677221,1.798204907853523,1.045282992538232,8.167508566373154,2.128043361584743,13.328962239606193
-1.294224332417928,0.823298686997567,0.920723923198479,0.904533053574601,14.015836079026554,4.557898642508476,1.853195219977026,16.494028503036869,3.265778428534897,18.480247048252515
-5.828941254996964,-1.077910941338054,-0.544395663226237,0.160227237520051,2.139175697417797,1.334112308722722,1.402237457195158,8.423637712867329,2.168850925532122,15.124755123335769
-3.675378672479455,-0.263296629828883,0.045669128658523,0.480903526364116,9.386704156836528,3.043368537432797,1.806228635373775,14.426471809248024,2.863217769800662,17.140632576965281
-3.748969754421653,-0.201213682388698,0.107617725422767,0.490304499549238,7.701084187793596,2.821305932883077,1.744571036573618,10.260280182419361,2.544149873223925,18.228070918585551
-8.162142372839201,-0.903311432910349,-0.343948048363328,0.079123630987111,0.999802414013813,0.999795307483779,0.999945541882191,4.127790564662175,1.465071876187875,12.861764958043631
-5.904059036669894,-0.681754153550511,-0.237493441991616,0.262632990612624,3.675167220402911,1.779997692341019,1.448282052176135,7.272703593829928,2.086345327233071,16.464652172111975
-6.971794927579269,-0.406264729547737,0.097017244614607,0.370980756568725,4.073527329162927,2.040604968892572,0.999793588860258,9.269848353249014,2.173365834166463,13.022440709392294
-7.277674018230146,-0.908803666162962,-0.418133821577827,0.096391309035761,2.232751757905204,1.502895828623117,1.284871913596661,8.814809854096207,2.122908194232287,14.248473254477284
-4.026230759199750,-0.315710445092539,0.017998984688855,0.454576477228594,6.913065792614772,2.624372085389779,1.719507035773784,9.881850350508838,2.526300382861932,18.183320634000658
-5.879097535067119,-0.372776751379921,0.076052022732550,0.409316148697814,4.961945364945178,2.220910081418572,1.213716208762335,9.380662253428905,2.331998009827664,14.452846298872879
-4.894622828544032,-0.411423288740899,-0.035138825804552,0.376906685895345,5.831353435333154,2.325761440874166,1.573104503320434,8.660042879246813,2.268814999110645,17.082698835650028
-6.354175291190261,-0.656591117336915,-0.233591360715546,0.209175373345590,4.605572134170712,2.060155703326777,1.429529483087198,10.690840197439680,2.363566209187769,14.906251831809408
-6.612785333704226,-1.227312567628490,-0.661184198633969,0.091457434190765,0.999306906507583,1.072192144269436,1.365304374809912,7.525396867741617,2.079046880842188,15.215288861151288
-3.128801318506833,-0.091018322705484,0.182628214123533,0.554360652562752,8.658942651902136,3.077469988703277,1.828445184783738,11.171175123494944,2.714125620003471,18.790360887808781
-3.671070985446663,-0.494223017552605,-0.106009923422207,0.398686451742528,6.485485751454872,2.368528336347736,1.583707907497179,12.055440081267246,2.534316323885625,15.692121252747137
-5.085234142809002,-0.247829457565385,0.148655717057276,0.470697262542996,6.173104515008346,2.513556548360575,1.354827452886232,10.156901262207722,2.481242635263807,15.400609229056267
-5.899504119759415,-0.719813154534589,-0.270950129950631,0.256509612160946,3.482964643085849,1.738239106884279,1.462224121412094,7.280745363839853,2.110474503563288,16.632721241885513
-6.346429230458982,-1.044322458192557,-0.509967021584575,0.177829790078844,1.416526906424976,1.232706753567555,1.366857054623795,6.251789147172016,2.108310424306821,15.906967402648712
-3.908613456431015,-0.357765590916359,-0.023512991971397,0.445084035209150,8.577760212195313,2.851757437649680,1.764919033634795,13.779400144940492,2.787619969316622,16.958044642295356
-6.717287101069035,-0.672978896675727,-0.147871018523775,0.288281295063960,2.773354393072124,1.657133409188005,1.099739103692298,7.525682027320156,2.115869692398063,13.714593803251370
-6.521019687354981,-1.241489186267091,-0.668371984776414,0.090319431834472,0.830035270906434,1.027296448411604,1.347246280109325,7.331340265849005,2.057535644605095,15.029282174262329
-8.994052392396627,-1.328689289199876,-0.722290211946335,-0.104621361710668,-1.978601517694231,0.508576415608167,0.999902819165403,5.411318550731264,1.672533579505539,12.839967357098255
-7.979060004003502,-1.682210560601238,-0.968425015197427,-0.095602398448407,-3.586086312815995,-0.011763310525254,1.020324683297487,3.147363696106024,1.592631730291749,13.067680035767745
-6.499193006406545,-1.375685867490545,-0.661537693377787,-0.115287715340758,-6.544889962908700,-0.272083811852881,0.459637406042038,2.218748225707086,1.000109229486983,8.402197625330581
-10.698862498835313,-1.533234743917048,-0.853332786478137,-0.291378903640237,-5.604189313653068,-0.284337768938507,0.607759698341968,2.348600297709706,1.212780991378813,10.067577332922321
-7.994316567762342,-1.432078376611088,-0.814507620041122,-0.032010898247100,-1.210327015290703,0.583689485583093,1.222374109637333,5.822435192674104,1.844995346288761,14.743983642859456
-10.499451007089094,-1.811647283635838,-1.076582170834926,-0.275284915223584,-6.048506586158327,-0.562191127570473,0.794667647591848,1.606945699028071,1.220478408498365,12.445690419511374
-7.725182669084818,-1.479408618241211,-0.848694359213077,-0.022240013703773,-1.362935479621613,0.522592337921054,1.241335018397639,5.465308889385708,1.851964966923815,14.884897422320302
-5.157134753376470,-0.999923849655824,-0.394595392758511,0.048561606048314,-3.528168960353740,0.450710159814647,0.655472447514365,4.866298819748349,1.316484516784466,9.643262466204982
-10.342952361247415,-1.369391310423819,-0.681559932567577,-0.154133696998944,-3.348583625458262,-0.111687995612890,0.654037703497720,1.000196292966391,1.000083856879727,10.788061591235527
-8.534462738654058,-0.999823896570061,-0.417394051235001,0.035876008997665,0.150306530135210,0.788780519148978,0.949585048721714,3.595090911669840,1.394793720124020,12.632332593623795
-9.946910416957637,-1.672253295847418,-0.977679354132427,-0.220259544153541,-4.698378941474447,-0.199329922008915,0.881232463561862,3.045732140135667,1.396098770343218,12.688455644127311
-8.310836287698310,-1.838123689695620,-1.033649950870731,-0.222977232042307,-6.975977781683627,-0.685309914945478,0.605491069070083,0.743256945613720,1.092679627280936,9.654843260978675
-7.554256151006955,-1.371481785345634,-0.766371432691912,0.025287293387771,-0.999827931477556,0.624300268890223,1.270024583121119,4.886730259392491,1.861949647364578,15.531713853139474
-10.434719639332927,-1.769240737511180,-1.045730334467812,-0.270892931672661,-5.773206137726378,-0.466422143407130,0.795244842919184,2.071310534852498,1.261450845600275,12.252326913141468
-7.770728626782004,-1.425849226555166,-0.763309044813828,0.009375961461721,-1.970015970991356,0.402813199508983,1.060974350772716,3.680025933279407,1.740662125071686,13.618564334365823
-9.497029411215992,-1.000215874399386,-0.444508969606364,-0.156104848453272,-2.585762747205352,0.591751737518592,0.658548032095340,4.624867837210329,1.503793125632771,9.197815393365881
-7.813032109987732,-1.554068901344391,-0.897615235260568,-0.039086910347926,-2.119929920956723,0.334727918900014,1.194555260677142,4.430318471547364,1.781046212559285,14.675384572943011
-8.107012471881506,-1.186066526002176,-0.604292534909336,0.023085871183865,-0.703124162364178,0.674638955021563,1.132368191167944,4.246269348113057,1.631382685515763,14.610208718416510
-7.945468116080876,-1.614238786723214,-0.925637952436974,-0.061354550311730,-2.914808989557785,0.146419572689239,1.093742773776095,3.465803718443337,1.683043504766938,13.844536396008204
-7.851424211855504,-1.389016672816265,-0.778901917669466,0.001702678899390,-1.344219046905822,0.543555091228100,1.235364869443647,4.628207646252574,1.795656341113754,15.396564936918930
-5.115045976584627,-0.999897676272366,-0.423376400128676,0.110156862540515,-1.136438209405058,0.802316296399822,0.923411069617141,6.223015468517358,1.638609291132002,11.364947156928389
-10.221567560521139,-1.462136085701398,-0.805896508787558,-0.237458610896451,-4.527746375340188,-0.040378494853592,0.716248263071460,3.264267612513547,1.346403485387202,10.808996383746200
-7.222768367432893,-1.409833639475512,-0.794106592492271,0.017787939128378,-0.650657913045437,0.680803838501091,1.275160843173620,6.040712792665087,1.922499732768194,14.848820738486831
-8.194145684978496,-1.504357340870863,-0.867659073889418,-0.057067591027351,-1.849309654762395,0.425525423925236,1.193270043977926,5.196908346194047,1.783529688821051,14.688375869549583
-5.176864431062272,-1.016295683255450,-0.445190104400934,0.122128578866132,-0.511519144897464,0.889333186529498,1.005125272139998,6.571219174749726,1.731884276679561,11.930399885612013
-9.374890335769935,-1.497578922690128,-0.849506254061598,-0.154267095701796,-3.177713694427483,0.190137743564356,0.962758061064817,4.401673433975813,1.560231954773822,12.917755773802122
-6.071442667453839,-1.259338570503328,-0.580718300885935,-0.060742189329872,-5.471565103366332,-0.028075464903183,0.536617468815663,3.116964785261414,1.117420330500976,8.890132947575831
-11.114792781236945,-1.858973739528132,-1.104760530942388,-0.340094586392613,-7.089401789861244,-0.776087693225954,0.654961065195686,0.960598369995179,1.083813184014384,11.320066398193029
-5.342497343789221,-1.064106936996871,-0.478164833427480,0.099235630861426,-0.999748579325045,0.780955790957378,0.969649677677094,6.171605466233186,1.679167482613727,11.709307338259345
-9.117614001219311,-1.636253154628719,-0.871497005300320,-0.108285758835675,-4.510788102348259,-0.178329920972914,0.730997164743196,1.651738193400488,1.393457512658549,11.195793639865991
-7.454232643556809,-1.417357968893392,-0.789492191987751,0.022441060404563,-1.308042862543446,0.543243574131565,1.223766569429842,4.527715391979084,1.852700534487762,14.964854635633793
-7.568100794903687,-1.444046505845602,-0.815123313162901,0.008107558562105,-1.437302714314954,0.509728388319189,1.235363976264722,4.577001737445070,1.842311906406130,15.117830755461279
-7.804991290599007,-1.547960945070152,-0.891753551824672,-0.035230388263797,-2.130036538682860,0.333674330591747,1.191638515025489,4.307809211861579,1.779084989043052,14.690751930710116
-9.570844864396479,-1.513029028920562,-0.858532518964124,-0.173834146541100,-3.530059610716465,0.115814409140703,0.919679055416431,4.116170592617206,1.512294049923006,12.605980962248561
-7.641768022863419,-1.488012334024188,-0.853562921647984,-0.019466206857200,-1.403245626393571,0.507692837268294,1.239574457864459,5.366641290066352,1.850965698796350,14.836609586332253
-8.528578284097096,-1.259209300600011,-0.674963518780051,-0.054596281803492,-0.999877931102604,0.726195284975368,1.091712207027071,6.214447993025826,1.790300638463033,13.426496176058089
-11.531914416504621,-1.662994625019302,-0.778875147833990,-0.184043502127498,-6.290743500423604,-0.506593403018343,0.224769111027988,1.000253012260711,0.999976774599378,7.762967071314785
-11.313101913417670,-1.775655909172036,-1.035670845469021,-0.360780678578183,-7.215891921079377,-0.738040585649693,0.556197599318008,1.000267904124027,1.045988613042137,10.236023474090411
-7.590674647017652,-1.465598997340912,-0.827171644702173,0.001613851625229,-1.629896090460350,0.461577743076887,1.211621327661506,4.388327567230246,1.823644626578889,14.885238456703172
-5.409142930931141,-1.082374091253327,-0.493740137275132,0.095897974936149,-0.970450011771435,0.773874444971866,0.982213283902195,6.153494975085946,1.689913487870068,11.807399144859227
-10.213080544729126,-1.763275528910084,-1.044123783559610,-0.248709004827611,-5.458048288973872,-0.408096719707296,0.847096594093227,2.231150309266920,1.306628904227632,12.696676201478221
-8.602718032689738,-1.421327583788071,-0.791671255994044,-0.055816992127041,-2.277205091137419,0.309664152022982,1.101003852451335,3.661170810686028,1.590434020783422,14.586111139596932
-10.719297918036107,-1.819618976452875,-1.080320063090655,-0.299515042934941,-6.369354302895930,-0.615708579626429,0.742544840698150,1.518896444550475,1.182177619786066,11.964395534487489
-10.746193296022641,-1.829698181035142,-1.083248828879673,-0.290022768085446,-6.448449684712545,-0.688837425854026,0.741026772710360,0.910597581420345,1.122979321475113,12.205033192778950
-9.739810310616706,-0.999859954340956,-0.291409063045802,0.100571756466411,-0.999632495153649,0.802051679531565,0.541420517987458,5.583930992730470,1.568863702607710,9.980669011685388
-8.288167124942236,-1.709441105323052,-0.980955326027845,-0.108477892662135,-4.006729842239837,-0.107408822433002,0.972206541845394,2.509865593899176,1.544779872147401,12.874355232472675
-11.268125116640833,-1.409246260316710,-0.737831703586376,-0.366658707018058,-6.965716625180947,-0.466032083453933,0.312297086778070,0.999914701266559,1.000109214456695,7.223088117621154
-8.358868844179499,-1.767779404730988,-1.019384865385996,-0.138522322826916,-4.607688771484321,-0.245397420806342,0.915426586600905,2.174282903106868,1.467041908586451,12.332192618684752
-9.342076487293996,-1.447749176678740,-0.810728246650144,-0.147181755333479,-2.942558225241031,0.262695942803965,0.954130794938524,4.611973112356734,1.575284816013940,12.734992715487232
-7.841724186051254,-1.712871617582741,-0.962826006630899,-0.141842576054052,-4.987491869477639,-0.277885298903499,0.810695607096615,2.277134683475990,1.355221366696227,11.141793400865362
-10.313349437709364,-1.469234273274250,-0.669263505376602,-0.082517640848987,-4.315334618485553,-0.054792811989643,0.454848200791261,2.286258013246990,1.269871382735562,9.318179903907600
-7.962795369290705,-1.544119411897896,-0.895055732512041,-0.045307325804855,-2.055846981212925,0.356637019848207,1.206311293939275,4.634042897801689,1.782960973494762,14.859933405595763
-8.953110342815892,-1.237994190916739,-0.619437631534376,-0.041828870267882,-1.660392835287369,0.392098292241733,0.947948579256389,3.008018130077912,1.380905073507315,13.156613057793601
-8.950342159322149,-1.074242333535070,-0.518936426810355,-0.087246658335242,-1.284332455518027,0.783030660514491,0.897040139428201,5.864545664810746,1.689516645493316,11.417649012690896
-8.696979716631306,-1.533016631040768,-0.881878990815175,-0.085233741904898,-2.819375255805129,0.186849326681794,1.109986110698801,3.653213764243330,1.611201722338580,14.632798565989555
-9.255987366963739,-1.762890138634245,-0.973242634019392,-0.158402723409352,-5.410423503478386,-0.404221942765631,0.709847928667994,0.999663454283959,1.314363579441507,11.024726605782741
-8.742723067447303,-1.321399179113526,-0.701689360443439,-0.045509226215366,-1.954542167648854,0.361856218331098,1.033788719282067,3.370710143239305,1.494474932320982,14.002946990719801
-6.595944251150188,-1.316914619576221,-0.715640634771436,0.060839099933094,-0.043435125373251,0.820941321529445,1.269905770468738,6.514516913321583,1.955486124725048,14.431707018685524
-8.163166520835732,-1.732363748512505,-0.998010323906764,-0.121403262869097,-4.200095252426921,-0.151292431999565,0.955826967443431,2.599216907862794,1.514907861301011,12.579613980039591
-14.115762566065785,-2.270708718259855,-1.373285341752135,-0.655972009357466,-13.148083780159753,-2.243054607321107,-0.019880892710471,-4.357496687209053,0.250490357488702,6.619347786634302
-14.968679997917564,-2.397530202402127,-1.446221265989111,-0.709237704535614,-14.139876137489908,-2.657582828446828,-0.169929479453550,-6.046555701508740,-0.022076412206722,5.754917551611351
-10.508085692919751,-2.119289209543247,-1.208784634707838,-0.337682241034751,-9.039754715458843,-1.234856954837441,0.389684194547349,-1.719369062476292,0.869486422283223,8.657507138444709
-11.702699997456550,-2.610548328625360,-1.495826121494676,-0.710426209789157,-18.039585908081833,-2.896682245737382,-0.465015194931855,-7.426283311252123,-0.339021127769464,2.432783250835024
-13.358500177951742,-1.992452143934371,-1.166945756205994,-0.593376245767890,-11.716097382278734,-1.743459409014741,0.013051828720565,-2.942682600172364,0.444134146092895,6.129147505082750
-11.451423892337305,-2.556032970563269,-1.463787247784941,-0.673563958807945,-17.208545428460454,-2.738993618808409,-0.384495113468983,-6.852620462946450,-0.229434579830294,2.962109180157734
-14.768079818154847,-2.295661481737882,-1.380709226462663,-0.741273675910856,-14.725810126417104,-2.551298811183515,-0.248094344292946,-5.648957063427477,0.046467656736591,4.658946895418120
-10.379641690890837,-2.006796264867547,-1.123308368703929,-0.286094394454221,-8.023164696836647,-1.000182589781574,0.442413427042776,-1.000097714131246,0.978022286240839,9.091533526116161
-13.517402098858286,-2.310964764465826,-1.236263320903346,-0.486130170026643,-12.104395067488598,-1.872294208362491,-0.193908443107082,-3.658201458663430,0.324316434454316,4.799467154925134
-12.212259861695104,-2.018203722216001,-1.202758472442169,-0.431642498951805,-9.052263709898442,-1.348267142274147,0.436708428279968,-1.442489096843818,0.729294918973596,10.116324264860731
-11.765733678435611,-1.917004871349397,-1.126621767013211,-0.374619186675331,-7.991961284237435,-1.116471462534393,0.515128002494814,-0.877748637706989,0.816710773582417,10.641492368387725
-13.891682217764599,-2.265183219954805,-1.367930526464910,-0.611318687870264,-12.371367391685839,-2.152474197010087,0.072266387368761,-4.128875477626937,0.292771027116775,7.509313995964812
-14.120344585352330,-2.181953027673135,-1.277624720633861,-0.585700517045150,-11.627606082952683,-2.135555833613354,-0.005282401170223,-4.713204989123940,0.156925510242236,6.749448598240969
-8.593527653492190,-1.917507815472157,-1.057879127158105,-0.318264732671217,-9.705667077517932,-1.157131963942675,0.296277388624978,-1.020152002213254,0.703851534339939,7.427529294976489
-9.759127551113027,-2.186810298579524,-1.234025561929633,-0.458359640220668,-12.603741141521981,-1.791139429065809,0.045747369474113,-3.373194261554036,0.356249749480550,5.795363166200923
-10.556715049763755,-2.327715652033668,-1.345129807570824,-0.481005296572626,-12.426625727211716,-1.887732115935109,0.102526371150218,-3.768568422836554,0.424295608600860,6.320134937543338
-16.679656015515107,-2.652837736949547,-1.619553414343571,-0.909750831501788,-17.942965197020655,-3.556445985351098,-0.592739687625858,-9.117730857773044,-0.497039367297535,2.609294911092428
-12.915330142165390,-1.780338544964744,-1.003127112531855,-0.556420335802172,-10.887641853373497,-1.444332229935349,-0.010329711958947,-2.315587786293125,0.529375115931061,5.368147899029333
-17.039347002504442,-2.576453128696772,-1.523679848224683,-0.867434363775878,-16.498053006008874,-3.488718748786078,-0.655675791208597,-9.460165903085457,-0.630948923297871,1.796298804619932
-15.353697774201594,-2.510709231369102,-1.322188481982945,-0.606636335096083,-14.421127253583039,-2.363737365038163,-0.533562565853183,-4.863884186172984,-0.046399203006208,2.577417439977376
-15.539174000329938,-2.287745077920074,-1.315156214269291,-0.691819073498722,-13.106851239439083,-2.657098315450356,-0.340149188155782,-6.914945866750602,-0.250976523883392,3.916689641586112
-16.171332579536298,-2.831459650082394,-1.551508687088153,-0.765520180559725,-17.559530832298989,-3.066205788299073,-0.752649911069905,-7.396490712018820,-0.420042410234960,1.000248826324759
-13.308293512351968,-2.660464822449914,-1.526940882949066,-0.645321045548107,-15.393138780328899,-2.612968520225736,-0.287933812824678,-6.442502117169229,0.008341877692099,3.920137911891397
-11.796861954539297,-1.786360097328835,-1.006355069027421,-0.342028543229417,-7.165960187540280,-1.000448083268808,0.454243656673720,-1.118965426573598,0.731439129148371,9.942488941793039
-17.647041030510550,-2.775800054832840,-1.691525287097921,-0.992436491702581,-19.346796532098367,-4.009252063514496,-0.807780278800116,-10.808278446657713,-0.779568191318453,0.999479096808153
-13.152694549312985,-2.842463955501380,-1.654608067021433,-0.781570414488476,-18.744911364049287,-3.211104223147587,-0.532580189654516,-8.548276949310665,-0.412098596568133,2.054127229057736
-13.805545318176671,-2.026725955870815,-1.145155930528481,-0.520909941776475,-10.118490022438026,-1.844984821264121,0.023556599966034,-4.202678882518174,0.193558841100933,6.617144420821086
-14.104698547759215,-2.991296595296838,-1.742429639387131,-0.858665972308358,-20.171516223978685,-3.537605227990412,-0.692613070467653,-9.680391820783999,-0.609767397566562,1.017673057508540
-13.630585841412783,-2.784730874239895,-1.609981366678011,-0.717868570506214,-16.953819626734500,-2.932193600679768,-0.416376967970789,-7.548016931055545,-0.189539878274052,2.988386948397244
-11.948081624690774,-1.800327488892441,-1.042562359781712,-0.431641173067801,-8.508972044042297,-0.999874951241915,0.369175485232378,-0.117534795662666,0.863898972842437,8.706184994003474
-12.843189201186663,-1.993221557890390,-0.999742685801444,-0.341665577275238,-9.309534055328117,-1.213626245506050,-0.031259237394027,-1.291092674766221,0.630712858013587,5.994750821031625
-17.228221184489271,-2.514943620149526,-1.455537293681657,-0.851113688573712,-15.761107880647886,-3.419837538066973,-0.713201772214134,-9.564891452646069,-0.695724305545587,1.000219914436338
-14.160288106053160,-2.057310850052430,-1.158242783831013,-0.548577730084960,-10.514040631182000,-1.976077529256060,-0.057438679214803,-4.734366271339073,0.095307916734510,5.935319877831825
-9.589836526228412,-2.086733097777217,-1.206614173998123,-0.323035367852790,-8.785590964869629,-1.152555135059431,0.476260056522192,-1.118364609108883,0.914505069852168,9.017948269307619
-8.349003302858948,-1.856396213253227,-0.999777394558588,-0.325775960642126,-10.397362184645134,-1.204600423341035,0.193822169440093,-1.210641596420603,0.586082360960552,6.711707134113277
-13.846699532450787,-2.430736525943666,-1.321179844122788,-0.544207054861500,-13.247770123496979,-2.132806057260653,-0.275356166754144,-4.563613823154415,0.189753673145545,4.213541835916539
-15.899283306308705,-2.835288249983592,-1.565886261025141,-0.763617674762528,-17.553383656959610,-3.069549101383317,-0.716227686413091,-7.525074383738970,-0.398702462332278,1.210819393952812
-9.024205320998378,-1.993391904963080,-1.140755333514502,-0.290276186854237,-8.263098203794060,-0.999505162101401,0.509301852624638,-0.464877780030238,0.956872660774514,9.100831087169633
-11.950394835099489,-2.478467976568436,-1.432826431485388,-0.538962677173061,-13.268441491132693,-2.149232827008903,-0.018729532651104,-4.844340741247382,0.317782885949952,5.709016941916156
-13.242661957803437,-1.974444007655081,-1.154953464286182,-0.580090186642260,-11.449937376560500,-1.679767573818844,0.041357234910235,-2.706774899011410,0.478888187511219,6.328121831788048
-13.836589511675259,-2.170077134985436,-1.299812604969343,-0.635936145857351,-12.670637578554350,-2.058276254766320,-0.009416330422716,-3.802306703401885,0.326361821084549,6.413764898513927
-10.201493106692867,-2.289830372177990,-1.279961259067797,-0.564771097680094,-15.445143723384762,-2.262996015119570,-0.246059858499927,-5.118245718397136,-0.028829269702144,3.859280315919046
-14.593315137814914,-2.626369775901836,-1.450003042380804,-0.645494022539935,-15.253536358337373,-2.576975710492250,-0.450154706066419,-6.048258354118903,-0.065686247898470,2.990967023520762
-12.338063436796476,-1.803729584482224,-0.999906299663155,-0.377727739615676,-7.613865245003739,-1.170121381369669,0.320505845574003,-1.959978167789589,0.564209322328172,8.789336778093224
-9.032262441893538,-2.021103024311613,-1.125142777372459,-0.373704923650452,-10.881984203132832,-1.409900154371301,0.193925624111400,-1.959967512261360,0.562252790847679,6.758345092160505
-15.502014326971691,-2.238719819824259,-1.315999290478956,-0.861033063858163,-17.072348965889589,-2.965014082130119,-0.643493533696156,-7.821225770478807,-0.272134016166439,0.999904651376818
-11.739117159613345,-2.627422074793051,-1.485696210965186,-0.781077356722241,-20.215610058515651,-3.179919213274787,-0.690202967886125,-8.468785945560402,-0.641812972573424,0.999827099862836
-12.337526265278955,-1.981252823952448,-1.179380962665307,-0.470186840525004,-9.474780369698395,-1.309292118777365,0.361740640150062,-1.000167309635802,0.758610004196716,9.127479795910512
-16.338930842438756,-2.483779040801333,-1.497365391164713,-0.930651480631320,-18.435012612543503,-3.423492547251443,-0.707801632744510,-9.035413146661885,-0.461074203765651,1.093188985254864
-13.779358166706190,-1.872704182508113,-0.999742562236888,-0.472739734007085,-8.678936691600869,-1.601301348208694,-0.022101706421114,-4.003754551083833,0.153002454202750,5.690576679457985
-17.129573596147807,-2.703870547280767,-1.654342614947239,-0.977590697294249,-19.283729289940581,-3.821451904329749,-0.747054588756757,-10.096630272418910,-0.639251445473177,1.350237895544973
-18.394778185043961,-2.883169600360514,-1.762408804705449,-1.077026558778443,-20.927992339805812,-4.410189083434624,-1.000209521507056,-12.224974271072487,-0.999658181989580,-0.462353051230371
-23.396877751196726,-3.526870048573083,-2.160719997426022,-1.587827479055068,-29.648893905478062,-6.971128730805305,-2.309250574922337,-21.431950135780827,-2.507898000131716,-10.961294245406867
-21.133763192224663,-3.204305190679676,-1.945943726376600,-1.320108287892575,-24.772406399224494,-5.666135310855887,-1.658113471607052,-16.842359582899125,-1.788887130292070,-5.785883590658619
-15.653467846527649,-3.239102510689460,-1.883750589648583,-0.999993722713649,-22.906776931742726,-4.119605204190592,-1.000166470422513,-11.630600307147692,-1.000622222779346,-0.999588332140609
-17.815541139335110,-3.711597577395420,-2.160668871745344,-1.326247793658785,-29.850280445674500,-5.393219991421895,-1.682724572080407,-15.993292663428353,-1.974195547016003,-5.495726518165929
-13.582032176075716,-3.009680970064629,-1.725922378467404,-0.999675917478156,-24.589502860407990,-4.076954916369361,-1.098975296686945,-11.681918565214065,-1.213701972021732,-1.642846456226925
-20.391604521878563,-3.938202916323718,-2.260204776902082,-1.415621399147282,-30.674367295676959,-5.697369554120415,-1.932404060314041,-16.325602780831137,-2.199841812042703,-7.028857085333788
-21.916548765048745,-3.330608140549860,-2.053620277854751,-1.555792869412537,-30.261055776906503,-6.640072908612152,-2.203090001873246,-20.655328890403613,-2.258319153884067,-10.198234084822394
-23.648153493427472,-3.578817895712475,-2.203235929029390,-1.647978244359409,-31.028453755163341,-7.245343116929242,-2.441414339481205,-22.434896900686116,-2.636815663054255,-11.964733563852183
-22.615145458076384,-3.445032415411217,-2.128382520259895,-1.606640792927156,-30.977924194328963,-6.945693179471985,-2.318423951053633,-21.592889525171930,-2.430098681936279,-10.999758439600901
-21.926235025271708,-3.356115765918751,-2.061935702701571,-1.453085124499174,-27.615807038862769,-6.275004713554076,-1.931625088057900,-18.934867342342390,-2.073356338858148,-7.793783800171928
-21.969386012925796,-3.364489219222679,-2.068718053904968,-1.462923445992905,-27.838948181728526,-6.317750249188220,-1.952642259385156,-19.090987312798749,-2.093195789378298,-7.954197019465033
-19.969435436774305,-3.011697742783546,-1.840794668812407,-1.362159976247978,-26.832122491404490,-5.582484392939976,-1.750402087347525,-17.062536480348630,-1.675040688011646,-6.877213933996023
-19.314120614396316,-3.933981260375898,-2.283603798062230,-1.454641802131045,-32.131590940297357,-5.862902319269510,-1.957412052533287,-17.385557420752892,-2.334208727115112,-7.260368783123686
-24.056767557770186,-3.634250825893581,-2.246333257381090,-1.752239219047193,-33.347430645606423,-7.717359083341866,-2.713932390901144,-24.308429020300654,-2.890062541481608,-14.238658055624802
-20.087593356444941,-3.115437354324632,-1.918548438014658,-1.301877151039570,-25.325745954361921,-5.434107911092867,-1.527984404452981,-15.979873156959801,-1.556686417310387,-4.616972762573829
-16.882975445357047,-3.574177328391969,-2.081784727834705,-1.255522967989009,-28.665840800504199,-5.121999950452918,-1.537772916854918,-15.165013648441235,-1.790369897731417,-4.557256987619075
-19.118705570356397,-2.855801303560203,-1.698007039768658,-1.070504164040733,-19.940984806827416,-4.472784575807933,-1.139990375210043,-12.901582978965738,-1.200034602501248,-2.000390821341858
-22.952857314696942,-3.492769337458911,-2.150243174540935,-1.574028156155463,-29.798617165924085,-6.870599581474985,-2.240745084733934,-21.088087136389223,-2.413172991289620,-10.297466257384377
-21.949859961307666,-3.349493201619185,-2.053032573126439,-1.441474697268610,-27.265977616712391,-6.233465350837212,-1.915930418655857,-18.789130703491086,-2.064948277280453,-7.703828750495182
-18.268481511524001,-3.587525113672446,-2.066367973938221,-1.197897845419998,-26.505402815719819,-4.888146021094074,-1.462651157767459,-13.908362505533862,-1.562718123609234,-3.977152700055120
-18.518462602679179,-2.749367530541756,-1.622440303836976,-0.999918007654069,-18.593164863396552,-4.134241778370879,-0.999576316622725,-11.814817209201809,-1.035932125796129,-1.000039734982812
-22.791727874672077,-3.478451481179382,-2.146652903557441,-1.583076154292264,-30.212787456321323,-6.884492706953531,-2.251936783622754,-21.193861823880301,-2.403588032654929,-10.372814053870007
