1.535651484476325,1.102052261181893,1.070979182885417,1.054546147146248,5.214353261736164,1.346939825632882,0.693930370601093,3.554560674842319,0.586225778554852,2.980103525620869
5.218942893809304,1.488435641039612,1.272190356753935,1.178896410235307,7.283424735626507,1.801100562673788,0.889823983277671,4.049674652610420,0.784533010665699,3.750924549203234
1.863645979661466,1.318009586796180,1.207440075486637,1.139170530131245,5.298142237108763,1.298913116931780,0.736484348336536,3.598680202429010,0.614261342162715,3.033177944946253
3.485882690241709,1.156743217629977,1.055348534929765,1.019817321478417,2.481368803365002,1.323266887541378,0.676200598050246,3.698612132604874,0.629948580714097,3.120485259706984
2.164119817042977,1.369092626826362,1.233475109202049,1.152018695220368,4.375294959147784,1.143062773452990,0.692123272438175,3.240161288127769,0.587232638283161,3.015179974173174
1.036047708325048,1.000264025603018,1.000245137451270,0.999647686069120,3.411378425725125,1.685282519510317,0.849004903050023,5.029269161980980,0.794222360616368,3.285942468118758
1.681735942233642,1.071636271651061,1.051457684945582,1.040763543154653,4.044435445059332,1.136979864127359,0.605694050542672,3.057624578227908,0.531982823026926,2.940705487231243
1.000246727784158,1.000027374576964,1.000181176858040,1.006127772952978,6.753879072315709,1.629261744891264,0.806295265583376,4.334584082935515,0.666775820952284,3.047898292088742
4.268528275447581,1.307052346177292,1.131837691838891,1.077764541237950,7.259719478048335,1.722960218650938,0.930383678902574,3.678716424691165,0.828366065276977,4.229891147187389
2.085672586758284,1.228754174764179,1.165869628494422,1.113956714099870,9.949714501172931,2.289837223909632,1.096580032616108,5.091379636967738,0.998542974619328,4.297333200640459
1.972606281428453,1.213942688183517,1.142431458606215,1.099669859740968,4.049643554142504,1.099369634600289,0.614315215728590,2.998181935999228,0.531017572513030,2.950929265864695
3.357090595441360,1.185725950547507,1.085857825960127,1.044011145582294,2.922587716672143,1.429201829564341,0.717681834522687,3.993879370536695,0.661540925973099,3.156064680692556
2.473082349329744,1.346708455826330,1.204800805035511,1.125125273515421,2.789657729171801,0.854346705247547,0.573528560234315,2.567142882639260,0.509631749083224,2.955140493318122
1.000013306526375,1.000168301216483,0.999806225070736,0.999773477081263,9.230360207087198,2.111421500142321,1.155471482149563,4.327478174140443,1.081113688521924,5.315997901639010
0.999929526580080,1.000140186350551,1.000151080481394,1.000296533333715,4.086653934849583,1.303280354017063,0.924745849899302,4.287640442810906,0.878082029989919,3.401820589262007
3.168231676854312,1.274537880434860,1.169550197143510,1.109158954317919,4.744362347137471,1.758772627460158,0.842509677019782,4.846325704777447,0.755347142003127,3.294979738897453
1.000013031725349,1.051955945294456,1.045876261876778,1.036627816856358,4.888014958221761,1.922173648503051,0.934319688774679,5.702767214185734,0.857779594534701,3.386327139252552
6.271649440821321,1.236721692822860,1.020317407516316,0.999773498561382,2.272768928950564,0.958672515625435,0.529638858406304,2.629205785304387,0.505053139917066,3.054861170833428
1.678481515289057,0.999826593517831,0.999955024223223,1.000379763551544,2.743057327762894,0.873111267102167,0.503379558606248,2.524980947967758,0.472587035063350,2.909900432478941
2.227386080926357,1.291707178963846,1.185991776242337,1.123804996346869,3.512093820931856,0.983874953633445,0.590952945399526,2.779930025663312,0.515856411152283,2.949388757804108
5.646633070577442,1.315634084359280,1.082488218584082,1.039240506169729,5.410276300305143,1.369110521458469,0.763295229847398,3.091502638707017,0.678431866479195,3.736657878301191
4.990098334785571,1.405146405907958,1.220871079751289,1.140454160386933,4.437902828739282,1.553967274731042,0.753212120523177,4.059739598626654,0.670681280649043,3.235430190663450
0.999637061153412,1.097854660257783,1.087387197177917,1.064912380907397,7.900741751567951,2.263338801547602,1.053034264028226,6.187022231344137,0.950162481904324,3.674332087701250
1.011365302435482,1.135669311714365,1.095504750693406,1.067270474528989,5.889014274799663,1.487350196607188,0.924317814970509,4.591063539213451,0.819424564708544,3.306360685493368
5.050738657105386,1.470771752932793,1.261045895680102,1.171375045314805,7.485147932958103,1.818914900069382,0.906120082087035,4.035583162486309,0.800758921790941,3.835883725216940
3.141903400309829,1.350812764452474,1.233006036663384,1.155712674329642,8.937515847363370,2.169204401102204,1.023467129494583,5.019218307798020,0.912761267526389,3.934724106916311
-6.410007508441439,-0.925626249364086,-0.409373869689513,0.110494966368152,1.000113677354915,1.000520845183061,1.001559507376409,2.728248248100652,1.469656267397279,10.151590147578265
-3.810637630363398,0.163730577448234,0.483608417381391,0.687342374797614,10.670055019476193,2.445739498246613,1.264365476942768,5.357446602734065,1.336974275607544,5.964514601030250
-2.698263767209249,-0.131919745477254,0.211571109407322,0.481224552396745,11.047254280531918,2.244220429828879,1.180796017029119,9.635834171780468,1.105455208636329,4.043240178081939
-6.071837157906286,-0.229550073350110,0.114721970550304,0.508753536212126,1.510325247359356,1.350431569036200,1.012458139186778,6.144964500475284,1.196386351716838,3.856926194988452
-1.337893205856927,-0.426245739578943,-0.126440330474097,0.268971566085029,4.760250746320494,1.852494944120369,1.064457577978573,5.876711472731157,1.126540349990369,3.552281364992789
-2.488140707089930,-0.640603457060818,-0.254478231140750,0.190342335415597,5.396209333480345,1.753235842442534,1.163821677633853,7.856716049358453,1.244231357313945,4.721997093803434
-3.455273799014190,-0.921207390489764,-0.397896513328820,0.181057185492906,1.027602432067360,0.999735443580967,0.999865957604727,6.651999014952933,1.407681119232713,5.577018990029607
-1.492959700321801,0.090045815715349,0.345573628134811,0.570410809671915,9.354964869241346,2.227232269086901,1.117717634530223,7.299408854947371,1.000527574927895,3.581357672515494
-0.999602262646276,0.472081007466638,0.679486638515112,0.828677111061869,6.863722621711005,1.752120988589811,1.115546650338306,6.342567276569328,1.113950337625109,3.889499414102970
-3.251818615461565,-0.358727767175712,0.080004526919375,0.457312627937532,8.047302204217784,1.933049903768036,1.192146314580715,9.301456917691304,1.301726872894776,4.669219877478270
-2.108672050328543,-0.634346783979123,-0.274930478963535,0.184770997469954,4.497718928417077,1.754092444192883,1.159507537650107,6.604666389331461,1.249281119838798,4.393156694136545
-7.181454621818867,-0.660965082818535,-0.277735523354478,0.282661840060773,1.000334571706932,0.999737383019610,0.999942427996801,6.431525184871568,1.310143946736702,4.076429108138329
-7.041219449069075,-0.668486575117561,-0.287856361124230,0.270208573382921,1.476328925379178,1.119344014990187,1.032261948502061,7.035583092099417,1.323239925374358,4.102772622821846
-2.571332790822126,-0.537531621528824,-0.056911609199103,0.390259210899316,2.157283908587026,1.157112726839906,1.049123660793712,5.932059491179112,1.377072379998129,4.955697695255042
-1.000510710404719,0.724480515911476,0.846658692625522,0.907355163607326,9.724218290173047,2.228412146717873,1.248956196823982,4.526849325104774,1.223387033631892,6.055450604690002
-3.672593011493168,-0.663800968584739,-0.182712528479671,0.244969461596211,6.947129738071347,1.811840555064899,1.138150830555125,11.194860745243504,1.260329599348723,4.944399434140461
-3.657823432577125,-0.932406601625436,-0.428439366216159,0.080718883290838,0.999814789879089,1.237733135022630,1.010660983358043,10.633617206667564,1.269825505455060,5.599433774397047
-4.952416944629533,0.059374392129566,0.348382464324270,0.639219271633104,2.207780416920835,1.580832178029164,1.019872770310605,6.361260568695560,1.125022527983382,3.718464640031367
-5.922056882546428,-0.531261731483427,-0.043976597120837,0.358200354836028,6.047006307848634,1.765839048020758,1.188503061202242,3.861368485644073,1.497872674370048,8.510759190413708
-2.089096687431043,-0.085008396945586,0.293894804167601,0.606454336433680,5.237791480202496,1.598314435948879,1.140798994113671,6.764319041843042,1.295336010335433,4.465627538042197
-2.425643417943834,0.554530556584843,0.715689625740226,0.845920184399574,3.639527715488136,1.861782797790954,1.005239117305854,6.421596920902585,1.000580637631005,3.527566872372554
-6.335736275039054,-0.555625948143085,-0.057883862674758,0.326438333749463,4.470355589550809,1.523777567221145,1.201317342711784,3.435736366975904,1.501279367524233,9.491582789489129
-5.150530901879535,-0.455172726025085,0.005738681948308,0.375454606324577,6.584534701435686,2.032480109503713,1.155632013515491,5.362953312996736,1.314739997691025,5.916879747091286
-5.745477573518753,-0.346461337395556,0.110896659534547,0.452826473777700,6.841462122844715,1.863005997018437,1.255385074081693,3.908893785380665,1.512228288929532,8.581051020217588
-5.727578008734466,-0.900866700660137,-0.386988193015476,0.127523324611967,1.313835541597541,1.182685769421463,1.000279906638194,3.588730732726645,1.419624019411460,9.087358342337550
-2.692082079487231,0.004223755529683,0.338653244408097,0.590915227603093,10.845267402706897,2.200802028527977,1.194847449309845,9.267264451588270,1.152173295653746,4.102629913105106
-3.487946527157251,-0.564154434946080,-0.082853369334292,0.364148221675412,6.241154964190510,1.735980613097699,1.162374989442329,9.149205635667000,1.353796021551745,4.980459774888358
-6.073268068683419,-0.604298424968206,-0.106267465871608,0.317486732891295,5.263491382901574,1.649863100881271,1.165866620392724,3.671839974381281,1.503638365425227,8.821356800350074
-2.841616045229786,-0.074399592584993,0.275060900767201,0.540566339349204,11.104567749915676,2.226926568869232,1.193873191102038,9.676326221810415,1.144888926337116,4.118146098607940
-1.223246768684183,0.175445850410318,0.407085444371559,0.611329369639782,9.117645105035704,2.206652086578208,1.091665923082993,6.906869050811097,0.966388348631351,3.481278139170429
-5.682569296131665,-0.567904368038565,-0.146073325868863,0.301259049961620,3.627673987716417,1.670587485203594,1.101669457176859,6.522308831688823,1.265168376914525,4.548139954893256
-4.912577489365331,-0.254229335093264,0.151296564794139,0.391519653261168,4.679636046368471,1.618175076739336,1.206991103974136,3.963553877274314,1.250340652521913,8.754560609893339
-5.137282331063810,-0.839973860394908,-0.321848426798712,0.157686529984515,1.490752632605738,1.404424177239979,1.015235870283615,4.526808713434155,1.317749869151400,7.143461522864760
-1.281705572811990,-0.134020092110659,0.151599144969871,0.452749231370980,6.929130578605523,2.117069834243939,1.103741219952647,6.419658550558239,1.052505782796866,3.558368340031922
-6.803662164491785,-0.784238541687764,-0.403055737116936,0.181426001466567,1.000146199620385,0.999957744309663,0.999897665841403,6.673453352250029,1.306540709077962,4.180047288994851
-6.276604684019443,-0.533865927984303,-0.039987895033985,0.343076509110429,4.817892119736175,1.572374041480836,1.208911728104482,3.488594216697218,1.510121750959202,9.374805573790907
-5.915708271188276,-0.419747805895893,-0.037263674926088,0.390476276801585,4.264810695256601,1.768041334449694,1.137132301863283,7.551921970552433,1.282725099531312,4.230478401788199
-1.447550448556306,-0.342724674760775,-0.031113187969617,0.337717762618432,5.702281913214029,2.005780769124296,1.116657269602555,6.233445784720888,1.126497081367469,3.678728268261826
-3.103146915186617,-0.927370466658339,-0.495785603412855,0.014614338082710,1.251736580074777,0.999982761006695,0.999904086530829,9.862035843658605,1.268989529964798,6.519131363931202
-5.123275084154313,-0.767611584426170,-0.260835394140540,0.196812379438754,2.264609355427372,1.541242802842279,1.042293800997777,4.807242783000598,1.284183646365305,6.237713735950818
-0.999974665497730,0.801735566572348,0.889731634638726,0.949093273335593,5.533755594206885,2.097830938506799,1.039540843860030,6.678068448558530,0.980721484275521,3.541749864557759
-0.999751047730492,0.318802186487762,0.515318751802887,0.681174932577425,9.389035385822343,2.186712429812502,1.066232188996775,6.713842288827145,0.923288670998278,3.402022381919430
-4.987774819361896,-0.075310040409013,0.254775591380930,0.564036676053666,6.433580256260040,2.147201439601039,1.185989678063785,7.824227089457295,1.241418851456056,4.153100102767993
-5.284513821458189,-0.387255220632839,0.026045580824964,0.400801590008556,5.812590692499152,1.995276987772028,1.153348680909991,6.607942383659864,1.262100357977159,4.703552603259039
-2.585361185905843,-0.859332674780868,-0.477989325446507,0.047172618765447,2.301739666479984,1.252840426324798,1.097788555103935,7.006230977000175,1.297835978597890,5.497317740605174
-5.236226519831484,-0.758755705128991,-0.247019816023889,0.208607280880954,2.935734897553615,1.577461895768648,1.056141609317521,4.637005440876887,1.325174124619504,6.872271094548188
-6.760464345326312,-0.738602957856179,-0.354950724123514,0.211938698751449,1.376470948458418,1.105459623565506,1.023243758640695,6.891208452968952,1.309933160342333,4.178225743446772
-5.578664569909781,-0.520838237467935,-0.037744234487089,0.358107447424602,6.466185853563787,1.886534956418620,1.170368435571374,4.345211830911943,1.435791648124669,7.636738507716023
-3.189548437644825,-0.250772570295944,0.152998166610573,0.477746122951756,9.945869069930955,2.119638693276276,1.199798358859408,9.947243900065189,1.221831075446211,4.400815108880879
-3.591694064827783,-0.912835590371802,-0.413568923319956,0.080072795198512,1.529672645292159,1.266679762889365,1.015742424432930,11.018705665345840,1.259445539986808,5.664307065690137
-3.773906276887554,-0.839970772678800,-0.334977343658269,0.158161293963689,3.660167562572579,1.498850701235874,1.077288909946097,10.705363339564743,1.294604604226584,5.300761481972401
-2.113323985067675,0.628797598345448,0.772538216902569,0.882238682733909,5.789268798539545,2.157096977257548,1.089887587836380,7.180552047030363,1.049724345569359,3.639736556332267
-4.978129040648440,-0.133668861583554,0.266463440751008,0.517601188072929,6.405868555403740,1.846879407254726,1.286613438200149,4.076718488178434,1.408258798404636,8.514022587545680
-3.541638637879862,-0.554113120840298,-0.096297654034856,0.293729865958182,8.445613718563042,1.953001264886033,1.161243203282259,11.162126742035275,1.230630737817590,4.736506853332756
-3.813380479891565,-0.871582167885591,-0.359535277965258,0.176317693989699,2.957119947325300,1.393041313595238,1.073671681430248,9.437309484871374,1.352619634262286,5.415505865680171
-1.456316745686729,-0.186736397394173,0.205132158459630,0.526213112420410,1.319774533272531,1.040797242120558,0.999904088865384,4.805500149067915,1.265095247411458,4.392776404300974
-3.098342958160522,0.347460557526405,0.612065781058990,0.767973021035372,11.115389192644736,2.500186876043167,1.264727139545822,5.461090729012200,1.300310069777857,5.676775650121310
-1.557828406085394,0.398718340292709,0.626538559195196,0.789361199718577,9.115727849630368,2.001273173161688,1.151971677051255,7.369429485251455,1.104062451866184,3.886553602343137
-6.208330125899112,-0.599168961156566,-0.099923662622235,0.319286590972767,5.041365523751145,1.602584482689477,1.175609193657333,3.527851044957742,1.517666432791985,9.100233591598919
-1.938248513730799,-0.886899512580239,-0.614128300178685,-0.055615027312411,0.999995909310679,1.000104242469352,0.999687417393755,4.292253551125407,1.268427773617402,4.360455540289002
-3.268845847701245,-0.417847203005933,0.036026871415958,0.437974702217674,7.162999692552732,1.836839202725152,1.182053453954004,8.990609393944588,1.330706403135744,4.786592785311678
-6.790017447283784,-0.472972356648674,-0.101783013496488,0.388068084832147,1.958235292687675,1.327535424135400,1.063271809102245,7.177853370806816,1.300090005198882,4.020773477452469
-3.812598147514368,-0.968202221493578,-0.457080651196683,0.115656955274316,0.999649567321862,1.166375233755204,1.020181618127659,8.821569434639782,1.351362020277655,5.606464157812045
-6.280852895696622,-0.782371406344093,-0.277087217319151,0.073039117391000,0.999940632034211,1.000423171887523,0.999479230940166,3.111007514704630,1.171092904794952,9.972405989158517
-2.623946289649324,-0.526443921404847,-0.137144190725360,0.258695714862024,7.193941283058749,1.922753459618612,1.172807932553305,8.788942902306914,1.202596629048346,4.557386291489487
-3.438560368828986,-1.196816417890086,-0.822854917448248,-0.166708683414850,-9.724501918744101,-0.222931781432837,0.630112010207070,2.940082840491209,1.113338144835470,5.872406734776856
-4.835476413166662,-1.133082246193129,-0.856185716497923,-0.204262355710617,-6.682290031761390,-0.423420238238330,0.556442303558853,0.999568102807332,0.999713817432899,4.445168064209497
-4.515076591110558,-1.000275751612741,-0.487309577449800,0.037787157410046,-2.857474186415598,0.921344779968320,0.897144440051837,4.796924937355652,1.264246599150321,7.422588168754658
-4.177008652881485,-1.029500767231066,-0.538118803153989,0.002772400655208,-5.422026928061705,0.689401180288124,0.849366946656486,4.385510338645069,1.188151027347423,6.056767949559106
-3.494056016898629,-1.147181910617548,-0.731750034376461,-0.111474170087182,-9.370886299550843,0.041738231087359,0.709534910890325,4.024995302969335,1.145886619478014,5.829713287606969
-3.306000032414533,-1.318218013884846,-0.982415741631594,-0.295660360196486,-8.211194159652957,-0.636013229550707,0.429763336683374,1.000044341390032,1.000154522385798,5.918295574745512
-3.292612101103842,-1.039955368392853,-0.518432295751078,0.090364814997461,-0.999771542024589,0.608425224881977,0.878510556585212,5.103225336423836,1.367786789280228,5.661062289529484
-2.475224352401384,-1.112739883617728,-0.946064216979911,-0.346514789384891,-7.552080069537306,-0.850821100219633,0.501986739219538,0.999932442654879,0.999939826407663,8.399475467605610
-7.176549436255138,-0.999698456623799,-0.631387499477187,0.034195771533430,-0.999889398582829,0.040582412051050,0.727138945021346,2.616942659728861,1.194104871603458,4.110142273301962
-6.670287810580890,-1.216931466508702,-0.734840819500448,-0.257138094032349,-4.475695218978998,-0.065719273700484,0.590695090390758,1.000205732521749,0.999747432293136,10.525593254745859
-2.663545860439600,-1.208000295303398,-0.746568930883107,-0.193344611779907,-4.568960583188215,-0.400528850455900,0.412874343671390,1.000432530811471,1.000434014427207,4.954318607501216
-2.314634961408609,-1.098840281864032,-0.904973761484059,-0.292922154291048,-4.876568003674175,-0.340645176886408,0.687668733872754,1.162794372597195,1.118481782384066,6.636712793261504
-3.510465852318236,-1.065992001665999,-0.580817362368385,-0.040558194546973,-6.197412829847782,0.541994380473609,0.821497265822095,7.296320553928382,1.214612070958502,7.041542065178914
-3.369089859028555,-1.033173837402517,-0.550630271588271,-0.023017665839772,-4.019423462868793,0.699198475970984,0.873767806774587,9.350055167132748,1.232378099670635,6.730188253903574
-5.081464983112607,-0.999946509172858,-0.592723157661560,-0.004958076075396,-3.902325067435049,0.514571445431165,0.831921483919130,3.458901746851973,1.165629717924932,4.825944112684898
-3.216406897113974,-1.007041886206726,-0.558461986702544,-0.032798211018196,-2.211402390613863,0.682611024077284,0.892860187137506,9.951939912051898,1.249602343492076,7.222355271172303
-1.982533704988765,-1.000377797303076,-0.898504098209921,-0.350896227270642,-2.296739968353174,-0.279650402642480,0.589737072746262,0.999919529150916,0.999987746934416,4.376432870929508
-3.894250132533962,-1.190878875740069,-0.911260088935690,-0.297876898114206,-9.800519875366343,-0.814894142529176,0.413294603987033,1.997252505883314,1.050151661052895,11.601052895234684
-2.186268301145255,-1.000377788609185,-0.726920841613145,-0.129688289597768,-1.000379292301922,0.606017779002893,0.952296544432177,3.421511691432375,1.274621888254275,5.249010373105822
-5.310792289713683,-1.107360922639526,-0.640039423725104,-0.053979844800460,-3.602013772573451,0.419862802461594,0.794937138006905,2.989113351085377,1.338292086844414,10.461796101463081
-3.558259086648497,-1.067306311909767,-0.579421896181121,-0.038187498164109,-6.375632288993950,0.545583613545549,0.820528640819290,6.921345917796348,1.210362649593115,6.937329091879239
-6.383395196521926,-1.037792587019161,-0.532747838578894,0.020000953789217,-1.000205070444277,0.675529270108685,0.905852940390319,2.265925170710611,1.423989822666358,10.661388058525036
-6.845678172207055,-0.999600193991948,-0.472980945019899,-0.030559089222921,-1.000161582965464,0.624266876018501,0.894769381322927,2.246319580402323,1.236624615077631,10.529717119866847
-3.707615046475073,-1.004646477548870,-0.502513768519401,0.052448033589435,-0.999701073653843,1.035019831833598,0.970287233925273,9.397287914262277,1.287519791297612,5.673247693651375
-3.730044054056695,-1.134481852756348,-0.752352423958003,-0.132737290223249,-9.809460895462097,-0.122752152220991,0.658859500341266,2.201256976933253,1.087109142325854,5.512590852254274
-3.228216427961849,-1.032110336396717,-0.510106407684756,0.092936829589129,-1.075307645300729,0.582611327944329,0.869271323671470,4.917610929480634,1.362517797235952,5.618845280470119
-4.501872656600858,-1.030781856870587,-0.590641169033242,-0.018619353242937,-5.596188619771895,0.492436237013472,0.814900536592877,3.253724406925508,1.154149383051006,5.278773650022666
-2.904013802834087,-1.111692271917465,-0.849722483764322,-0.252591038465296,-8.067057593239284,-0.603630737807269,0.552439729149597,4.369354585139918,1.102306522370182,9.993153783599469
-5.559436507732594,-1.086688952659352,-0.771476910419792,-0.117506641880357,-4.170082711182775,-0.035731640441098,0.689828953185095,2.764506621240502,1.108185066897075,4.324835539560802
-3.490356771730135,-1.013250641700958,-0.517568343425472,0.010293496862255,-2.651964698669385,0.886442796864743,0.922010361949234,9.742910769361579,1.243096113639975,6.058209435347338
-2.693874532976868,-1.059581179156542,-0.741530568829198,-0.150221783864474,-3.404213056800273,0.156065817028278,0.833637571993973,5.569499031228458,1.237111183620244,7.633719726557816
-3.579378670916624,-1.184449298549425,-0.745333095599215,-0.088882655690317,-6.280840915578158,0.234668588694735,0.766977673588512,5.341894531392102,1.234803290269587,6.008616084529404
-3.164754817700601,-1.301339196546119,-0.859090173636628,-0.208723723094719,-5.021369994312520,-0.325767046460910,0.502668180837753,1.778781699136031,1.100111541331381,5.679937310425860
-3.461933563356264,-1.260030639265052,-0.873672287176633,-0.185827587080321,-7.709138283868906,-0.220648311271945,0.613400889128403,3.060581573079867,1.145005618525014,6.063041140844179
-5.307663289105411,-1.028612150523220,-0.657615049534514,-0.041800906764157,-3.986045790540130,0.317087404968973,0.787359245373422,3.263748878645968,1.151558067415453,4.607819361288298
-2.707294257980255,-1.071724826052754,-0.764798400712585,-0.171148702439124,-4.212314040097517,0.007808437987606,0.786483890363589,5.405407017420103,1.216038922074053,8.005999429584790
-3.696230724142164,-1.070965873531931,-0.584110432479017,-0.034638025564181,-7.044527285055544,0.519815113778303,0.813513425801713,5.597518795153126,1.187807183749017,6.363964725088939
-4.387697554767307,-1.002002620009636,-0.511449788955618,0.024076011329161,-4.444695431764949,0.784588985692585,0.872374504145158,4.192097880208365,1.192227898743566,5.874369729209235
-3.579161202327254,-1.073784295075657,-0.587555067516421,-0.038648754610920,-7.018972865858801,0.514699675133278,0.815184674164792,6.287950709988761,1.194041040436725,6.432429867957385
-3.082954457010457,-1.117643729638726,-0.827413124160739,-0.231118631425414,-8.249534714390938,-0.520186405003125,0.562463440506788,4.826909008646701,1.125529892309297,10.270075451810786
-3.653343793546313,-1.171279445441092,-0.894027822646186,-0.283918276536847,-9.685873050550663,-0.773398359307723,0.438941520920982,2.634910918104417,1.063961800633112,11.387771430162946
-2.346295024840162,-0.999968000840413,-0.507049424290896,-0.003304660038125,-3.339041921103409,-0.021797515937359,0.592216784578273,2.116729779976898,1.131391468313875,4.799656390426675
-2.720400846862527,-1.002197129251427,-0.644016210597755,-0.073733383545397,-0.999876625711342,0.613123438630406,0.955763934836292,6.590363346903647,1.281744403500044,6.783586707419714
-3.478894658263063,-1.000059390097656,-0.504864922908870,0.015746998424324,-2.061462002444419,0.928828410493698,0.932699444768005,10.064930733270053,1.244838679144294,6.090849939459279
-3.485851265782766,-1.164392110234608,-0.744274254773353,-0.109028577764917,-8.477543853693023,0.091816779850294,0.725770477222976,4.640600339759660,1.175857940264428,5.913074603892385
-2.761270802630716,-1.062777666763609,-0.738735984864825,-0.151887078964340,-3.870553782155813,0.093473171856386,0.805158161485039,6.070751782805976,1.227563510250551,8.009138211117328
-2.980164691398142,-1.000122552657277,-0.478968844310418,0.099431663329915,-1.423908332774972,0.483333946663088,0.830989374684522,4.272552356615931,1.335092266524017,5.441729961568644
-7.136188016358945,-1.093370914411807,-0.758179222928852,-0.056751476239394,-1.234717880869331,-0.107084111314816,0.690668082319041,3.099718019307128,1.189673659650138,4.043330786985045
-3.483866059860603,-1.165406613235961,-0.777758161437129,-0.142429853803984,-9.972955440410040,-0.133843730796710,0.659155908282954,3.082453891055534,1.114905288398630,5.780330053999185
-6.838278097607375,-1.151136449697666,-0.853446965277276,-0.142289391065333,-1.779802729974040,-0.301585972376199,0.617908495754396,2.838083857919935,1.132495022309240,3.931057155464397
-2.820429891218414,-1.120933228877894,-0.919675584618939,-0.323089017780634,-9.198398121605726,-0.943979620647910,0.432768724487192,2.538133538037297,1.000130149404000,10.205742628508878
-2.374177378006457,-1.090249093784568,-0.859199091811107,-0.244458914773696,-4.239402926300667,-0.129689967331516,0.762127680359720,2.164896277209802,1.176573337343475,6.723565706699558
-6.772228650722827,-1.132465306772902,-0.629148642179745,-0.088525629339699,-2.770874280465488,0.307532562710029,0.798625438111819,1.472173192785945,1.311584187810807,11.068747783559534
-4.200421645918945,-1.022394778553713,-0.520490198687633,0.012393338520861,-4.839495484842285,0.764725705004450,0.863496362987382,4.692947965537781,1.205046792513271,6.375560346096197
-4.401946570738787,-1.107918130189591,-0.655671042382904,-0.075870477329167,-5.324932679737527,0.329486320287394,0.759688593477031,4.423669650027449,1.276792485077418,9.761520131963449
-3.194786480096643,-1.012574939496000,-0.570035955093546,-0.040627218898906,-2.444568148045845,0.635355848890530,0.883297664581241,9.797820595904634,1.249344505922268,7.356339996237779
-3.405262016147528,-1.041238230669335,-0.553494369744098,-0.021426367038905,-4.515840245817207,0.694139931019782,0.870217755876290,8.990206522250777,1.227325805072697,6.519862937457573
-6.500159852347776,-1.210031602149051,-0.951430817002807,-0.246090654436301,-2.164666572184296,-0.693450099671584,0.451835701111393,0.999918121338183,0.999955982841427,3.758648158476823
-2.617501007982379,-1.155155170068363,-0.676202631489667,-0.128006563399859,-4.109959326567543,-0.252456356605302,0.488611459124009,1.494712751738056,1.066273572057714,4.978429980760847
-2.881955069590843,-1.263192840691800,-1.154838950525988,-0.616147650012820,-9.785406512166734,-1.664420749511558,-0.147252334266994,-4.215034167037429,0.326108229633137,4.292402518451038
-1.945432077429897,-0.826511813276485,-1.020191193258863,-0.909987304578187,-6.746708110390617,-2.158605827469602,-0.660963398196369,-6.438980169235693,-0.453599508254616,1.000360089583834
-2.769744350383191,-0.996065245215588,-1.141234698138569,-1.037231674059544,-11.643361251679783,-2.586326355231491,-1.067590370572609,-6.950640620016928,-0.915212764949000,1.000039722836984
-5.236429826783144,-1.327335101220648,-1.063393007831095,-0.691514235223754,-9.362800444332304,-1.336206143524935,-0.204522162382170,-1.690669932580058,0.127040979149277,7.364279013494132
-5.286016906897027,-1.332019386253149,-1.062574065742174,-0.680449362648349,-9.390165311613423,-1.325477934444559,-0.181340183449532,-1.674194483828934,0.163795793602879,7.580157268929948
-4.516420338556999,-1.175283903670540,-0.999848922930969,-0.357767054567641,-7.443518123800071,-1.012527813832912,0.310170933743981,-1.000546581064638,0.786584570767489,3.992958953085405
-4.574659634785339,-1.192296644541706,-1.147133002440299,-0.630957671878614,-4.037589194612385,-1.679315510810096,-0.171407238005170,-3.541097183052666,0.289246501896379,2.260089197761761
-3.903270952361931,-1.225835496483498,-1.053975391855408,-0.474391300161782,-11.868382630526057,-1.502501067669440,0.100201994206781,-1.011590556201100,0.734307216938591,11.462039883947075
-5.890446191999336,-1.350100920406928,-0.999714863440853,-0.510222888154403,-8.718970352799952,-0.999795624269810,0.146192440513306,-1.000133385178514,0.624900278975314,9.858386498455530
-2.473795250774394,-1.076998541005473,-1.139510316242642,-0.946950142689307,-7.421222153337372,-2.107139426778931,-0.785356934487367,-7.195197321364427,-0.598399639833857,0.999620386560121
-2.995230190012800,-1.363691639260238,-1.046357053810551,-0.434943457001069,-7.211142432901211,-0.999704869240807,0.162154084492332,-0.999720319213987,0.745763887281684,5.217705640216824
-5.774871240827915,-1.241441674848296,-1.062096143421690,-0.405085848726655,-2.766719902831022,-1.157707054560906,0.204822918868394,-1.077294808708177,0.753406621560580,3.314567023037154
-3.315785896802928,-1.104354584036070,-1.156692720620099,-0.778082390462810,-6.971699576317034,-2.018037889904792,-0.454270004113325,-5.930799170048010,-0.126862049047260,1.700692333324934
-4.441823366766698,-1.199842272351034,-1.000212570140240,-0.787009237117377,-7.701232168899542,-1.218848597610288,-0.455199399746169,-1.227610659048816,-0.348317771316043,4.185171957756984
-2.061385154244461,-1.028079426919512,-1.056139492369380,-0.588625788013361,-6.560927349233376,-1.441479212119202,0.118583513332150,-3.485746609064136,0.541281909721818,4.944871075729410
-2.131694387906562,-1.057789648852050,-1.062830606929625,-0.563541728170889,-7.468173519269312,-1.461704057048776,0.155527793172577,-3.455712451048591,0.596652746308814,5.804492251891750
-3.579219496387080,-1.146696247206277,-1.144068307165603,-0.657672422221147,-7.749020906388332,-1.833966376786029,-0.228101245489114,-4.828875619850185,0.174433464003531,2.623568294757330
-3.941583264993260,-1.178008630339314,-1.036109836550940,-0.415928273457134,-9.082254000886714,-1.251627414702404,0.199740117464871,-2.295785005033261,0.674063768256925,4.101856702214828
-4.075509479746398,-1.144009165381369,-1.150840113732090,-0.732224574964310,-4.159948242380068,-1.859893161676973,-0.367174070597873,-4.796538588470897,0.026465645648694,1.621746709943284
-2.412772702014227,-1.183795203856377,-1.117432445655622,-0.870262890580999,-7.038942965667936,-1.839826480069911,-0.650957808865392,-5.621219050512169,-0.361269655701642,1.913091586773767
-2.005036761060808,-1.009768578561792,-1.000062656866620,-0.508855280675075,-4.453038087601221,-1.000389836751972,0.293476425557828,-1.596989730248677,0.718266577321814,4.398741597282516
-2.289879885380797,-1.105516718033571,-0.999594063580976,-0.417028513619355,-7.214763446599380,-1.000169142970650,0.429736826203586,-0.999758610155188,0.901923009030824,7.167668656087972
-2.795090047349982,-1.334661858464499,-1.125799583124500,-0.604559226168681,-7.960068552309719,-1.444894714189656,-0.133460727790114,-3.159026660684059,0.380368077465387,4.365882273784848
-2.469686264394038,-1.210892964899397,-1.132032410410923,-0.837677380809069,-7.327097714349434,-1.825465300562064,-0.582215106695184,-5.446113507110162,-0.255097558838701,2.319979599068698
-3.230148032123049,-1.150974169967836,-1.146457619289220,-0.665093473008487,-8.978229149468254,-1.877550619847004,-0.249908817115661,-5.306562345762030,0.148229210872591,2.970598036234147
-1.918898771641038,-0.872985369663290,-0.999789972383257,-0.734593099198395,-4.833973353151233,-1.665604276064290,-0.239921168526185,-3.716991039515655,0.091895610448414,2.470179135720082
-4.611460467507072,-1.275985851194778,-1.103935334698880,-0.819549559130812,-9.932983763473819,-1.633088671024617,-0.496338000282291,-2.506635001875255,-0.251301023146078,5.112013967376846
-5.769311556692521,-1.341305974802558,-1.000189784752542,-0.452127933042848,-9.120667944652418,-1.000168963992253,0.224003602476957,-0.999972230329403,0.792562724247502,10.813804728484136
-6.053244229973702,-1.227656904592005,-1.000254261826052,-0.326663360395169,-2.274692931695779,-0.999918302560898,0.291837447735595,-1.000227770927756,0.848827809839745,3.605121375603758
-2.491249274902456,-1.107980628992084,-1.020790624121996,-0.454522426145845,-9.734082404156156,-1.405709722453018,0.248779916359836,-0.999887933348444,0.776579396779780,9.002710825350185
-2.017496991518506,-0.982151609419255,-1.063227241115937,-0.671117291185533,-6.643008625505268,-1.679491677602561,-0.068881246347005,-4.387562627838319,0.319444049877840,4.167477289109213
-3.290384999914562,-1.234219373410381,-1.000565732609951,-0.343870566510916,-11.131386321917006,-1.000430589997978,0.326483937169135,-0.999779784065295,0.844980593958261,5.403349587311794
-3.214844584016666,-1.156589017045035,-1.138228368795299,-0.659748946362784,-13.056551937741160,-2.137941190166477,-0.260473860459433,-3.767589687337441,0.275966291174949,9.541150563945102
-3.772630627876263,-1.115697389426028,-1.024876617873133,-0.914862875155554,-8.187265124411931,-1.527128021920505,-0.787487198699070,-2.226539300888521,-0.760071644344420,1.000073568092401
-2.218030701555566,-1.103680872331384,-1.003019696595389,-0.881115157995979,-5.725243989631186,-1.642416932545080,-0.735640169029199,-4.889421305814492,-0.513449513244789,1.000024980878770
-3.740266257135617,-1.084630377970744,-1.107003550688840,-0.794811341565446,-3.259565775012354,-1.897166340444639,-0.525404726904114,-5.864453612071948,-0.191154794046885,1.141781516981975
-2.910171215796378,-1.359115153193603,-1.082061759255998,-0.503303509489323,-7.545839181108621,-1.185158556852065,0.044256764705638,-1.875868692366963,0.606547510702738,4.909900318144887
-1.991151047987824,-0.891025022821659,-1.061452817320899,-0.850912636604723,-7.516028917484485,-2.153803070238968,-0.511114697005797,-6.455239336110653,-0.238055537909410,2.414208309160766
-3.806030168750520,-1.174817577320877,-1.139270036874066,-0.963693370552982,-10.777604102542345,-2.059830292098300,-0.858466088051186,-4.054556180108192,-0.694918563176217,2.110877119827220
-3.691918101028133,-1.082637907796916,-1.117630791847358,-0.812592466822286,-3.535386452280429,-1.930768510868208,-0.546864703982541,-5.862630103802982,-0.224890410844790,0.999856439699389
-3.206648415352334,-1.246564345947145,-1.046542303549843,-0.401823185251659,-11.007196107126036,-1.181092824522862,0.228625687053268,-1.818871506685730,0.749416620640780,5.248478376804723
-5.329100091823196,-1.342419683357285,-1.073369224912354,-0.666472356440300,-9.723318769294211,-1.364763283107622,-0.155999220021355,-1.816381496411349,0.228614800775431,8.018805016670582
-4.918738383073627,-1.215450176356876,-1.133452850040657,-0.567375779023161,-3.734820170899897,-1.541611986255679,-0.056239852523977,-2.756385389976850,0.438208611635415,2.601149898412158
-2.481805248679584,-1.069455707584469,-1.112527112378831,-0.657048260378564,-11.603507978712750,-2.116779771715962,-0.196318372027612,-4.527037723864959,0.279830666081780,8.069087010491085
-3.709511943175593,-1.150711565211840,-1.123153997116742,-0.980046390622610,-10.393205411272298,-2.022406595851238,-0.904907866089639,-3.951065726986307,-0.781948979083349,1.302128159167583
-4.784675954523806,-1.308204153751832,-1.123660210637695,-0.781980909849631,-10.555963247724859,-1.683526925576651,-0.411318266819040,-2.695365413898330,-0.085552034695549,6.336634481238756
-2.271446652080217,-0.918589897130248,-1.110695216190410,-0.967652410787311,-10.657193098368166,-2.582051701286292,-0.872324456166198,-7.823691386461046,-0.667825182567138,2.201820657898542
-2.169369103523737,-1.012309189501304,-1.106881406516970,-0.715728226487404,-9.586448955169541,-2.080686241612492,-0.234454143525614,-5.726729275680015,0.162263739881374,5.622031524388050
-2.505743579340906,-1.272443502795946,-1.080732811924974,-0.713065819896222,-6.829037503797270,-1.542850901255520,-0.376183805398266,-3.905250674234120,0.054186998959886,3.103559895734866
-2.801673575998804,-1.342975691920545,-1.000105811945812,-0.446879359136598,-6.424234950698075,-0.999884390993701,0.096986228162441,-1.204577384343122,0.674655428520986,4.758567095552296
-3.423683539717875,-1.169441502148978,-1.181793228696259,-0.795157682645362,-13.251239172087171,-2.357145356896832,-0.529350993752094,-5.028656912132409,-0.083489150592060,7.564542581964050
-1.863519090508356,-0.526657932758581,-0.668331840045974,-1.042825716764878,-3.799475098067699,-1.445430508561551,-1.256677126673265,-4.102837012035216,-1.465397468405193,-8.082359374049537
-2.321469209650071,-0.870164205431364,-1.075464906594451,-1.077673569235350,-10.130082521002054,-2.565218491796500,-1.154887528967421,-7.772130787967070,-1.091202861151419,-1.045116020683988
-3.413429889837821,-1.064521651517861,-1.049650992802959,-0.999969096596053,-8.855819830564467,-1.803789922073770,-0.999561072803612,-3.287291758813763,-1.000152760556752,-0.999577244192264
-2.450273799793321,-0.797602397638418,-0.918169595847557,-1.109777299981767,-7.290118214587137,-1.851677997557730,-1.371530204871489,-4.449243496353701,-1.561361220222910,-7.341516300880597
-2.348921669791303,-0.890854654788326,-1.023879455978795,-1.095674382093228,-5.027548477094292,-2.048552055415597,-1.101510790692643,-7.700139829387359,-1.141169191775178,-1.543919927221407
-2.794483485184658,-0.947764219844311,-1.068556991788951,-1.109471614274671,-9.842819502783675,-2.281837077060957,-1.266659464363007,-5.694209610690101,-1.291388903628632,-3.201363846265784
-2.089502585541716,-0.658392887715030,-0.822046923271160,-1.128554997780875,-6.064105988446442,-1.800396499021775,-1.429750244277221,-5.111678619442548,-1.669381972892938,-9.054248832859065
-2.565721608754567,-0.927510804671001,-1.101614620948980,-1.084418607801179,-10.761415492715850,-2.554075315071210,-1.183534310983399,-7.204603563391393,-1.115462448309006,-0.999979010603413
-1.912649311852048,-0.572913655686389,-0.625248620215322,-1.053404439021626,-2.091747992130586,-1.132038416522821,-1.203788799447128,-4.768881990579433,-1.536263329984249,-3.784890660293398
-2.052038032348645,-0.919958800348458,-0.898188801951870,-0.999828826287999,-4.582838860207486,-1.580538306459033,-0.999636691601706,-5.245746007213491,-1.000152765947529,-1.000418207990240
-2.023084291828127,-0.601759498630768,-0.663113402435916,-1.017606225244561,-1.900421493025923,-1.236433533481958,-1.132787982131937,-5.455423207000989,-1.373107052112519,-2.833510952646681
-2.135756796052497,-0.718696198771146,-0.915530074169488,-1.153298736140444,-7.366198027683097,-2.135378252914677,-1.406308896107344,-6.439997857417687,-1.567505362804180,-6.819349923732627
-2.079012808888538,-0.796671614540829,-0.898845727409243,-1.144649243653274,-4.130031909292719,-1.767688039510191,-1.241945281220328,-6.877097673799486,-1.426246998528591,-2.710543722563323
-1.961371987750293,-0.658558599537629,-0.737434719508671,-1.123087802821494,-2.846359544080682,-1.406309159127503,-1.273067072768743,-5.714524906983725,-1.575421386655248,-3.713737865026806
-2.255990888114837,-0.749393396785758,-0.866441030208247,-1.104681447974956,-2.981211162917296,-1.728075906368465,-1.186922380289181,-7.001043670045325,-1.339181990121100,-2.611835843944683
-1.967885818396399,-0.732317925714345,-0.957849436792855,-1.069273063384914,-7.042200101173667,-2.273628416955609,-1.102589772433792,-7.275567752067609,-1.092611318273172,-2.636765112907935
-1.981069366606985,-0.712771532573967,-0.791917908175832,-1.132023646607381,-3.332759457691002,-1.517381110561360,-1.266385537903571,-5.987349469441488,-1.529118954592852,-3.377139845975830
-1.845552247106788,-0.611939241546047,-0.798643710974335,-1.000037625841126,-4.094660737766820,-1.778647075059151,-1.000174486390134,-4.696335904360073,-0.999907351179458,-3.182500217629599
-2.044449376421522,-0.717262141477503,-0.936571796405770,-1.130404982499761,-7.383965627196025,-2.251316113377598,-1.299832358484312,-7.157845127250800,-1.390677103719081,-4.919070121556196
-1.991302394368950,-0.585719064351481,-0.721021307207053,-1.072052584612232,-4.766926283000138,-1.490192115445196,-1.373629094924866,-4.074297487399689,-1.647012521900285,-10.100338678846084
-2.453540581469125,-0.930349080598167,-1.061527057734297,-1.059729717055921,-5.450340494049815,-2.107105150360986,-1.021325343374678,-7.726511699859705,-0.999648692999908,-1.000008209125746
-1.902021399492172,-0.694592902181844,-0.910017667003091,-1.036809195414051,-5.792150507115323,-2.100471806178397,-1.025188396411907,-6.384710797906740,-1.000243451038105,-2.549545247109131
-2.539433084191684,-0.812590590506540,-0.902478977443621,-1.000035433653087,-2.575968485647159,-1.749429506308934,-0.999588587067130,-7.019360732009956,-0.999958719248603,-1.248161500975720
-3.170555485830986,-1.010461048736753,-1.033328496568468,-1.035308136670807,-8.691930069503025,-1.858636229266092,-1.106185535755815,-3.628988926950807,-1.149079064482148,-2.447972340916238
