2.024803908732402,1.371311949238026,1.231220911229211,1.138182244947245,5.650227313818950,1.270749841185324,0.687307395470120,3.136255552123645,0.567170148641711,2.949031508032324
0.999431228587134,1.000136508363794,1.000411129880752,1.000407504383966,6.922379639642466,1.750477576527935,0.832457425449161,3.928385326486096,0.733678520975511,3.189448358413189
2.040369206023931,1.372622944894924,1.221929274898633,1.120955218865734,5.712298792559455,1.317295211457120,0.677266454837074,3.103752431927186,0.578653866197661,2.974223953016934
1.000206866928771,0.999664830656295,0.999827191812367,0.999961689231885,6.304854159322401,1.475547810359726,0.857307885389426,4.136394445811921,0.667279932754129,2.977528682510760
1.859593209594484,1.103125824867481,1.061906821971293,1.042730778856512,6.780483025256616,2.100429442690800,1.108161672438807,3.941887043757391,1.074908783908266,4.192606621902550
2.638960147986339,1.151580313898577,1.103689520300950,1.070671378341203,6.178588613883091,1.826349950769083,1.015002937270321,3.405739878848049,0.965263325875360,4.096835513036218
2.690147385809493,1.236579798560567,1.149602696584086,1.101416041597305,6.405251566188850,2.007354575221786,1.036437597748271,3.737768878643835,0.987606762822581,3.862906533199826
3.661323030742398,1.198785143047782,1.127761987158048,1.065112826671895,3.804068159972708,1.490489358529724,0.766233909211007,2.614066056948079,0.721800232439149,3.159219121533841
2.187754535964531,1.000147934407419,1.006756644111501,1.005406530171334,5.568331320255895,1.558049128686033,0.935023642796497,3.033457774920944,0.885168765258120,4.115360502676131
3.053550931123829,1.007667804960433,1.000085670732744,0.999643382159300,4.499215222249076,1.232042610856247,0.770175817593046,2.581026702367952,0.735201770700826,3.664002137727377
1.767732177209664,1.320541553684887,1.204880981004122,1.126445919149736,6.245631265029839,1.385834479037729,0.740791759882433,3.444985957566848,0.594699491274781,2.961842739864522
1.690133202170136,1.072771889103103,1.051878684464712,1.037125948536230,3.969304470581995,1.004372635213958,0.685412847882618,3.042967529579267,0.554599814041221,2.909299675188282
3.880951034953557,1.293168612740928,1.192860472188032,1.129750353568387,5.531981713635155,1.658108043571104,0.903802569946981,3.108994537985923,0.850152367795660,3.681386073363899
3.257162117952796,1.108257180646309,1.072075174921760,1.049932432377252,5.020275601249091,1.410940398728548,0.840615939900582,2.800238535114761,0.795559302389743,3.760007388619560
1.410346760271541,1.000312265499751,1.000037731991030,0.999982992838104,6.826666940928408,2.086195710768568,1.141238963436886,3.892798435996332,1.115628340510661,4.492817086959701
4.160713639673513,1.272126970755611,1.176073940169909,1.100661112123439,4.037934184587625,1.502050144974912,0.770933405700186,2.677939692420525,0.724284039959283,3.179126469139959
3.567756588238884,1.116058509280989,1.068424299732553,1.016525298221122,3.324336553301727,1.369530005047619,0.719245175518513,2.406528771056027,0.684434059449597,3.111016726103100
1.691239912091444,0.999785495960091,1.000012409131548,0.999609328161144,2.812000755505820,0.766484879814785,0.592497154517065,2.569802548161536,0.505589681758987,2.891923883375077
3.390602436090306,1.149479554149812,1.094525878709574,1.040369975395209,3.630551120483376,1.467254934241117,0.758283956074775,2.553201818413497,0.716323130718610,3.147086957333119
1.000380555447214,1.088751664562847,1.042495378252051,1.042097224505550,6.193503045503298,2.162892088436067,1.067556902918319,4.161696223608340,1.026922093384621,3.668909706538582
1.000051490299112,1.136014417806497,1.093772417075468,1.059434348886951,7.945241049846915,1.827644494732465,0.851316316757001,4.187488535345079,0.714209493995729,3.131986450395316
1.529558386243608,1.103516723005938,1.070794977281592,1.048528778567390,5.094988621648182,1.221248850533363,0.757817081259643,3.468338374329351,0.597648019435745,2.933119993967312
1.000404689790316,1.056182586775865,1.033598952489772,1.032909150190063,4.903494069731121,1.932043035505762,0.964634502225998,3.449666004762082,0.912445893994722,3.395734317671073
1.163215285744004,0.999771574501095,1.000064121075487,0.999520360180131,4.122310844728024,1.743513580651495,0.889326884837514,2.975191941963720,0.840095396531038,3.289156880426916
3.648942615478923,1.261360280575669,1.173029190342591,1.117059799123201,5.624329418570498,1.668584873765054,0.918945325143793,3.134865333144421,0.865670717495640,3.758285722032249
5.374977837017561,1.108744507920119,1.042802440136848,1.000056872277997,2.641316253199889,0.941664664996883,0.564868394015742,2.048585483797990,0.565972064053203,3.041067914276411
-3.783067870498853,-0.742800473943863,-0.304542863217469,0.193852218765843,1.415114057007020,1.307845171998248,1.020439573936741,5.492712376743804,1.442586697301646,6.251998700455252
-1.501496085806654,0.079136511676494,0.352064129790877,0.575989013862232,7.047938153236759,1.876107250500889,1.124961998799317,6.729138322655476,0.988755300192028,3.380708781205435
-2.854691030929117,-0.936223473839980,-0.401256972189561,0.294938708693846,0.999772570685101,1.300676075616575,1.054449692591300,4.696579740147473,1.204873934958390,5.284259867592075
-2.409809797297606,-0.723881503845061,-0.313651923154284,0.167323069612509,1.733151124095734,1.145117344881886,1.074896435066262,6.868903265233461,1.267450264368402,4.385978517745791
-3.486245024286791,-1.001451318692730,-0.467432832946562,0.120683087042653,1.000467493951659,1.427177128136887,1.035328099238485,8.248947020843111,1.219226501242340,5.410397210743026
-2.436888413423174,0.587107966132963,0.708014633043287,0.854889457544128,4.255758179192147,1.940699825610075,1.043930165240757,3.561580135259359,1.025150165622662,3.578288154519716
-2.501728938873477,-0.651418035252027,-0.240817024620487,0.212399996142535,2.942323750345119,1.345269691086325,1.109111156483838,7.394496724971390,1.238135489862331,4.309562538554016
-2.628472701022189,-0.097342986106393,0.219258340456655,0.489572659636553,5.621296587101879,2.041934753711895,1.264885563280356,4.555242372776921,1.504538979716866,6.441486660735563
-6.442641282761473,-0.201574113111509,0.108063873962766,0.532660286005256,2.364869037925617,1.488701794861959,1.064578791267606,3.056776574775499,1.143089748967272,3.981780499700102
-1.612868380346284,-0.088206940655244,0.293171851478110,0.662476906965424,6.682441792562157,2.074690982890465,1.099200841220136,5.525147369463256,1.068507059135081,4.064999127185418
-6.744867807230156,-0.263590548579015,0.028343849571518,0.494791362095515,3.097271370620580,1.653604482789992,1.132999897687335,4.330206823228157,1.272147566859328,4.270724002321526
-3.454736238207415,-0.981465281338391,-0.455914652462653,0.115192812737448,1.448917927748473,1.444698145715388,1.042571932357476,8.834879975255117,1.219970995373307,5.414318654203376
-2.089631121046946,0.158505330645317,0.401076862987013,0.610866834813494,6.395376071491292,2.196256739185841,1.270536100537822,4.795261802525244,1.440552489344276,5.747628410156505
-0.999827904827867,0.493153198452290,0.680178006244618,0.776441316987213,6.550688772231777,2.061933314220406,1.263846555165149,3.857342789298773,1.278101157084424,5.779485808874199
-4.653644758362883,-0.343324005731085,-0.017983158537518,0.401880081980064,3.860480739613037,1.810714853975723,1.134875372711416,5.950482899744263,1.406084539255510,4.971803785811568
-4.468633519660052,-0.727267796232366,-0.314073928049692,0.209168652876166,1.053157061182522,1.293612641228779,1.012084389390411,5.649411361804927,1.411428495615798,5.598483666595729
-4.485655520111691,-0.731990616377220,-0.235433695762919,0.098608651454506,2.362020761268745,1.380368378720446,1.180243854646516,2.961442878660272,1.418730600373542,9.264657586557108
-3.420799650125430,-0.574678497197155,-0.145309248559213,0.236197923799634,3.233771509128519,1.541656249095928,1.194028868799469,3.480357608475931,1.571986247239081,8.285326618211144
-4.814637991226719,-0.868735245663390,-0.373563099991497,-0.042306321162409,1.883711484467560,1.102296429401584,1.015302862696242,2.807291720034923,1.182249298156199,9.346046926182080
-1.310323238083910,0.388640760727869,0.620620944610369,0.803370298461603,9.920246675803858,2.355471956734484,1.087748567154022,6.134616321143482,0.950994763447742,3.589477210032996
-7.269627577150833,-0.707763883313050,-0.378039942334952,0.242841292129606,1.314184713643339,1.102656726516718,1.023765720417074,4.340076469119603,1.309510737345154,4.790707762058199
-3.433682015563606,-0.603614481297270,-0.121043394676278,0.318921654270077,7.171995419271942,2.122869530340916,1.163666417031182,8.895614568837491,1.151772282240508,4.437742958283400
-1.974344323457850,-0.538289142617351,-0.055783421690353,0.492997057736838,3.351281258179702,1.614012584958320,1.075600671358095,4.752424877062735,1.137626441683960,4.544983230470073
-2.346237125335616,-0.937177662130535,-0.411068818996591,0.303168809525293,-0.183220555294172,0.999997177460885,1.000320658791738,3.676090518498555,1.156867056140226,5.100682017589601
-1.000570423866727,-0.183583353027191,0.208009353168360,0.613523759218229,3.866255542995551,1.596811017105533,0.999969553170225,4.171142344686150,1.018103150819080,4.000308637124069
-3.560244902015501,-0.900148041159308,-0.363776300315476,0.200994817723495,3.163319752476523,1.710961459261989,1.091667543449162,8.007903988750211,1.206443417741650,5.083427006614245
-7.833629534803367,-0.633689047792409,-0.287991432631527,0.314589626614842,1.350148132857844,1.085598065974594,1.034377555781258,3.186912683387820,1.225105200866369,4.405766664709443
-7.659939722063865,-0.607569939460353,-0.243674628025780,0.333898375621018,0.999739294857482,1.000384723119798,1.000084879431439,2.443892601083800,1.151454635506251,4.217127434732910
-3.080239975348828,0.509577468116290,0.630883263384276,0.818642271700034,5.278578100556721,2.166370584929405,1.144658290129204,4.630108634373593,1.162497641246728,3.836953103560506
-1.612881960073837,0.324558892238871,0.520395845559545,0.687516655881886,6.738389564802444,2.255412387687353,1.272392057754136,4.752037524992403,1.399337991430952,5.478569262382873
-3.860627015658230,-0.568364622715070,-0.109608256336116,0.223986040183128,3.139949545648556,1.589345059124563,1.254371708110223,3.171714409869374,1.548351587351717,8.775279909429779
-1.000570435327366,0.576360705064356,0.738710181279478,0.855615787057562,10.379626338077697,2.321742161885440,1.061435765953912,6.040019143883074,0.889919647757743,3.408785141153555
-2.997055266383917,-0.611278937345033,-0.108159018282789,0.421097144057812,5.571394665708466,1.994483053238679,1.144935949513207,6.526071865329849,1.182456382601768,4.693629713233344
-2.917243701284549,-0.341207278656541,0.101200160769439,0.504181747051747,8.411025311941328,2.308073328202111,1.169742478439753,7.372220176871372,1.120036999384416,4.232555794772953
-2.881961957587357,-0.243429658658040,0.141280299565566,0.459996548247154,9.196996392450876,2.266068553188538,1.178902751182822,8.428629273622931,1.071295729442228,3.885709896859091
-2.505469363425547,-0.022347884650583,0.325815133671333,0.607163967567438,10.222208773980809,2.432392432218068,1.161590307906218,7.475980353709340,1.034829206516096,3.812153148900291
-2.879656459120735,-0.386046024639456,0.069224335988960,0.499287742165653,7.793388746107231,2.248742279376975,1.164966704230402,7.089995921911063,1.134964112375286,4.327543014050132
-0.999896271641074,0.830746798036309,0.870971098379830,0.948807294726036,5.236131597113877,2.099457383255848,1.064737430200308,4.007444790214465,1.033906726044022,3.583578504324915
-3.540427405281287,-0.582291225442799,-0.143649651066577,0.226355352967015,3.115642705633952,1.540443922601190,1.211819051340679,3.283392361877105,1.574747056901729,8.528889968737092
-2.846506976352020,-0.442397488929363,0.026897735116881,0.488045894068652,7.057812987430387,2.169493703770641,1.158591307325475,6.797134638453965,1.150382159357285,4.433816665749749
-1.218662983128233,-0.147853283525701,0.181486382135626,0.465395935477023,3.888454984475151,1.465642886700041,1.093141876509563,6.180018516397113,1.056960905395665,3.341854171068735
-3.052278450551249,-0.662359712364382,-0.224545664787159,0.225868459856418,5.016801337111106,1.678667836227519,1.139507251410552,8.927111032290501,1.199618171016785,4.564672456294056
-4.729112195380386,-0.932578158713955,-0.433870267046819,-0.078023637781478,0.999802924452908,0.999658173025577,1.000514752578657,2.488621664495413,1.244520957224072,9.617746766761123
-3.369217720732979,-0.380347885615242,0.033392337162295,0.337762600647319,4.179362149075458,1.792321703925594,1.292906105787461,3.560526312035160,1.565953897490878,8.061165116124588
-3.499578554848565,-0.810627211801387,-0.360129185706411,0.149308537961816,1.099842698788021,1.176868009712341,0.999680011877832,5.124788699860313,1.456492883899715,6.960162195674693
-5.163154901405656,0.091652868571934,0.341996618516760,0.657915712080783,3.124406972134040,1.709794280454725,1.068735041451391,3.283237026288925,1.103595254784297,3.808917871772296
-5.421121917561845,-0.532105264217683,-0.185769780077605,0.315756182800764,2.522156559233996,1.538307843295173,1.083102584906996,5.732105538456890,1.394718669183591,5.001359956011408
-3.582289400580446,-0.414154131403762,-0.042163220855149,0.351502401208913,4.019702427528475,1.767512796498301,1.138677924500527,5.497390834950283,1.463026104158588,5.867390970551801
-1.355315455805529,-0.362754192551804,0.012685688369976,0.356069571343711,2.315609928950683,1.249479056074767,1.071186397025601,6.077184339841925,1.132575542901520,3.417016820620611
-3.449235118899932,-0.917769315827144,-0.377446689027828,0.239291505929582,2.577618492995212,1.629588980150589,1.086551524201884,6.636390403045533,1.215436612815556,5.207373128571196
-3.221128560136651,-0.481607527697697,-0.080677033635760,0.300212718459012,3.907374872680819,1.668313293721402,1.176238375931950,4.321798069751119,1.538559854190042,7.263373002725851
-3.061514040024354,-0.964285433811110,-0.533602603408927,0.044446723757721,0.999559825278320,1.000369572385018,0.999787841301018,8.909387013996326,1.257287021866931,5.972274822835637
-1.190912651314089,-0.465960531357808,-0.068168640228481,0.291839440614122,1.000350522842333,0.999672909166948,0.999871711726732,5.803079538295411,1.135319743513266,3.292873573387094
-2.687527197701583,-0.160580427996612,0.198188270708929,0.491239901029512,9.294753305881541,2.252707017640275,1.174685786442818,8.202995887296026,1.051353289125939,3.777041814485596
-1.221129308575988,0.165726783580336,0.414998490142351,0.615840697724566,6.861091753335824,1.829659592038870,1.105895852016648,6.413507894783860,0.958001192383951,3.300523788497232
-7.341543289514473,-0.756203070328313,-0.425685769056031,0.213511494282116,1.000254269220802,0.999872014744823,1.000077190712252,4.149753829192275,1.296517052589814,4.823399927740450
-2.638429205052488,-0.837643054224172,-0.429452147704673,0.100120738462241,1.110007404168799,0.999692209123917,1.038613702172003,7.102886715338253,1.285246754637641,4.910697209268600
-3.437741782732303,-1.015767745438079,-0.475422121414746,0.186823024023203,0.788135030311421,1.382791176472131,1.042310998823792,6.029447145837069,1.219421628672826,5.467425176316107
-0.999609820325957,0.309747413971494,0.519548024622350,0.683119764143482,7.430884491249838,1.872591180357263,1.086256650360615,6.201153039311019,0.911923103497394,3.239988391696048
-2.962829879904029,-0.284497966653583,0.137911234200617,0.503050784891515,9.174311828284798,2.365481736298343,1.175040832196625,7.800246312728933,1.096860637642604,4.093077001244554
-3.521816331421680,-0.718063055973868,-0.209354367169153,0.276312970433760,5.934479429710739,2.009576718754786,1.144491665562390,8.712142861925834,1.175094279416552,4.661240017191605
-2.072009614547681,-0.644529819835286,-0.237920369324095,0.208928411271581,1.548802180323437,1.137650863920092,1.073783054330435,6.387558944434373,1.250077300722828,3.997665545943356
-2.132110290520966,0.668837512607265,0.751013784082937,0.884446185766392,5.303652057289870,2.151315434983613,1.111517039187411,4.337236971000617,1.102954975806119,3.710601738777851
-3.670695259923857,-0.864702807816130,-0.414697263574769,0.046645448529586,1.000124817926115,0.999997187473345,1.038734104474534,2.550749796503869,1.518143615123919,9.468539841451687
-2.708213848065616,-0.104986809169137,0.260257970402278,0.555293287688624,10.089499976705246,2.407305612534283,1.170903879666882,7.856247310325187,1.046194220773438,3.836637024861987
-3.632468501601969,-1.041547608438750,-0.624015750800619,-0.106536073373603,-0.999572073840930,0.444611268284236,0.843895895803983,1.632476080810664,1.394687634128402,10.270993183598723
-3.577132844024563,-1.189152062739139,-0.796983077309949,-0.078297008067257,-7.568434660545707,-0.107505987551095,0.651706784138560,2.391792083298047,1.148565970705442,6.387409631523535
-2.583379570505680,-1.038217694260394,-0.510107633328965,0.244503218864027,-1.002758938644165,0.879102111236653,0.982343311140953,3.547161130780624,1.167151969109337,5.359613771701831
-2.696920110034159,-1.141040717196396,-0.927402316234021,-0.272979308704489,-4.374799803658155,-0.702813886168456,0.432786638239853,1.613661289639037,1.062159601974948,10.684754509671500
-3.132424789976746,-1.111195545065577,-0.611344530630084,0.014163956413896,-2.879583334848594,0.810771491605075,0.898777660687429,7.814557109513500,1.249989170906486,6.338227954089540
-4.404008362127398,-1.157593841959122,-0.728207604702524,-0.326808720841042,-2.003785614405878,0.220658871167044,0.640363498818260,0.999519732042243,1.000049092266738,9.782057169810805
-2.581180746470875,-1.040865272826017,-0.715346103918982,-0.079869363328372,-2.230598695349004,0.195514607856121,0.816519938540193,5.330102419957162,1.264504261746768,6.264152159910665
-3.099587212121692,-1.300156022431358,-0.889438153933264,-0.065803828307473,-7.303749983742074,-0.153519332402484,0.684412937974452,1.282755011390560,1.050065378402265,6.534432930600220
-3.223458680075973,-1.125821859818462,-0.641165977648598,-0.001066276021205,-4.785608359945220,0.517268812891557,0.816981934315860,5.756222050987277,1.284415627981613,6.504552440954837
-4.226510558278283,-1.059955614892170,-0.639405878697136,0.015882099223195,-4.138593008284438,0.423189648701122,0.792719821221943,4.121134046683992,1.287455128109384,6.002764938633983
-3.168721370465058,-1.011148433439202,-0.562780655319896,0.020513845736227,-1.151341724684469,0.660710887074408,0.871320287322352,4.920565176426721,1.401093448924048,8.059558918376950
-2.418704121375854,-1.108354135203815,-0.964599925269987,-0.279515987687262,-4.953009836325464,-0.852463430189112,0.410033080691750,2.284733191110547,0.999902441266244,9.274751694651798
-2.220900465401478,-1.099168279611947,-0.886970203522833,-0.242788156268135,-4.766359391565745,-0.526317184654414,0.514566849457569,1.234617186240378,1.120741622761317,5.835694064917188
-2.569381966472891,-1.000346982037129,-0.470507757949390,0.267665223649868,-0.508213026071603,0.976007851262842,1.000050903572401,3.754775647394234,1.173325671855643,5.295648327494711
-2.678174358542527,-1.011067913549363,-0.655601516215157,-0.037525584921420,-1.314490379630259,0.426644948926480,0.884403889008569,6.290337579554969,1.278549887256295,6.106556741234245
-2.310297400539474,-1.103010767702534,-0.968056970903190,-0.296920706603739,-5.229861511899299,-0.848271199518210,0.401392375671893,0.999933218171472,1.000287494896723,7.504833589155957
-2.099978698549812,-1.015996500659501,-0.673588002821171,-0.086515941122628,-3.053491077254571,0.109408000076284,0.759711465838317,3.437007802760342,1.277199605120056,4.617428807261128
-2.630443897855152,-1.134558320883906,-0.921425312957682,-0.254936048222508,-4.387842465398085,-0.675211425359947,0.455088920886347,2.239957829483842,1.075775351228342,10.478851252865226
-3.359077828350699,-1.099982335582516,-0.569164877180114,0.145884253336497,-1.000473321903728,1.093664220417413,0.990807186147023,5.048779625435784,1.212238889709309,5.732457479068330
-7.837942924144292,-1.000337660595932,-0.635020091488869,0.070776895045673,-1.000232780317250,0.141454389678816,0.785509637081559,1.000103064932087,1.010658858433712,4.276345063256738
-2.578672470106531,-1.101453375685348,-0.845738059188543,-0.164414386886648,-3.588015094845898,-0.270487671920990,0.644403516084983,5.164798895220068,1.164974343270391,8.423753853011522
-1.797731990458581,-1.000287662024962,-0.504742506006862,0.209979533716165,-2.205804719226295,0.324854384154435,0.828592177155748,1.926212600507059,1.005655953790095,4.651240689213243
-2.579010696815440,-1.308735505014191,-0.859197746108929,0.002169870202334,-5.629041823890136,-0.204355335902482,0.723981573761420,1.000078328291626,0.999871222113425,5.771178944434874
-3.295957755674261,-1.000067281766340,-0.532306877518710,0.048622886226271,-1.463579822323930,0.765221844906060,0.887040218366832,5.424963391004833,1.390440925696485,7.239405924794552
-5.034583882625076,-1.013499292104014,-0.636035698622873,0.029803551083648,-2.954977431948101,0.446437075883263,0.805922848046992,3.873794323617422,1.277282146356325,5.726635200961075
-3.024637338521265,-1.121937503781562,-0.641654918101779,-0.009167408446282,-3.824896080566841,0.576245241151437,0.839179957532660,6.945426707089900,1.279781154153001,6.867175212426444
-1.780155975714443,-0.999405529333393,-0.665880354494277,-0.141968577207363,-3.120158886640437,-0.030847279391018,0.589939580225055,3.273447173334027,1.167097813429263,3.592658447518298
-3.256498827271721,-1.237002478066397,-0.768249369210314,0.001134345734491,-5.576554441310245,0.351746781854122,0.807843839084435,3.183094411818872,1.151312144897116,6.316086554233838
-5.856602556516357,-1.120845735531535,-0.845167780528445,-0.110221869733579,-3.707708194442949,-0.220891172380764,0.611566316326134,1.713672269579658,1.057057581101656,5.488666245302689
-2.509739799570699,-1.110613279115049,-0.899854913859528,-0.212024285042559,-4.248053741576606,-0.535650047142158,0.542340841763784,4.016193022871896,1.104214762942144,9.107626836276335
-2.642316540758541,-1.072853677750270,-0.772068729980120,-0.112372201982385,-2.635021865140942,0.039795275711785,0.758618809990629,5.751658577934122,1.225258389027476,7.236315922786986
-2.330939856264470,-1.001518637779470,-0.477445697930747,0.263979946479865,-1.039089191377885,0.815066535940398,0.966267142235643,3.267644243332384,1.140715831803990,5.163393502573463
-4.430882981630509,-1.000113792307238,-0.577804761100707,0.054770425525742,-2.893688731565524,0.617169259772937,0.843901343564009,4.557798793653324,1.322864105956854,5.871539846048001
-3.502915119455121,-1.151446472255429,-0.704526920123390,-0.026695470850077,-6.255791369143946,0.250146691570526,0.748060751231165,4.038648005918565,1.237621460919360,6.302831328887853
-2.603940238548570,-1.065660117255579,-0.764070281448917,-0.110058027623222,-2.649068546071033,0.048052452451238,0.765538093618349,5.334630592391409,1.235144055688477,6.869318928904669
-3.156141838338633,-1.134446729325383,-0.645373340536278,-0.003604167647724,-4.750434085950845,0.543906807634404,0.825354100416291,6.117158204164643,1.272808664248217,6.506402121232188
-3.765898815839745,-1.027103831684463,-0.563135263414489,0.049403946202856,-3.100520890230088,0.675336806491861,0.854228727308241,5.151042781692728,1.341673587344378,6.215724983394087
-2.707577891517502,-0.999396356033075,-0.634700215936529,-0.023562032040959,-1.000066198427440,0.503278813374180,0.905321855338314,6.564684779073326,1.281228447731681,6.031067185113633
-3.290975050388340,-1.086662722616232,-0.567834212570146,0.048918888128740,-1.706303633604756,1.042907062261688,0.951534564831650,7.973123361151095,1.234775512639028,5.908086545481567
-2.551349442795352,-1.123967718282003,-0.908778549596691,-0.227345372091621,-4.364327323560127,-0.604055867663062,0.499939311547969,3.347655778238746,1.095064131099803,9.957762790660709
-3.098523875521598,-1.100308376493945,-0.610012022364652,0.010905636979940,-2.411437499600003,0.814494837852609,0.904321520123394,8.194614737831099,1.251931002673688,6.459296432411871
-3.052685159751969,-1.122265742406505,-0.639544885699216,-0.006924449148166,-4.002508458906636,0.567294687090918,0.834938705527099,6.700692712457916,1.283893910018273,6.815648700495667
-4.625223140935114,-0.999863497639076,-0.509644180110246,-0.130414652388846,0.134001078086090,0.828709225719765,0.940704560088119,2.096896697725434,1.245365563444057,9.815853882160305
-3.467400968708782,-1.070928425701638,-0.535648488722126,0.105263581030041,-0.723191703170857,1.222572977941255,0.993735018005826,6.843340095517061,1.219986740975334,5.608650692117412
-5.450630042713205,-1.039619204027860,-0.696692570871702,-0.003737187090563,-3.056827386436059,0.267556316481413,0.761031692683206,3.256118015401232,1.224099061438056,5.646574256586246
-3.291139579741010,-1.072617854507806,-0.555784154235640,0.052675005740740,-1.226229001666281,1.086214650422878,0.963288780805997,8.299369467702462,1.235221654970624,5.893896960596422
-3.461838903054889,-1.050573712755943,-0.573593379816234,0.036117897153605,-3.179900339352803,0.661938481145450,0.851656424451772,5.491110851968373,1.342310877638171,6.519171783256847
-3.027904674068767,-1.060228363028199,-0.616082979859903,-0.000791592453573,-1.000083117963918,0.780253401649752,0.920096416887238,8.869046317142915,1.251113761515207,6.717972687030384
-7.872611074843669,-1.090342700525229,-0.764074455488212,-0.018500829133997,-1.334777316937954,-0.055088791878936,0.723846596823342,1.080807648705105,0.999962012875059,4.428927585038622
-1.874565566973036,-1.058830080139493,-0.835253209917990,-0.296014347743816,-4.290645689418059,-0.475688000964116,0.347803424175414,1.000102210620605,1.000049157375642,3.716487369915892
-3.222950787572766,-1.044151925088008,-0.642908436469038,-0.066126760773202,-1.162701474938217,0.377997684747983,0.812312559051131,2.872448282386132,1.394146733264713,9.753542234677123
-3.217664937200202,-1.253647837468926,-0.853930411632766,-0.085157660611818,-8.134995998994311,-0.159223484055072,0.654663395305118,1.745176774792822,1.084404726638216,6.564982697679073
-2.967323459666616,-1.084017781107985,-0.686209973386029,-0.065070938729425,-2.187585632682930,0.264168723387666,0.768888980690917,4.377173692298130,1.341687253198228,9.142678267357947
-3.609833177540159,-1.183219876226221,-0.788238309864082,-0.073534070690813,-7.403634260557588,-0.078377390877743,0.659418970167594,2.517532342169479,1.158226417823637,6.365651301939385
-5.079341510500773,-1.156484105652254,-0.890643124482484,-0.155633792888413,-5.362557631088951,-0.456601914607537,0.526390926573368,0.999937647684949,1.000232913117857,5.776558105304453
-3.249325831118987,-1.227206813210362,-0.778870866036590,-0.037931662027275,-6.913438691408450,0.186294091919308,0.748113482072631,3.172999623343348,1.152359244213949,6.398952768739891
-3.573152189784873,-1.063013302685144,-0.591450587196294,0.030229369974900,-3.726135627338763,0.603219473240751,0.836012470464310,5.225625872134754,1.326789060933597,6.342404779684371
-2.653336628127938,-1.047777592836223,-0.518999299158177,0.237976650245374,-0.999649717264669,0.894807191288000,0.985318827742714,3.623710997750764,1.173219483298656,5.410857198683305
-5.918372409277556,-1.095761198177678,-0.803640086112232,-0.075779001056648,-3.318643270743262,-0.068325210904510,0.663314040767498,2.169476464917129,1.108471288036290,5.495119558590922
-3.239118850160964,-1.164608059450264,-1.072232363977138,-0.825316350491517,-5.503302585169576,-1.323368727897959,-0.474454726828727,-2.130996275849976,-0.260625553465536,4.746068839268041
-4.882704387328506,-1.191519992521642,-1.106149169708642,-0.604664074382229,-4.096034340706514,-1.765151510963717,-0.226742243223508,-2.822099583225198,-0.015314929382141,2.207303979779858
-1.841748020578049,-0.930780309955306,-1.000341169313678,-0.682228765460627,-4.642145450143314,-1.163488381554152,-0.397394473880871,-3.691267413067843,0.088438746464855,1.886845489001843
-2.950696877725310,-1.176024678564200,-1.000517018126198,-0.421213744644011,-5.092622629394777,-1.000261502439497,0.226907205088337,-0.999571085596393,0.836638311598484,10.730497571825936
-3.460004393017435,-1.126445219854798,-1.165710469424776,-0.708559802925777,-7.194414409268142,-2.180616140129049,-0.470589841262901,-4.973668219298150,-0.261497806475447,2.909535109642397
-2.234956330682502,-1.088613274045234,-1.052574507338530,-0.403602804313224,-6.003432787291130,-1.280335211572478,0.171643320597742,-1.000342961141107,0.776009041836234,8.077442122751492
-3.283931911573168,-1.190776408128712,-1.081163229881088,-0.787413712561544,-5.795006891340491,-1.328289551784960,-0.379718285474939,-2.336646567406483,-0.096375389859237,5.860819244800872
-4.805077110373626,-1.199648768151507,-1.026755917927468,-0.302303845602669,-6.364370852612677,-1.063962225142984,0.276622337829619,-1.058663080070036,0.709536544235032,5.468201876181263
-1.883583934004451,-0.910684863621798,-1.089227282101003,-0.804973658743190,-5.544015106252724,-1.613210188615261,-0.622184321003509,-6.308454646173300,-0.238322741562537,1.881797977287704
-1.957313438459311,-1.049211490914757,-1.044614603448264,-0.531041528826477,-5.822142799731008,-1.232361798057192,-0.072228503688853,-3.392387616657976,0.542167675512459,4.184090759571575
-3.268608462779422,-1.109933091459132,-0.999676290425623,-0.796782712943455,-4.130990984380978,-1.046897159229441,-0.456828652918817,-1.000276970910771,-0.351630924365157,3.947943285841376
-2.209791554304349,-0.929912206004937,-1.151525628014063,-1.017497704138944,-6.551388874096784,-2.172918308760564,-1.059308595268488,-6.520295875267573,-0.918925900051310,0.849621262033580
-2.390382966341071,-1.026358067987952,-1.110516226224390,-0.870638317707652,-7.658466234618187,-2.397274356484095,-0.775456800199047,-5.840954522435546,-0.697763364347413,1.000020401014862
-2.164767750547707,-1.100201326382585,-1.000341173594445,-0.363215266410019,-5.740693984886857,-0.999746865316450,0.274254654992748,-0.898962081281061,0.903969381904508,6.306017637065054
-2.022512890964611,-1.068521316175920,-1.055920642584726,-0.494846856127749,-6.092321209836101,-1.271393508144154,0.004797320173012,-3.169230945211648,0.626634501515374,5.096540017883896
-4.980274903600165,-1.207889537406220,-1.150098570880351,-0.595506570041167,-4.693055590713648,-1.781208072050759,-0.199282888622065,-3.007875085461559,0.047615982812968,2.838809085659374
-5.380078364855175,-1.229612459165745,-1.136596268288737,-0.531572895556491,-4.376553290962286,-1.626265262456194,-0.077175657584832,-2.502206634110624,0.190472300558000,3.161720623293943
-3.752414939456123,-1.170327605012481,-1.158221680984697,-0.587109337104400,-7.521708323547173,-1.963357216255490,-0.250942511347582,-4.260604359877827,0.037754921151806,4.040694125981261
-2.936842882772844,-1.065112333179001,-1.049336079609561,-0.908418978846867,-4.956236152750278,-1.403952632429618,-0.739328993264355,-2.079548255712852,-0.665336990040705,1.821798755929834
-2.895924999905270,-1.330428411328468,-1.052002493140582,-0.225386263472341,-9.637060148908974,-1.007476792998831,0.396951791382988,-1.488587923387235,0.779551643093456,6.509619986866994
-1.991968224044248,-0.890516319933923,-1.148472135112438,-0.934214247178628,-6.316445790276191,-2.095572547342365,-0.903596020904920,-7.525563767390124,-0.667916034028408,1.846324294534355
-4.397627886988177,-1.161509261091132,-1.151934401837773,-0.699097011461369,-4.945249768212808,-1.985454512231333,-0.399036565701567,-3.703785525153047,-0.200868380622182,2.080457724494680
-3.575726930701952,-1.215989131039808,-1.025890706393643,-0.708810437371042,-5.055029206678794,-1.000043216265431,-0.172080408932587,-1.393763143812294,0.117207936945744,6.828218923130429
-2.134516972510723,-1.035451297337225,-1.143851167292214,-0.607408560214589,-6.729076825026151,-1.822830232630135,-0.251898847839952,-4.448464307268826,0.278032523410076,7.239567534247342
-2.489211384810781,-1.080163303120639,-1.167460908288541,-0.765622135169113,-6.952357794137181,-1.969453442519162,-0.511399778237980,-4.874182436237175,-0.092461266569138,6.913928643923768
-2.772598410007943,-1.070845046427536,-1.116078387697369,-0.958494215351543,-6.111661897626794,-1.748611714103180,-0.841979571908890,-3.587185746990811,-0.702511936657562,1.954472129981013
-6.357635141900233,-1.252237320318915,-1.063962130737518,-0.368075330145463,-3.449926236385589,-1.192247818363742,0.212214729616077,-1.325942413259145,0.500906919548315,3.694326990716841
-2.466045960922188,-1.370768194374779,-1.083538772917173,-0.256309014933343,-8.678743117278396,-1.250912661012545,0.336625882022979,-1.834636826177925,0.635138074570899,5.510356292781119
-2.567617584563387,-1.095589259686905,-1.163802066128910,-0.774288932798952,-6.931067240229580,-1.930004531167667,-0.510519955760000,-4.700534493609231,-0.100515462106135,6.838384463622901
-3.578557033927301,-1.226801151489893,-1.028566472173692,-0.683358670953645,-5.230185249215470,-1.003740734431631,-0.116917469081730,-1.538094919289186,0.218361704855925,7.422123136338463
-2.162697871018505,-1.202291846208270,-1.119606673429664,-0.593170513003549,-8.539274168639350,-2.086353230857646,-0.260229319448835,-4.268686742296075,-0.067111569725950,2.995155530643765
-1.917485519230442,-1.008831184637047,-1.060943556491798,-0.614926375098778,-5.701984896010971,-1.340703258880102,-0.243589356952323,-4.297605077507279,0.319417948657814,3.460415339714288
-2.733473083499580,-1.050478737154338,-1.105409699266389,-0.975899744865747,-5.931229276934594,-1.736733385289438,-0.892218268914540,-3.483528420171392,-0.788179389292697,1.216097643906920
-3.545845684595387,-1.214972615256017,-1.032576799745116,-0.716143024555853,-5.152119782042432,-1.035886606800666,-0.191087428610186,-1.498687799427246,0.100636329612040,6.765494717192468
-2.159312138336090,-1.286606647986692,-1.081852850193699,-0.405195684979400,-8.138552006216679,-1.701242722882407,0.064027877743680,-2.917323465441242,0.306644869510663,3.968092802405788
-2.847678679136834,-1.027254640979952,-1.027978165193577,-0.916373401619013,-4.622692775447404,-1.377187840466036,-0.792656952366754,-1.920904633025496,-0.760656174791855,1.000324854405655
-1.993587894629436,-1.126968701926045,-1.005817909723887,-0.556419911179816,-6.910003513121824,-1.881157366888697,-0.216527126956887,-3.460944159408695,-0.028583814620406,2.181424114678584
-4.490103797686488,-1.203021649803762,-1.036181427126457,-0.313877115790646,-7.038156304472507,-1.143769275558561,0.246401492224507,-1.402381076880441,0.683031017687719,5.596957025749457
-2.410480258451232,-1.348108378882618,-1.127808243212370,-0.352377818320081,-9.213515529701185,-1.569406971967959,0.172166533531226,-2.784456780806871,0.457050111223347,5.148545173574886
-2.309679191474673,-1.350305591642422,-0.999832978542344,-0.172843298428065,-7.367904789652693,-0.999834800959251,0.448832487219013,-0.999900331942023,0.725984109890312,5.175246832383399
-2.652636542449575,-1.286445728296784,-1.163249281787559,-0.440071480499717,-10.261860334079321,-1.807205020859809,0.003448632475502,-3.984024203350393,0.315606061471796,5.467772141454969
-3.950031447468740,-1.102001119610026,-1.114412397108029,-0.788575653564757,-4.613827704568831,-2.063615378780514,-0.570734087011082,-3.896356191439735,-0.429557653547808,0.999373221217628
-2.399065756512982,-1.085720871736414,-1.143016613509318,-0.622075266906686,-6.688590490062350,-1.816690221589874,-0.255340865239806,-3.804973015757596,0.269178921077387,8.711090380478637
-2.014024275563567,-1.064335600711445,-1.059820664730044,-0.506595408444836,-6.100087672410105,-1.292246874371666,-0.019361968723849,-3.335584281412347,0.598450093014843,4.999622680220199
-4.106748006582482,-1.208585281500005,-1.062394545365680,-0.347861339753286,-7.866875002650040,-1.312040730589245,0.175181569150093,-2.087595581560296,0.602081580118556,5.651917933379011
-3.039902543468203,-1.283751389762461,-1.065969343499532,-0.283116905714761,-10.133646633556532,-1.226667750887025,0.281044204445719,-2.207712739425339,0.693619884750394,6.449219005361270
-2.204198385562555,-1.228392752914276,-1.134198209203845,-0.565987415275165,-8.816930434499424,-2.059380736597740,-0.210644973988724,-4.211410679877202,-0.003585701568185,3.376975389353907
-2.133712312748820,-0.945186229415708,-1.171334863052567,-0.913906837170964,-6.752274058893008,-2.184539055584261,-0.861847294491570,-6.893841501637460,-0.596155249325374,3.188961849290251
-6.648409097571797,-1.239373407645861,-0.999960341003097,-0.289069820636651,-3.055315881155037,-0.999859653274281,0.324296364395423,-0.999950723454874,0.599058626881500,3.764944332613373
-4.158932374744650,-1.205913672441023,-0.999769318815788,-0.263208013066886,-7.777311003530362,-0.999898163011243,0.324004408965731,-0.999631673858974,0.789146153208484,5.989829151786645
-3.137508623670584,-1.276134887611163,-1.023870979062218,-0.238477155463333,-9.902933297237803,-1.021033577758648,0.362159260885942,-1.470197129980888,0.796996108866520,6.568347921694207
-2.614263669809494,-0.839670053025544,-0.897440704189887,-1.000017019672902,-3.648700408143771,-1.893597188548740,-1.000240617607723,-3.688960614628512,-1.000086830739204,-2.136441315675896
-1.793173456350531,-0.662590120225112,-0.861188827242439,-1.000043601186576,-2.968242335287039,-1.084384107809905,-0.999915102936094,-4.553622540226324,-0.999838518981245,-3.170958728900665
-1.928154131689021,-0.694190983944600,-0.740941431997456,-1.032714709922629,-3.633233786951059,-1.636130024290334,-1.062218265071958,-3.459661840474212,-1.090208885021009,-3.585070306450070
-1.799077846435068,-0.558090682679133,-0.741541115030682,-1.093823009779606,-2.386422894182748,-1.015464319442127,-1.206420529909075,-3.851173748955415,-1.450200921949152,-7.491924109368355
-1.892294078253956,-0.611470962062935,-0.629607951830268,-1.014087588078973,-2.628355204820088,-1.306311995844271,-1.047958295918401,-2.503106618337775,-1.073432018431898,-4.140442937773746
-1.923460796635424,-0.704691183443271,-0.968952418140702,-1.170870759770925,-4.421827929212883,-1.746917141940490,-1.388906499768596,-6.014299534698512,-1.559115656259343,-6.346817633306202
-2.613161833954541,-0.978770337968588,-1.052005116261749,-0.999797172957544,-5.126810302595070,-1.621984546390684,-1.000093310540559,-2.885733234904011,-1.000397499385773,-0.869695294623824
-2.006232902820919,-0.836147179088642,-1.112641202049741,-1.060951597114517,-5.910866057108325,-2.095899493879525,-1.158700911026558,-7.368082957294219,-1.090398130651443,-1.086715355486206
-1.833122848130472,-0.579733308493805,-0.778708150867134,-1.129826358877045,-2.797351653380597,-1.206748856546837,-1.316586148143382,-4.052283868446474,-1.594417692394742,-8.790972496809623
-2.335385227882036,-0.916114857420890,-1.025048775663049,-0.999716345856333,-6.104404350407426,-2.301596230355257,-1.000289189709763,-5.515287869886328,-1.000341337992872,-0.999859145427941
-2.476349703760583,-0.932344299443942,-1.042137449909470,-1.036567036572764,-5.080827600579206,-1.684537903174961,-1.106999073806793,-3.214381135400362,-1.147162760113818,-2.207862526751612
-1.838828631932784,-0.556894859131980,-0.717549744772563,-1.072243478992030,-2.436978860074253,-1.075704638027501,-1.260081448876293,-2.985456217133034,-1.552833407352578,-9.514775044961262
-2.244552865320768,-0.881461225061025,-1.081443522348691,-1.108040500511467,-5.728280438831344,-1.981943077741712,-1.256805675644700,-5.184979571879894,-1.290947631186069,-2.966272232260906
-1.859642304829365,-0.591850940338202,-0.785419833695128,-1.124056787163870,-2.915846603726386,-1.258430251162796,-1.340488698229758,-3.764071007442921,-1.625808233038024,-9.264757705843472
-1.789122144305130,-0.502637130106581,-0.617676118288212,-0.999794240182081,-1.711596992239620,-0.744712299610239,-1.074463952313850,-2.302632209467756,-1.342131713980611,-8.154477613988576
-1.932408483866614,-0.747155632317432,-0.795605326593559,-0.999813763331906,-4.247112790041085,-1.776615090157469,-0.999768399301427,-3.825288311876515,-1.008446780892174,-2.900697619951641
-1.884453456175587,-0.592058030103786,-0.758079932759136,-1.070534853659603,-2.741400998230044,-1.193433118252938,-1.293504376810605,-2.913982021740611,-1.575257002631287,-9.440342823521711
-1.790280935386956,-0.574423957413964,-0.760541461080026,-1.068103246787630,-2.391384043944504,-0.978195756713195,-1.137356594652513,-3.972237469310663,-1.320478741320836,-6.018051669847992
-1.821207703559259,-0.726322490305321,-0.968401214001156,-1.025982744109896,-3.982310156730345,-1.431243752527440,-1.047493182376479,-6.183715586331187,-0.999690173602758,-2.604891836006225
-1.904860442837538,-0.650843936262390,-0.879920564588828,-1.164430154519883,-3.676095155767883,-1.520337328958670,-1.405568375994154,-4.728194902346945,-1.654479276418851,-8.342867431988665
-1.916764861184344,-0.658403986031526,-0.886515180110263,-1.163670750790722,-3.744025112338837,-1.541246093448286,-1.409169228617112,-4.686519465081811,-1.655277357741394,-8.305372423011768
-2.117908923734689,-0.874079136874085,-1.123734471760055,-1.070425915208816,-6.162401337376625,-2.138869782903289,-1.177038240896860,-6.748875478573036,-1.116461778164731,-0.999858105116544
-1.850678783827095,-0.745919423616428,-1.015720630661431,-1.058526214626549,-4.553287156153697,-1.661242542356805,-1.120780459659684,-7.002297476987866,-1.090427635196723,-2.650950639510775
-2.278944825837812,-0.778474223220728,-0.864510650609014,-1.083958779712847,-3.933063591843736,-1.917529167750741,-1.148518409802875,-4.145520791440787,-1.199466864804171,-3.132693290122006
