-23.387569691187572
-18.086240601957446
-22.809691948348942
-20.850150455094692
-18.568533895375587
-20.980843186155248
-19.780739950955407
-23.130322147862508
-22.579035877688078
-25.267172097389484
-22.564949775629394
-24.229187621612226
-22.710005132062015
-24.122414743315886
-18.307710012612958
-23.449890059541566
-23.642053845460353
-25.943301271717608
-23.028497562308530
-18.086520516143576
-18.945779649893112
-22.828731653240702
-19.049035546968128
-19.986418500645051
-22.544240124681281
-27.889137702424613
-4.672557046750242
-13.590967261624662
-4.345597506541504
-7.142687010793296
-4.345637821819781
-15.642210221619408
-7.790044753174925
-9.590403920946926
-10.117181032619300
-10.039540031005330
-8.552152232050574
-4.345654157063454
-11.117360892994867
-15.978537389728359
-7.194821223737655
-4.524132697629454
-6.251201054803047
-6.568087865798290
-4.545049208423009
-13.338842935378715
-4.502252911872752
-7.350648080380850
-6.804503775253707
-4.345522753412962
-9.151045387781977
-4.783699945173844
-5.909689382725617
-6.665856719536734
-13.681511541444046
-12.236934435663173
-7.294130841197671
-14.751713060494993
-6.823045107154577
-8.849433710002394
-10.144977941582432
-11.082538563232028
-8.476676452289269
-16.085634989314954
-6.681928996421334
-8.029933907712632
-13.038311294483925
-7.248153651667877
-4.344848665974355
-8.500501781756569
-4.345315838816066
-12.336077953328811
-5.792142668845294
-7.001169388621932
-11.516141240941579
-4.521031832870655
-6.924256275681572
-4.344684577884437
-11.023899834366681
-10.805762656284003
-14.374192281089726
-4.344985067731650
-5.634937619887324
-4.345657143892151
-15.210789413367955
-9.365901023484213
-6.403687958502189
-8.262571984390945
-15.012769204719234
-4.345000124825651
-10.705723840801582
-1.827090495822077
0.562733756446654
-2.344752691771740
1.799047422784358
-2.025527062541371
0.312061464409723
-1.938617963264193
1.246313899065115
-1.394158522563515
-1.252146015534208
-2.344768138771718
1.798088208644573
0.953419302917411
-2.345563010867123
-2.344759219329544
1.798106241248361
-2.345459485341832
1.674111633328550
-2.344749092485003
-2.216845858525723
0.287996856876944
-1.377787936585648
1.521023869383562
-2.344775664983607
-1.349498810694094
-1.567360180680780
-1.484215045248376
-0.287339104588789
0.953447397777900
1.167096446014881
-0.954902396814063
-2.345512282277026
-1.923494362217355
-0.565205245493523
-1.156779161008245
-1.400045610033700
-2.110332369997188
-2.344749353970825
-2.344772068768852
1.418793558666195
-2.109443142828781
-1.549943014453845
-2.344879615041938
-2.345210096148304
-0.743405051218915
-2.344704816440121
-2.066073392575348
-2.344701861660586
-0.617877781548465
1.798926167369995
-1.688838295831872
1.019105084275964
-1.220512662031183
0.460578379649085
1.737763007083814
0.031959789908079
-1.836315272595769
-2.344755489315225
0.414552286937592
9.486409592352260
9.138622594801959
10.603534693100940
3.798183371178908
10.015902069962650
4.216217750367605
8.444497783552194
3.990116810818577
11.960195801045458
6.636705958679400
10.323703196114351
13.447618049600107
13.447480031449050
3.798989856267706
5.815302636212152
8.275808906203622
7.329336187545209
8.243964230540875
12.518010178236963
3.967510310479028
13.153294875725564
9.900081407428594
6.994346153874091
7.456767823705277
8.885599208943773
12.366576062703061
4.961658338692672
5.581067456515520
8.862611931722810
6.417077089311775
11.183381726220759
8.361252965522240
13.010656547824652
7.117452831077145
8.830847848088730
13.447480031449048
12.321037558993261
4.237166518173375
7.010724660166893
4.837211113039935
7.321883036654334
11.702473960112592
7.028626056345331
6.041438071236925
4.842482018836989
4.517681331103020
10.584325329908459
12.155587403020547
3.905864201484199
3.798630854049087
3.798709109967218
17.191733999736524
19.828735302922738
20.435467098704244
24.880896245304612
22.128900391731769
20.322525034736387
15.448113900001928
15.611698453253069
24.749183182433711
15.641800392834476
16.245551238311862
26.341408510471624
16.691088355822970
24.822572820184831
27.968245106976269
19.465252395215359
25.472514133387563
23.701423642162212
17.958885327058866
22.660560082442259
22.521817728755039
15.447386735304304
17.549435334128006
18.418895748039652
