-24.788903095519487
-24.033641141895032
-19.618967377973377
-20.945450862698067
-18.924957448411817
-23.288018276303461
-23.902870517900880
-18.678007844409571
-28.891325836509594
-23.129654193819619
-26.527434963301744
-19.481216683351192
-24.951241980801711
-25.049212651263218
-24.619273037278816
-26.441851714802141
-28.348598252224406
-23.430352224299071
-22.511216911997337
-25.509572137529574
-23.880597473386388
-24.152049419560768
-22.170548771475580
-21.045840722178809
-19.738651615369577
-19.558582422578667
-6.181291368944699
-11.659457360997749
-16.218001855924854
-9.053676856498527
-5.405941343682856
-11.730251882822898
-5.405959795641150
-13.381834819543826
-7.690218417181313
-10.892129222665801
-8.046400918093468
-11.306963243480993
-7.212550392963294
-11.090415032539966
-9.828889764500730
-10.778102554200132
-5.690390759148897
-6.856636460523333
-8.085463138735747
-8.066133326713725
-5.932578176805805
-5.405058629414500
-5.886882673116190
-10.366139702331026
-9.543631272168170
-14.485897626108027
-7.879275193235088
-5.844693791481745
-7.325189936206300
-14.179318004516603
-5.405892809323078
-5.471793611905809
-12.410609023277800
-8.322937922932624
-14.915863758695480
-6.540971144796970
-5.405602862801990
-8.180731566236375
-5.405502583900481
-8.198823600020262
-5.708572556292552
-12.254470820053484
-8.390238747762510
-10.949112037797931
-7.882863268741175
-15.565614697466430
-9.169775636902102
-16.677665054697368
-7.996099409088288
-7.682233487605004
-5.405243855342719
-8.690010468182379
-14.432574992673324
-5.911979414086204
-11.968916320093570
-5.405852239314203
-11.539342473550107
-9.863369701426166
-8.395098936009560
-13.410231769785355
-13.897056475471231
-5.404977990768594
-11.332170484400251
-16.145705123281232
-10.695269693616410
-7.163734723989705
-2.193268840859275
-2.869617971294304
-1.844076974497625
-3.404991640704047
-2.884959026539548
-2.720196434843217
-0.542742182099460
-0.089846797388418
-2.651026228374747
-1.567412538536587
0.826971432407601
0.824857281092704
-0.602302853598275
-3.405921726217100
-3.372450238567694
-3.404979619393824
-1.079589617180631
-3.405876715324848
-3.397056613407671
0.826833183403748
-1.339924522371575
0.826370796679731
-2.804178893221888
-3.405796171418831
-2.663383528752604
-0.876760027278181
-2.941149674045562
-3.405879180760943
-3.323177006490823
-3.405928275225206
-3.132160091073104
-3.404966718132989
-3.405006760046682
-3.404969153786396
-1.941999389752425
-3.244816629027412
-2.699771961996362
-2.719107343551286
0.051800057236505
-0.977587071277412
-3.405799757472538
-0.306184672823719
-2.223740539342714
-3.405229162857333
-1.199559496132423
0.601679185700391
-3.180842839382251
0.807976188497776
0.826282634083709
-0.851538628124842
-3.318314715458484
0.827015531889056
-2.837472801323770
-1.896342452682944
-0.427188033186553
-1.287012038456453
-0.386636274879265
0.826987052072865
-3.405847828843335
12.109801767565102
2.827001046571662
7.707863801033113
6.587025774303129
9.188053619556172
5.468980359177408
3.361156446156741
11.197050474673631
10.460212077588352
11.069156083860207
4.102456299603489
7.485487541637951
2.826342112145918
4.998147158411427
12.339042101079581
4.555185767879493
3.976332668948260
8.028472328548560
2.976628992361952
6.300589922146685
4.992511730239471
6.198849858604888
12.338843488308123
6.930459869179771
3.342565318859840
8.140506271340257
2.826185023608568
8.478218697963769
12.339334597657555
2.826200841859819
6.004057951805521
2.826112798506701
9.793607917700967
10.758514255530514
11.350052879161979
6.892703052230246
10.745971290249713
2.826370796679736
5.793637691358242
8.772841715374597
10.786507492343247
11.346907067041201
3.104330361830932
3.750773273295238
6.014249623497619
12.303459764332501
2.826842803279907
6.141729958560120
3.321225839057377
9.236315976949470
4.778955375471924
14.339721225289702
17.599998385999001
23.896585957600053
24.680821026154035
21.050470331292615
14.339377925812519
16.503082797264597
19.533800320927156
21.681344442803436
19.195721379404347
23.259134549874148
17.819728730850898
15.576459504641775
23.151487549117917
21.109540085099752
14.512324934750097
20.618902534909282
14.338860024973165
18.137008879561208
22.637089376993984
15.680149903428244
14.961545352343990
15.080071012078520
