-22.198161900194748
-23.594234101940089
-22.206282088921085
-29.353559781390516
-24.809910171353096
-23.141879200113692
-26.805636998176794
-25.135689443441123
-24.160331314467641
-21.212306916538154
-26.348781482878564
-28.428660327513512
-25.220577450445603
-19.534354470461661
-25.807870756999620
-23.922971179590022
-19.534890049269457
-25.538655492969141
-19.534890049269453
-23.807845532295147
-27.219070472812703
-20.347999753268013
-24.187677485443771
-25.187753830043562
-26.227438461969228
-24.007766687124501
-9.617352522370709
-11.460242109157946
-8.224273305377267
-5.737150771294282
-10.591268046955108
-12.171217635732887
-8.464716217643939
-8.388043148874715
-12.497234462297996
-5.737715599167706
-7.401139350838690
-5.738058814295995
-15.134053748203343
-5.737223981613321
-10.325105929113676
-16.799883282088388
-5.737173820889319
-8.698059046508803
-10.469233371978078
-12.871662466051077
-8.223304656233324
-6.178584226925040
-5.737243586712480
-11.960391658857247
-6.977095265705145
-17.046372380676956
-5.737376490266654
-11.113959887527315
-14.951369100215487
-16.145724891714764
-9.927150147362340
-6.045039002949437
-13.617667825480055
-5.738139042028865
-17.504933888817447
-12.084383390599868
-8.781433839864150
-7.901052860955161
-7.216308294823136
-11.140746813193033
-12.467722945242372
-8.221348400197826
-6.122562503852009
-9.871729175050831
-10.929555731963205
-11.346991133843119
-13.897356790006370
-7.772794414213166
-6.158045546024255
-7.804593922124866
-17.534019692120957
-16.794035864782558
-5.737734959835260
-10.749889052074053
-8.399132234758071
-5.737167107181185
-9.139172152437538
-15.453290612497597
-7.212721745858346
-8.256479352814665
-11.507152117327564
-7.650145026093867
-9.659117637809061
-14.208537633265081
-8.431593664138290
-3.266791347761711
-2.883908142852079
-2.522568918255217
-2.972421582584360
0.682254556579089
0.683060636196667
-3.737968037991556
-3.385150127732487
-3.738122620452530
-1.258440896247322
-3.737890433769580
0.668764942733645
-0.986403824410530
-3.738118904264566
-0.767334679213320
-0.417628991899903
-3.738119097845747
-0.881584096858120
-2.003587008336666
-3.737413683167511
-0.138427363928997
-2.742537591226835
-2.879354602019816
-0.360433574046795
-3.018757848635971
-3.738118276363420
-3.693540866428492
-3.737441699903588
0.683093306806016
-3.738110888869868
-1.996030286096186
-0.391746840086682
-1.010183070281869
-1.313515416421211
-0.121685179227882
-0.800300085178066
-2.790560944642920
-3.273705409044624
-3.738113862746522
-0.946864865218743
-1.680403583616936
0.682374270139751
-1.371377512870254
-1.127768373246539
0.160462638643139
-3.428321618264363
-3.416197097529448
-3.737497403378895
-2.953993683502688
-3.738115798754548
-3.738118687636462
-3.459592644280235
0.378731496865839
-1.227270059409818
-2.772377743604437
-0.576856614956171
-3.737977598049065
-0.015362684123957
-2.476366430800084
11.171787447329791
2.809829321750271
10.748585375901840
2.682142709516639
8.833401331622525
4.285589905140284
7.630803014265382
6.086849490729549
12.153960100856784
3.150134938086467
5.774376883360731
9.443745366007491
9.259842165595273
2.805455637289754
8.789934428585624
5.686186254560823
3.911123474730999
10.842681262365545
2.908506347703110
8.370375927050986
10.069649833969905
3.633586719336961
9.191444928054921
6.032484795931055
2.903546321820897
2.682245269408747
5.259847390024220
10.887417671726723
7.320977367868409
5.325374799831138
4.453898335235749
5.914628893614122
7.643259481311475
12.153634969761031
2.683118556943982
7.004641329328877
3.315559446760176
3.535855484723569
11.377519262199769
6.970650910798383
11.274412512711720
6.973929255703865
2.682282726558114
6.165523410220828
6.011245458699477
5.600216031813375
2.683025624558371
3.438571864504951
11.214942176529050
11.797029086073280
2.682365053749343
17.925179150091793
18.333084786624340
23.204867716870183
18.881255990424506
18.933556672628910
14.804853361565904
16.718968993834764
17.691084875649210
17.172627871761961
14.997847464788038
26.338656508741337
19.108301025356752
23.946255689300926
14.153982356765518
15.376050887370354
14.847297083122697
21.050800906875452
14.244193235035937
20.029858403856117
23.315584733060120
14.154299001630839
14.153372250367484
21.983256423232824
16.494324889459278
