-22.541976935626337
-29.946421363824072
-23.383458687779040
-21.570492331123347
-21.098508220015731
-25.504642609883746
-21.988664641947821
-24.183062910159208
-22.150460136250842
-23.182900487811338
-25.621769988761400
-23.454620737513324
-23.473035331964979
-25.657607256686390
-25.542327253281144
-19.854357677958937
-25.225207908316975
-19.855188954389597
-25.897900353092012
-25.877539054184922
-24.950665148675427
-24.034793099963338
-26.398123720577416
-23.950984914435395
-21.470545374448875
-19.854867567578111
-8.736471987208517
-14.394152785189419
-7.960586109995404
-5.747479522853754
-7.850960287630130
-8.297913243169148
-8.520860897634577
-14.410944061628754
-6.269102446028398
-5.747392427575273
-11.806059371388073
-17.726621368650626
-8.362787081146109
-10.914757020891471
-11.655609634854272
-7.803072807595612
-8.348683765292833
-8.172995162197282
-16.957621564166232
-10.959132320135211
-12.187888365944019
-8.917153379866534
-15.588562740774535
-8.764214279679720
-5.832731651316294
-7.610871910631204
-8.567946213613368
-7.338674211942021
-9.709442942735535
-10.444351236540683
-13.542380561000186
-10.529322129666070
-12.612153231769184
-13.686229843311992
-8.297941827752197
-8.421221478393193
-15.334845770153890
-11.589779951189769
-15.736627031679717
-5.748175504019488
-9.291565967079748
-8.134011364584666
-7.904529609895064
-9.789835993593385
-5.748172317570818
-16.144150242661169
-14.572102597289529
-5.868311613650121
-6.045152027609049
-9.417546694270698
-10.915391234834601
-5.747427556030248
-11.263057373214480
-10.414606910064236
-5.748253405731435
-12.541844398846649
-5.995483552919723
-14.770171872232595
-5.747944215622650
-7.522299967024082
-11.226542140712297
-17.855041397520122
-6.055463419271064
-16.992000592515524
-9.359659152670105
-3.069643042734981
0.324412816580543
-3.747457782436456
-1.041404761075626
-3.502470189493863
0.324324586566744
-3.404989323939503
-1.058893920168657
-0.313322482427793
-3.088652064717166
-0.509126473520155
-3.748201581217513
0.088366449144701
-3.747983808679485
-0.721488976881517
0.323449873782643
-0.468251897567143
-3.188453863894892
-3.747328165276754
-2.922957464658396
-1.931107574469650
-3.206244076914516
-3.748201507791225
-0.335958806182816
-3.748017976285905
-3.575785467619795
-2.188590325817302
-1.360103752397890
-1.013625611193618
-0.308260238530181
-3.661009335195274
-0.084535153748959
-2.358762279434529
-0.511676538805034
-3.748266217905043
-2.737970845152461
-1.994643866449906
-3.747337556997506
-1.783618232285505
-2.709438035469873
-3.747728033718650
0.323804022914454
-2.815778661140371
-1.309254885399810
-3.748197078995067
-0.947278668737965
0.175619495497983
0.324437077647870
-2.821651057257498
-3.747356323582993
-3.747430802873096
0.324094097943130
-2.404212234618058
-3.338358801865525
-3.550518272210752
-1.255197244217584
-3.747318920794035
-3.025884371633254
-3.431216563632347
11.245901834035351
8.357653374174731
5.730611784412616
9.543713398242375
3.095192875365399
5.905613140747221
5.888426838391581
8.573295595603724
4.898716184219779
7.786614320555316
9.412825117858603
5.189430482713021
2.323573166101313
3.334654527709830
6.556215062776971
4.380479600838839
2.323523799842496
11.527986846047774
2.323639628512265
8.353377701788446
9.978493626031309
7.264199206355443
6.806599191694204
5.405781413673935
5.241148524216072
5.575361630815109
3.541205782601423
10.262828435996369
11.140001532368558
2.323560669153583
3.161737799516601
2.442683475441811
7.288272084458640
7.703300246550555
8.553942163635440
5.631299181221380
11.527177636867743
2.843942852799472
11.527156995158530
2.778333375231682
2.323572362409750
2.559181499002364
2.896313018970005
10.277813726985727
11.527923740496012
7.050747070221774
10.349378973658645
4.167292845624559
10.302421563619703
5.525732305347333
5.329586587099868
16.115461437204999
13.527156995158514
25.008473533499910
18.102149901661932
22.147521446999974
13.527063000113568
18.153018473532029
14.178044543994758
16.376449402195220
17.963699541763731
13.571350339994069
19.961622362772744
17.222009569241152
15.286350448436963
20.984017169167373
17.310354786030871
20.146604278049210
23.555755860083366
21.167892435053446
19.202199780598647
15.616098321231050
22.124312066505638
14.064429284840898
14.102959430945390
