-15.444887445818125
-11.606409626093310
-12.336008571416208
-15.181546257256187
-14.877215949191587
-16.956425154235490
-18.282296923215362
-17.255096453836998
-11.745068019234409
-12.971384382123176
-12.610307751190348
-17.418745686368460
-15.160780069224920
-14.207408224198758
-15.366074855338866
-11.916233558570990
-15.859950233529730
-12.687322161572752
-15.924480578860333
-14.338814675711816
-15.881139590704748
-17.231482604069718
-17.733607749002196
-15.393835255118795
-13.825746759443426
-11.916459158753462
-7.868524559422916
-3.429866931346339
-4.113283011807084
-3.073031099749181
-6.647672550932199
-6.376675972578489
-2.937105883371920
-4.223511434158638
-4.030468932676648
-2.647834827804587
-2.436958145473639
-4.132894958133072
-3.571423680870595
-10.617654211315219
-10.409788923674213
-2.829814324535199
-6.346507311686864
-2.987507457672891
-5.494013794624387
-5.083276177227170
-2.439244721291530
-9.243037058159324
-4.684158043271964
-6.186861717625071
-9.770117021879550
-9.046529141112195
-8.914992999749913
-6.216232227884717
-8.736117348009024
-4.647552566796755
-6.047654290979466
-4.204935191708913
-5.995889842095281
-9.824201809420522
-9.706854683372079
-8.932961804516005
-2.248886615141018
-3.769578302599541
-5.636355970090293
-10.019539505682928
-2.338067854239370
-4.681771915503177
-2.629723152351119
-3.862264147271986
-5.670572866596338
-9.762452559330804
-5.401809970843466
-8.362588368362175
-7.122121276899371
-3.613406102582601
-4.706054393901383
-3.001874993615758
-2.318971800512898
-4.093957312954387
-4.693456603690009
-4.387632749151642
-3.072979795602993
-3.989519920029579
-6.997223985723750
-5.083987165367006
-5.122720615822999
-4.442130932002343
-7.044743287383099
-3.026938922865114
-1.720004843688258
0.374082243760874
-1.072510010231567
-1.073082977992076
0.490086954028627
1.479073027268772
-0.784964360993449
1.371055400973894
-1.072261319634343
-1.230119843736190
-0.331115646100429
-0.194043538621102
0.272336787832558
-0.679728532866093
0.102599685531573
0.662087855399577
1.175729528675888
-1.530194608428914
-0.736867558619707
-1.344905443099094
0.468149440133629
1.846986627878572
-0.589572446337598
2.194750456124787
-0.796879884532771
-1.072090898547364
-1.131421081634187
0.941233807986102
0.441809036772796
-0.364024327378914
-1.221862744607584
-0.734866618816810
1.763267297421322
-1.133996263375195
2.004763505102858
0.017564037249258
-1.046575073678710
-1.434163397783095
1.037742062648334
-1.479902064276018
1.204112626798107
-1.072215492683089
-1.032497842750388
-1.072953884279853
-0.331032985348397
0.562600137480672
-1.094125829893969
-0.914221552416350
-1.348505861423064
-0.852003120079850
2.036782396370896
1.480058624953601
-0.838767875688248
1.479484218917947
-0.587633502773485
-1.203443700387751
-0.701781487288542
0.291774929865376
-0.855659541992964
1.480032356554064
3.860741610155074
6.114005528955353
3.259050476705966
4.159259590466256
5.761046578576135
4.917830312417252
3.479261904338732
3.678083320104768
9.427947055677109
5.747288382214464
9.102123100251681
2.774805897241933
6.120181965708809
2.864518746275095
6.428945623705445
9.125209928214616
3.547796529417610
3.479117193014939
7.921324853014589
8.337634271884475
3.055587491197556
8.836410995074687
7.366673490763702
5.306125880343728
3.885162284895443
6.500351130294902
4.957210663284187
8.653839246503750
4.417751351566565
5.481321389826732
5.163531518263284
9.161382896433068
7.513287531752411
9.161382896433073
8.771491769376411
3.506524267290700
6.722664436892899
9.161290171323886
4.571650182899276
6.701063389326990
4.344762582799291
3.410238962922449
8.887428623406279
5.345455639143253
9.221774900458016
5.392139463519243
7.294697623101499
4.590014474243645
6.706112021073835
2.907134791496546
7.632681784817649
11.162252929313565
13.413958205964196
16.163855980780340
17.561251590463073
12.332685044529356
15.236908112958702
12.555872973243453
15.467910227884094
13.938672796281821
18.630458805636394
11.036382982752215
16.868902514917323
16.702251650526762
13.353292094005994
11.145220094830208
15.327854056612026
16.626567077123653
11.730386773516670
10.514385998555866
16.930102166241891
13.704824087001953
14.054470213900800
14.109491291865368
13.397019197699841
