-25.264719474076799
-24.101805261913995
-23.398972240783110
-22.528190949811290
-28.303415569768276
-24.454353768386085
-24.056571157799141
-22.903914212668525
-25.025377319975917
-20.658391428122201
-23.408359720856851
-27.426348185767210
-18.948769232907068
-22.449235766250922
-20.173233964383826
-23.849272036906711
-23.472262575835913
-18.200585462375894
-22.682322975539790
-18.201347473821539
-22.697519276290393
-18.201455770317477
-24.353934604379901
-25.569255559073213
-19.237802311407194
-18.201462327967334
-15.090444110897892
-9.805504912039339
-6.650694619054491
-10.452255291475041
-10.199628570902547
-3.880990458053174
-9.569271507209464
-7.807222497760137
-4.197336426614299
-6.849584457530682
-15.586484775919075
-6.601852367983724
-5.821615326462506
-7.768305347271621
-11.046033472428462
-3.881208173059985
-6.491438310536694
-9.834880396461017
-8.618737815633153
-4.471799247384752
-16.201411622985709
-6.049542765277010
-9.142459971773917
-12.609182964892113
-3.880794869679683
-13.234370020616069
-4.466905922854210
-3.880877835652713
-13.703116962377237
-9.895806784004776
-12.226082955630545
-7.399791952912921
-16.200603111437804
-6.498310249845076
-6.093512636760238
-5.559391331210065
-8.505361945442587
-11.880524073576396
-6.830997068056774
-3.881682599247100
-15.820466922742696
-6.653287059265779
-9.315451761453062
-4.234611366081225
-5.983840319158617
-15.075494428890636
-3.735018096481099
-3.881678889842348
-5.547981689827850
-5.132145532003221
-12.474599311731453
-7.321459022242550
-10.733281266402287
-6.585171934813445
-13.630796596605279
-14.603099849878902
-10.855091107096740
-9.120192310180158
-3.881071517375657
-7.915540683395136
-4.759430434656963
-8.147078924066307
-3.881461433534874
-6.422072082278135
-4.274661539012243
2.537083660268686
-1.457141028357910
-1.881050050449986
-1.773108552569397
-1.371209087245916
-0.096996183055353
-1.003377413835665
-0.580588966389598
-1.126815387558111
0.920706693076170
2.536359586153548
2.347324370999615
-1.033851045604024
-1.668182533878962
1.110759051013929
-1.880905047053076
-1.057424932259494
2.111907654217760
-1.880824341986369
-1.881621605886188
2.536887019208942
-1.138167675315287
-1.740273886502450
2.536367875723992
-1.881629333703995
0.749075750528164
2.305473759101119
2.492559409883938
-1.124073115162957
1.814213250827777
-1.022648457147000
-1.881699238065437
-0.380835345756736
1.967144776029954
1.075211964473681
-1.591502642203295
-1.881039564313580
2.064517670442513
1.303189970363377
0.059096094326577
0.455144780081525
-1.880905924331473
-0.645051170327349
2.537314335081351
-0.904638858030239
-1.881085515356958
0.528312115409108
1.372535635163388
1.574369028685567
-1.006999124216520
1.386672358402166
-1.686995888422871
-1.691057788597789
0.858264476922301
-0.913091292159265
-1.880828719983124
1.009723731927522
-0.339353730166323
-1.880810983207263
2.537295816148845
7.958000379829684
13.318500384210040
5.521872604250802
4.723035033912879
11.196051081715495
4.536996071422130
4.537061004834777
13.280860438559500
4.900857082942537
6.906703180670434
12.903725779538263
5.446856156415265
5.000372112138734
7.281867046076798
7.259291200028883
14.268527680631871
4.892765896639673
13.440234569229261
4.701000389173203
9.671735624334303
4.536349240677335
12.714984864622721
12.093301692174180
4.536963599562720
7.606934165162784
9.014326637882021
6.474675671232887
12.152550236493823
6.194852077236902
10.817508914487831
4.537285497976771
6.701171527030851
8.922647478253225
9.697365363437598
11.503853281114715
8.190002993414168
7.808760023664490
4.536331834615079
9.681531793919760
12.932554629113270
8.012879753434049
14.268497086488436
5.910889538724177
7.695082552373577
12.714127675484377
13.189778581366625
4.536347711220915
7.966919019763708
8.014515137778631
14.269315022276587
10.321446397321324
16.268497086488455
16.349588121719194
19.405650415718227
17.121849481113202
18.180864999320079
23.449818724224755
26.812317119447130
18.540761262975821
25.352015322768295
21.228377322774790
24.145551559044577
18.755712675998481
17.457306852903173
24.282757350855988
21.173570801764924
16.269193885408729
20.980462949471530
20.061018984948333
17.009420278506354
23.265876043023979
23.134570793426633
16.933536634603456
23.069805992472823
