-21.559979412019274
-18.544358200941385
-16.635778022208395
-20.740921608383097
-20.871902384702153
-19.128585609638719
-22.712640657390377
-23.377100883711723
-16.946645482674136
-19.888368686060119
-24.254853153047826
-21.976191289585447
-22.069887481954119
-18.162389097806354
-21.216510424331439
-20.975999469593738
-26.113910234115192
-22.279663837903307
-20.799203134507628
-16.635488894366009
-21.721979879906772
-16.635537898990297
-22.518678945410286
-17.595392122567560
-21.108398676572651
-17.347019567196327
-3.322189102676248
-13.661214415392180
-5.682949077669475
-8.206879719496056
-3.397296381575606
-7.295788085527851
-3.048680098894243
-8.546399688330670
-6.280405702618427
-7.792326380008960
-5.497637723824393
-6.913219485923415
-8.704819793014765
-5.145658420590816
-13.545557633465608
-12.728337593587966
-13.626170350320439
-5.818020241601674
-8.850513243880087
-3.047905055206795
-10.001608374587580
-3.048671685906894
-14.291803148349612
-12.359410905864603
-11.737042322343378
-8.341468245517966
-3.823187823755781
-9.645281444961226
-3.048479524557006
-6.232387194710431
-3.047977472461130
-5.557518490929322
-5.411554014238053
-10.889912148375249
-5.065743344614079
-3.065010974313262
-4.299687097370682
-14.634897376635511
-8.683119360935883
-5.498088090059069
-3.048402228334567
-6.507023613681755
-12.170899897690404
-5.415264666127357
-5.071916088157147
-3.323866059929736
-3.048020014301676
-9.194559092355091
-5.525882843261593
-3.594377782524949
-5.951732326251141
-8.118457310201631
-3.048310837824327
-4.895002932268479
-5.680624009291373
-7.326130845540860
-3.048723429332198
-10.742832628651849
-9.580128986976730
-5.722957131140186
-4.587533347035675
-6.937439934217984
-13.109229269721313
-5.816380789315549
-7.034418790584603
-1.047847966305043
1.399940285218188
-0.225286004623189
-0.816992941508271
-0.309518821328979
2.116070879250191
3.044118813475624
-0.548050756640682
3.355735233846000
1.368296154502152
-1.047767494967846
-0.474326487244817
0.131431304648739
2.905288247471892
1.657235457491524
-1.047814109304690
1.473065627601100
-1.047774222254864
1.606425421645606
3.180282838890463
0.629828015113207
-1.048669251916336
-1.048689710063508
-1.048694609482162
3.356604231304475
3.018615871171106
-0.678882413318071
-1.048699428493858
2.523471143951211
1.675228345722266
3.355684534523798
-1.047880425722679
2.780673161937528
1.779836370498121
-1.048314490991231
-0.716240955142173
1.328308338435162
-0.855202064168079
2.247949950069247
-1.048688886348625
-0.228307120875231
-1.047922957833551
-0.972464299196984
1.965374641951020
3.356544696241646
-0.181508424824045
-0.248832771767734
-0.937063725987512
-0.734501662242071
3.162753010319991
0.663551719174679
1.574393597012655
2.296328004201705
-0.752431460365717
1.049586723589179
-1.047931337201790
2.527159593007267
1.876490869456269
3.355842520665507
5.893068760394349
12.527512140788090
10.841807358435478
8.711043978596784
9.536507468722103
10.189908501573299
13.160959057712693
14.490749343585559
5.378209530617717
10.011190951180637
8.150745463618083
11.274188825494591
11.523620956694174
9.612740615870059
13.170103874126593
5.430471695381748
8.741398762285915
5.355651204890052
14.490681299970745
9.421812799832329
7.855024107432094
10.202807302519901
11.819598163938164
6.278681743353986
5.513023721556634
14.490716374380833
5.355857225782117
13.455910383674720
12.963279627955231
11.626203953695002
11.317791650025523
13.597401583939025
12.413600845837195
9.504883293547378
13.760098862457900
6.049697353622710
5.356558091195605
8.654685638615170
13.631578033730257
13.349038552673107
8.575427386226798
5.356302774718263
7.529918287451022
7.204698620060968
5.355646769034555
6.834733449514201
5.356031013132103
8.419252507131544
8.259266206614019
7.747806375231761
13.352797111451091
21.951367205087685
20.026096307864339
16.491637757499792
23.425081989410387
23.236208645382369
23.298270343027458
26.856627474934740
25.446266763781388
23.777599533604967
17.060262725120381
17.783181543081330
26.057861792866305
21.395433795440596
16.490716374380817
20.020490503791173
25.409108290521822
16.680576326660926
23.158153395387380
16.490652392188000
18.864782812009793
24.239186604961255
18.431137807551277
20.480666955711410
17.348669699023631
