-25.721099915495500
-21.132190633988102
-25.249455805280377
-23.556639675521239
-24.198942087140153
-23.734621231569747
-25.484523618668902
-24.369921484992517
-24.602074290321582
-28.362799924218621
-24.293365544102528
-24.117861345605348
-26.307653793153662
-24.737789061592053
-22.816618922765656
-19.489692730003760
-22.534705879582305
-19.515644678227318
-21.100617644354799
-23.505703620883054
-25.142479016145444
-22.696083497916248
-19.490410084663786
-20.937341827382710
-24.992961756354646
-21.944661853346076
-6.418127934553809
-7.855135530168809
-7.617397871249807
-8.665545379074274
-5.460628067503535
-10.472791621786627
-11.224067152222460
-9.292240294553778
-10.426193242705267
-5.223352489111809
-5.223344758167269
-8.004928391352735
-7.708762250825572
-17.490408275064361
-7.850065502426304
-9.085274932128698
-16.804614972358166
-9.962969499329631
-5.155914526770999
-5.810593455953409
-7.212557340880664
-5.223303845501931
-5.223347746896406
-13.015024338372058
-5.670685459257072
-13.318707838809217
-5.222402903881363
-5.222477536911410
-7.698592380457910
-6.753038462666723
-5.229629012849699
-10.834711849869791
-15.500740197682916
-14.686904150849131
-7.989466336854235
-7.314073151516851
-5.223376418379422
-16.683542338147276
-11.378236614931609
-6.939999814169994
-7.521734679725938
-11.959850396641230
-11.766505717294251
-7.877923900094970
-13.972886677708743
-7.877609851634645
-5.464617075989111
-10.417403069694274
-5.222476227341416
-9.506018376026589
-8.273169530946660
-11.125080164328836
-8.107903666135257
-13.279152334418200
-7.413646238520272
-17.489692730003750
-7.240878645698984
-14.673486533737190
-16.033582044669970
-15.297400924953195
-10.756705352842062
-8.380973334031665
-8.870876335319366
-5.761935626223703
-14.366047810987936
-2.345110185793772
-0.574321481826075
-3.222493971347623
-3.222845614529126
-2.467315728797814
0.444962671740285
-2.926492212998369
-1.349013432255845
-3.223283511828730
-0.474945455330840
-0.045066305858256
-2.338218488055816
-1.628387336341717
0.909689879941048
-2.650614299104120
-3.223250900398203
0.683154649409147
-2.306009934577901
-2.786722870051335
-3.223254760985768
-2.532344880339878
-0.045864734009058
-3.223346922699745
-2.456638766642953
-1.810404361664013
-3.222533581946881
-3.222413461879307
-2.338060405124850
-0.401148585254873
-1.569919891076154
-2.434225225250231
-2.993814149474616
-0.875069932198357
-2.001647185232031
0.909624163959453
-1.013066112604179
0.171932596018223
-1.364829149718275
-1.338359677539870
-0.010109443947044
0.909715741537026
-3.024086725463775
-3.222466270663971
-2.448618752117568
0.909724087167520
-3.222492329813833
0.909703894564455
-2.907693411350238
-2.917127315322801
-2.975491367481652
-0.037802598063365
-0.424613324651773
-3.055305921872616
0.489864019503329
-1.735799489391582
-3.223391497494063
-3.223199484442851
0.380155217249808
-3.063550008701469
3.036323566798671
6.660697508800894
6.253722535786252
4.574597374614029
12.194204525683588
11.395873711558124
5.685717445204858
6.647161145894415
9.517957579171465
12.140417402137132
6.029583590928723
7.679627973699780
9.624932873377588
6.323353399357984
6.260536471547852
2.908754067446646
11.256241287231560
11.512644406364402
11.231388413402641
5.260174217457433
12.557495469795894
7.961526618022162
6.375053405474617
6.140261118065439
3.267675752538423
12.557815814485748
10.382484185732380
2.908919857167299
7.690439654691772
2.909706665973632
3.405802875728625
10.480076743191205
9.264447117058126
5.041068259434468
8.091300707318737
3.858978629859280
3.458232855256540
3.368808983071347
2.908849135709093
3.863902533688474
4.527826212129213
12.558425310736935
5.830855499052277
4.369317497830821
5.361576466536945
11.537329472767567
7.400247697879252
2.908790570866148
11.649964917623493
2.908881617676787
6.428695962901060
17.934235644580738
16.367913192221607
23.411245596661516
15.268579224520010
19.348668505090487
15.208448569838765
21.237401529154170
18.432608305969779
17.586756377788902
17.302859478117739
15.281281696987307
16.717928658598353
21.362560896624359
20.511823064900511
14.557563879453742
21.863608184572115
18.448981720752968
15.687088923282374
21.185052711456663
14.586835079656808
19.387400257423678
26.286244879156726
22.174589645008979
14.557835227839886
