-19.688926513120435
-23.570728180265860
-22.505750629681984
-20.452978867130668
-29.070194100705606
-24.349140338401810
-24.281987423965802
-18.769628641679144
-25.334475344796147
-23.200417058096377
-18.769798431354200
-23.025891339970286
-28.083466335544145
-25.606222151671830
-24.691405602900176
-24.422281209254407
-23.407475223917231
-25.802669107403432
-26.622049643449031
-23.941295401677365
-25.461672213808839
-18.769240237399867
-27.314349619988263
-21.824039931815548
-26.206063252668955
-24.610123997445072
-4.118613013784522
-7.898735801633279
-5.123413009784883
-9.373397808457383
-16.593979808549932
-4.119317471881077
-4.118900695699806
-7.832995151760713
-4.245039007089531
-4.569461788280933
-7.039849453849627
-9.911736945327789
-9.533643715116156
-14.914228919411926
-13.535563465190549
-4.730094963071195
-6.807863572446792
-6.952001326499243
-10.246626548293648
-4.525126073040155
-16.142412451923548
-11.406236338700751
-10.998746381447745
-4.118902077637012
-13.793982053692616
-6.241965322409953
-4.119379572068289
-15.837414258195849
-12.458873897787072
-6.005611343736547
-10.379146878714124
-12.918455365027256
-8.672191620076433
-6.883108417494867
-7.431800611602370
-10.256855737625941
-14.186688361972955
-16.769511385532390
-9.596596340886208
-6.928274597750629
-11.481856574309049
-4.758020452429889
-9.923612431059183
-10.764061739728163
-4.118599497501526
-8.334723288930178
-4.119271355179308
-10.326145996192878
-7.364842647414122
-5.802383440664101
-4.119398998685448
-4.119403277691240
-11.931961311780725
-6.443705070274575
-4.792939341316753
-4.610651397999959
-6.436382533324121
-14.431230000610043
-15.850247224388113
-6.342374720931957
-8.680297925323970
-11.079574407320706
-4.119101611051297
-9.627548142890447
-9.065968121581619
-2.071356269887133
0.837668468375483
-1.877390756783740
2.407533492803481
-0.668964279765873
1.105731232272746
-1.471528608194063
2.406833870863537
-1.395270978486792
-0.473900324906765
-1.672060999605577
-0.738764142680935
-2.118467843492652
-1.157237162960570
1.840996064880215
-1.299410862769747
-1.161048959356435
0.964683078547438
-2.119442211620057
-1.303769305857898
2.407371250095781
-2.119437408817593
2.125529224553844
-0.108375828365268
0.599841805457885
0.375905100893334
-2.118563220193269
-2.118624188848373
-0.389569302825436
-1.250849897986683
0.756714047658647
2.407607583949583
1.250077538258523
-1.311415301284711
-0.153364291686358
-1.886832103818591
-0.444830755775087
0.900934534105801
-2.118889809703993
2.407060520305837
-1.266797140234530
0.301124549844189
1.696703648792635
1.946340844526077
1.849043711067281
-1.768138021263809
-2.118618685819164
-2.119395272843779
-1.520604605844682
0.863597521184175
-2.119352494291220
-1.866278104553345
-2.118714340940491
-2.119091516562781
-2.118454854544159
0.722572208332451
-1.979593659709394
-2.020733966006532
-2.119395272843789
12.353441919974358
7.640256795166067
13.223434843470187
4.407493993608410
7.419625052684964
9.736988174115311
9.278786465117435
4.407613555357634
13.707123132802195
4.407174085253749
8.241128554861206
9.693226351142386
14.639378035546974
4.953560635444177
8.000755359700619
9.048426519137138
6.858403931334351
9.224123143118305
9.865625760998313
4.407616627794468
7.772927296218811
14.221853388364494
5.959823118569147
6.540888011770349
4.406618598296472
10.752216449940576
9.159668834778117
14.639265518192126
4.572346804111561
12.958045636495100
10.136511421046052
5.681813373254471
4.407541232323929
6.623979602744939
11.098706896619206
5.054577219569666
13.203597810133488
10.449858538546181
9.058297519235879
14.639236037372941
13.600956606866362
7.102791971686329
4.639814075879769
7.862716845793884
13.902533621711754
13.097812275107046
8.404517249811150
4.406848162222691
11.637643060977638
5.151962182487466
6.174645879131447
26.741112015481171
16.641185702941314
23.015156613712378
21.188793767251454
24.544743685729870
17.402890041482635
23.194075334018592
23.344956550175894
20.842015063599632
19.638970047124502
18.980053364789427
17.486280664916862
25.395615265056946
16.788671877999974
28.415528119780966
21.051700377157061
25.365795112930130
20.801189993141136
25.159953892562442
16.639787585834654
21.813243294543526
16.639239265523290
17.404599138737808
18.586289537468645
