-22.445359150933200
-26.757051101713500
-25.746169282497647
-20.531788640402723
-20.531788640402727
-23.321558914923457
-26.287469461208929
-24.519192871444375
-20.530955029620028
-26.642472001276417
-27.844797159419556
-22.423673887228517
-25.191443328282730
-25.004488722550548
-26.078183436875520
-21.437746431822916
-30.751070492146425
-24.173490774588061
-25.639345476690266
-26.728443986585887
-22.108967353629339
-22.494710384889174
-24.367227370267841
-23.940015976153347
-25.010962538319092
-26.010217050104387
-5.453675347774167
-6.141868250754612
-8.212479912998873
-10.841283769244228
-9.627970614892263
-5.755591405752170
-6.038264690575659
-5.452820791899148
-14.028209104505322
-11.166295243425964
-12.377495364858760
-7.532311406506494
-7.514394339607065
-5.453585743547841
-17.127498758811043
-7.964484131506424
-8.459939438900221
-11.919917843730275
-8.507185439783598
-5.452970057977477
-12.830448824636164
-14.675862518550673
-7.998373234218093
-18.531750238162314
-11.824404503693927
-7.855183939135827
-8.387684184285320
-13.780526913348467
-18.531012168263960
-14.873991669182317
-15.784005425985129
-8.894760283321887
-8.300733878779909
-8.805015118071765
-7.144530677528110
-5.453692403327365
-5.452906965663797
-14.295373057424769
-9.298337221364221
-12.005334361824055
-17.184842500176387
-5.798030701212610
-8.533329346275195
-5.452822706127914
-8.262361328500134
-16.114569534506415
-8.790421253265777
-11.249723369218088
-11.304913304562120
-9.745003721024460
-5.529650768672013
-8.257638838803871
-17.922894299315487
-5.671567224495675
-11.947864747468259
-16.565355379907771
-5.453506331836670
-6.544991747405845
-11.332787565052399
-11.957938572030798
-5.961421597948402
-5.453708220952023
-9.912757277266735
-12.360380262936872
-10.114050218415031
1.053598890203860
-0.440877300734769
-3.075740783836466
-0.251159116587644
-3.453521290215205
1.052735546424404
-1.227241820121151
0.581866911259453
-3.114850236704115
-0.462470472777710
-3.452802585382556
-1.169913343580504
-3.453548033197736
-3.452736233759455
-1.845358173362627
-3.453662900292095
-3.453658901198648
1.053381154944433
-3.308534101207897
-2.624450739903068
-0.290070502748449
-3.117651345949639
-3.106062647262178
-3.436135388531511
-3.452734340193684
1.053390040609282
-0.867438895994667
-3.356450015605361
-1.786752091327344
-2.576811984471306
-0.619604517675327
1.053554034663759
0.309476550211571
-0.431671405891080
-2.891756734489263
-3.453580834715416
-2.616044371432281
-2.713951477733303
-2.551006965625220
-1.536179331463643
-2.109046664472089
-2.654895487799251
-3.453575492085375
-0.337462304838368
0.263205491956569
-2.575333354863403
-3.453691879004538
-3.452725766671119
-1.345569252164580
0.822011091523791
-0.594046585926947
-2.671024938594485
-2.267185356257187
-3.453571296225591
-3.104684305990645
-3.452824370963137
-3.423043821990689
-1.085407197857990
-3.452733726508554
7.868312644834191
3.052732164124056
12.743425485281648
3.685333217418815
9.613267621454895
3.052624671888061
6.475264780896225
8.461743762385311
10.641410257672760
12.958577865949561
5.969202192165369
8.235823725928981
8.496374144450101
3.052670879339352
3.052786537785670
12.816298848221891
4.022059857430378
11.706363506458956
6.373231955272303
3.733860166061845
5.289988627575383
9.339511722543961
5.210070735912211
12.231750359739323
11.363074829344214
12.959058826023632
6.115290124340959
3.651833698573853
11.894639983018010
3.340910789218128
8.981564774408412
6.192847597095039
6.664694205164608
8.887575155015327
11.847447399424937
12.488833566589847
6.462238701945296
5.781726330259005
3.640047916181686
7.033451958524154
11.785256489909500
7.694561801962436
11.856524554127589
7.050639472818716
9.497521725738750
7.707289698118132
3.052801199806682
8.307013005529399
5.436363810813361
10.093245318219459
11.567709500477804
24.715053460205411
14.959079184166447
18.055749803005028
16.964548280145436
19.777950037434778
23.004691193859486
14.958575189531295
18.334148809018927
20.303952971875447
25.538785127590018
17.274068267961013
22.834763842926520
23.702345924146655
19.215874845092145
15.720043939214804
21.902239165662365
19.910359239701222
14.958161824205080
15.189656337784641
16.220745706001026
21.829650610445356
22.034302511365240
16.050681409574366
15.676337973478667
