-17.859875424200865
-20.509648108578915
-19.140458594964855
-21.354568378163904
-22.537278120908397
-21.593033895460820
-20.102526587063750
-25.921425212687453
-17.859958165191710
-23.822553648564849
-17.859113340022919
-21.721710931210808
-19.860359982131158
-17.859984353772820
-23.220496486991493
-21.566011118394499
-18.996343445384923
-22.126955723994115
-21.966877751875458
-22.072216043580070
-21.795187353415855
-22.527272105331107
-26.522287552602521
-24.183046653585023
-19.270899358466920
-21.498791937335810
-22.384146032632330
-15.396354104615824
-7.187203618885860
-9.002546441502133
-4.474927361087295
-6.583362518646524
-6.699541636768316
-8.518714115652855
-4.474881202331215
-15.859089858353537
-10.389323628979767
-11.329645396463903
-4.840772509521386
-9.347578557641143
-9.443580253353886
-14.573263757221525
-7.028709788983406
-6.564039535812583
-10.060102344349616
-6.483806819839018
-10.888355497496690
-6.233862816437409
-4.474925981752301
-13.805655920416569
-4.475048100418499
-7.622522896679868
-5.070572880966068
-8.290728462107950
-6.661660091578426
-8.180459706538414
-4.639616805157232
-8.571535345754754
-4.792436953772679
-12.782053365073054
-7.942277396118286
-9.931144909094314
-7.061337780941699
-4.610526339692072
-9.488150241535124
-4.474999348433339
-6.992179096643383
-5.615217252395752
-7.222233959196416
-14.505070651618567
-11.937887830949052
-8.368532422880975
-6.974360670327499
-7.529038091878476
-9.441761768413272
-6.073630036792707
-8.792583710161225
-4.474855455399999
-4.876007865625496
-13.344406020604239
-11.866350452712169
-15.113661748736277
-6.358005570517435
-7.523013699045322
-12.007388155235560
-11.021230521214690
-10.225189548769080
-12.999601525024858
-12.675970962473315
-4.475850034347715
-6.931446346099705
-15.859066332025014
1.175357276224573
-0.188344494604451
1.175367506802856
-1.806374355323953
0.762888482806204
0.986554052708158
-2.475633155127441
-2.475835480702214
-0.051305761530585
0.850145523926585
-1.512108435485942
0.186933707764751
-0.323945785434674
1.174391133946765
1.174418280284576
-0.264917900531088
-0.552900740921970
-2.390000894208669
-1.686010140194952
-0.396358997926399
1.174999720948618
-2.080160671942679
0.117837603228026
1.170294550598470
0.486082490047153
-2.180540383854407
-1.326189263240963
-2.001573417452477
-1.222555688339355
-2.474982808918010
-2.475814647628311
-1.093224929573935
-2.475824768427647
-2.468734782362503
1.099067861139559
-2.175928915192344
-2.474906380727450
-2.475850476196340
-2.474954850341692
-1.707962368826685
-2.474903341327200
-0.063877068711662
-1.376489800358769
1.174451492948111
-1.809791703885111
-2.190896226166558
-1.982303385593383
-2.022923122130095
-2.475761925898779
-1.868659552423154
-1.958976616291920
-1.431111242413692
0.542018841046371
0.997268183171059
-1.721834317630638
1.175277228056054
0.031705262880251
-2.475806303737932
0.263496240781876
12.144191606275797
9.224190643725365
12.085080564621201
3.520048839606432
3.174933487458973
12.143273860100795
4.138637037421290
5.597090261768216
11.818354535235500
9.471885398599788
5.344297004925494
3.228325850387307
6.572189984037038
3.174985569356154
9.299980920047005
6.367086192271273
6.312606546642797
3.739570217815285
5.658762881942721
4.254692051365851
5.984439906675817
8.726092028469751
12.143290686794261
7.138589815199069
6.552498168482998
4.889965257692452
10.959931552589808
6.370348822727252
6.308026680330428
7.904705232389389
3.174501160629353
4.882235022444718
3.174573286832539
10.031412311019579
11.142264187318005
11.216482522148681
8.154781292780008
11.356993270175536
9.892044670739466
7.929356092286071
10.605296410004712
3.305166346400810
7.198804774170270
7.189008174307176
11.848406998810191
3.174437213561789
10.494498663378295
7.946209205021631
8.526826557537788
7.650840346418022
3.296102471259331
19.872781596667380
15.824306595581604
14.143288070572096
25.809242387633162
15.241703822994936
21.701513390561303
15.902816964134587
18.594800201978046
16.264199296827158
20.808513292413181
23.479679542468148
14.143288070572112
16.247854567673386
22.758198492515589
14.841208193849411
17.442985450693584
22.849402667861455
20.622609849696602
17.981064387152514
16.885706878556547
14.144200338829268
17.830476547000657
14.292429512281267
