-25.694457104575463
-22.215516866838328
-23.546554026559562
-18.676603797812305
-18.352016640989007
-24.914712082229215
-20.025603178457999
-18.627475504763709
-22.052039864788242
-23.751935057944678
-22.158151527883291
-22.671887815992164
-21.254895703064619
-17.153949283691347
-17.153819244188288
-22.671057211997976
-17.153975019147001
-22.092564814700069
-17.153819244188284
-22.621517343966616
-21.091534069237980
-21.709301577714626
-24.407085580215636
-23.815603621906405
-19.542803647219898
-17.692648725256419
-8.146911698008921
-12.344366249906614
-3.203897924338719
-8.123853856395385
-11.237439200059214
-5.554714935265167
-13.161921436229875
-6.819913327930351
-5.370536390570805
-8.614877841921157
-9.106459679399393
-5.655420665369547
-4.979311653534069
-4.452451070210316
-6.323393083609801
-3.502259551537009
-2.795155019123374
-2.795018802061668
-3.228402303537138
-15.154362547916410
-6.608788673815923
-13.563257750236772
-2.795644073407720
-2.795632344497724
-8.786903462636872
-5.750273901181913
-12.515439578258821
-5.891380000614447
-2.794724234362065
-9.352344550409839
-8.371508600674161
-11.072139038574079
-2.795003187060540
-3.016601208352483
-3.412153467422797
-2.795604257648480
-7.973806716258139
-6.203827556690470
-2.795620109026089
-2.794685710748523
-5.372909735078025
-7.296033733430534
-9.706011948353535
-5.067130776563147
-8.765610730210540
-5.410219990203444
-7.833422502213921
-5.763474384408767
-5.560752234907000
-4.658890868394280
-5.831556351638540
-13.700527666235786
-7.446711022108957
-5.879677495590499
-15.153792746191733
-4.946836310972287
-9.670539365816126
-4.094607016957866
-2.794936334077438
-9.745716012245225
-5.424039473465257
-14.033227777924708
-14.344225874734519
-8.703376804312683
-10.205251100157966
3.376248472442569
2.503454713620556
3.470498311850579
-0.794752417777115
0.615503136475411
-0.794690631334207
0.916575917008799
-0.795570855805421
2.633732668895732
3.121705919895646
1.758514317578459
-0.794684103509792
2.544741148135472
-0.324527406886943
3.469926134774575
-0.082509789838468
3.154757581078343
1.005673663086441
1.781959886241509
2.670547669739960
0.679588662880832
1.257752544234393
0.174100266577796
-0.795089899811660
3.470680020770164
-0.794690604228343
1.929092309210489
1.557994905506632
2.044956892928496
-0.631167090411680
-0.795249108842214
0.403139906167610
1.553521202883530
0.151252755203984
3.470579385870353
2.157320847081849
2.034238224350418
-0.462007881983055
-0.795579757085749
2.814813649534017
2.887771367792766
-0.055169279196491
-0.794679851159779
1.703660348878827
0.171859954180576
2.032760285765164
-0.795592603085289
-0.641283225078951
0.012586350509196
3.470697237087194
-0.795235992952015
-0.794782671062537
-0.271453578903561
-0.529965193951568
-0.229039095134169
-0.562745010749381
-0.458070680648177
-0.795091238481317
2.302472310543749
10.623849135611408
7.634288436139400
14.058993888774495
10.431951196284558
8.723900889417109
13.744567965523288
6.545967493890345
5.470507861244388
6.077404168851160
8.724034778488999
14.823222763585079
5.469829171301792
9.223657844965146
9.843395188282045
8.977514866619174
7.833154376432105
15.216332293631005
10.548483303449416
15.216642710187795
8.433753105724236
13.319011889498029
5.470661233264689
7.283567659255453
13.776066410474414
5.817721519964721
5.564798389531404
10.486110685968640
12.388869312298709
14.059351880800477
13.313114405274632
13.006057211780842
7.077290579703401
11.597816775983546
9.113430322990212
11.043133409223913
10.512406758187126
14.148415994580887
9.635056571536779
5.470005125842746
11.444275742065116
13.477127366865204
14.200299069555484
9.772663613263035
5.470112490352778
9.763723361809440
8.603040269093242
6.364861619817106
5.986188449253518
8.126859631159562
5.470686479906841
15.216642839597066
23.330895505353737
17.664903041970391
22.507373761006420
24.281017766031766
17.826633441454874
17.216360972570975
19.077388800226743
28.745549503035363
17.476793700381307
20.577041522105958
19.155964549194891
25.029911272185245
19.819839241329717
21.505392083464159
19.599298674210843
20.357887848284463
23.478873400661925
21.562695605457520
25.998622977600689
26.027940845489013
23.488064049617321
25.720321124077259
21.290815897366599
21.439098271046589
