-24.065110786327864
-23.623193860350483
-23.795239535162153
-24.761608804392466
-24.601793815585694
-21.187455733587555
-25.455779975649975
-22.095405151074218
-23.368461327573385
-19.544331806939098
-25.646903056931535
-24.155816728959493
-26.661490928055912
-19.244043205740997
-19.243701239910159
-22.551552376644793
-20.241224001098828
-28.830202693121450
-27.156291271577985
-26.239684181173558
-26.034660917095863
-24.655670302202367
-19.244329148488639
-20.146674825518446
-23.442194977132075
-20.779851603953375
-5.498587083765679
-12.152781954668583
-12.078092620401520
-11.459422742419832
-12.179894590266045
-8.977350624229032
-5.499507589681319
-14.827344922656877
-14.921880948791539
-9.760358133244523
-9.431840447167829
-7.264600396399658
-6.861718587891815
-7.924874815886582
-16.793654072721338
-7.705753573781820
-5.499508121218472
-13.665164169021153
-8.011772912216458
-11.221794618498663
-16.923369282373130
-7.972694434152018
-8.171627844913047
-9.377900126595364
-5.499379031555140
-12.371359003468910
-8.284501718181417
-7.514269539076935
-11.996279685351993
-15.609550261920461
-7.114723042035934
-10.392210358638891
-5.499489650837453
-14.236155105195223
-5.499019846474055
-8.129857781882464
-8.361778620597221
-12.692952739073547
-5.499487805245106
-5.883093838644626
-17.243398742563528
-16.454265337331492
-10.757600516387072
-8.471780325970144
-6.433587772858360
-6.066560156078665
-5.870869172944225
-7.960156826480471
-10.661576099287913
-5.499509111342645
-6.097599848714680
-16.270225247756613
-11.156400446318386
-8.644746624123769
-5.829759974447583
-10.169934279436433
-13.262736819133238
-14.592703910841806
-7.592871733717416
-5.498794635064591
-9.304732338873336
-8.811456534784867
-5.498641780013610
-5.498699693272039
-9.788756495160769
-0.315625302943573
0.384427163781339
-3.499523459056123
-3.131657888032549
-1.247033497824390
0.854463267216642
-3.498751011328618
0.855410066916458
-3.492288652690661
-0.488792917340220
0.538560300328072
-0.146545310648719
-2.815404885209475
-3.364023546654536
-2.712593683651733
-3.499519886222521
0.854572106109074
0.791203706838417
-3.498761179936981
-2.703544786245402
-2.804573941245351
-3.498577371800054
-3.498726829032424
-3.498609471750720
-0.794208149669629
-3.498757283305147
-2.598934219647958
0.089379127702117
-0.948542124664669
-3.498667261013005
-2.275336826574929
-1.605395130708928
0.493954941897414
-0.028508048869014
-2.113644200586606
-1.793778006870639
-2.686095758884662
-3.409377749448154
-2.689663064750476
-0.154426577266648
0.645730126630028
-2.176366864727299
-3.499428549038191
-3.498659185493318
-1.309031878831036
-2.073984900340790
-3.499449540945132
-1.904064033671091
-0.698405306259843
-0.551225183207009
0.855431664857669
-1.020831710668901
-2.623303347678387
-3.336786089291238
-2.309259132833091
-3.445700007512997
-3.297848195599656
0.854546061467510
-0.395018155304030
6.280102693114998
12.373602941167398
12.373552308593109
6.119622425970853
5.894188883287839
2.854865648741929
7.247705503328859
3.164022504263045
3.039666210249322
11.600822096379147
3.671798627221676
3.830329825217689
9.029067080663140
9.398190683326519
5.516874773711180
4.939327417206528
7.137583972439614
3.566386688656792
8.967563497044239
10.641054412449449
4.161935952383359
2.854491681526201
6.145061351832055
9.974970132605051
7.179570829022254
9.410200682397722
8.569085683687348
2.854601236677024
2.854553196051178
3.159783395391941
7.224792356065215
2.854992007129780
6.041017547126486
12.373736714253186
12.113755347575989
10.940485122655247
4.663932589615229
10.795586665618046
11.381155151040147
10.932740044254643
3.276500870649500
5.544520462197454
6.261659456204683
6.414281899097745
12.011932278311441
7.539308111629516
12.047102027862515
7.630003519969605
8.255882966330347
4.028829978013164
7.908323769436834
23.370210718226637
14.475323567935632
14.372853574569612
19.254645459690693
15.222252466000668
15.577544017930151
21.311610532978527
14.372768045087231
22.779409780924397
15.815312953265988
21.812790092883219
19.051443074563679
17.825163161607662
20.802574551327695
18.346313948325985
16.296951706872584
19.726219390235684
18.443210915803093
17.874458560471084
23.376116401484722
14.372768045087234
16.663526029360945
17.000170562403270
15.161609921093920
