-25.705825563192064
-24.168327370408576
-23.780636265324972
-24.735677610619263
-23.353715858440722
-20.780979621876099
-23.161696204270385
-25.355702501124256
-18.266913455531608
-22.360888094971187
-27.788410903002898
-19.733487051956786
-24.007384107698556
-22.445340221206038
-23.325686130781605
-22.618818279101959
-18.637757029873853
-17.739585068664869
-22.831937255069022
-18.025751631853495
-24.100821934094768
-22.728067355354028
-22.553747385229599
-17.738886979759865
-18.257850242455788
-22.295495662223630
-18.705767420761674
-5.613637998991351
-4.213681760948460
-4.236439182626555
-11.865147890798937
-9.195090180552768
-4.412952614032747
-6.952090620213312
-14.682162234094676
-6.088970810731780
-12.481604719433449
-15.127496883824620
-4.212939782916045
-8.548466666701700
-14.600899286562623
-9.325989892367232
-10.237858350010697
-4.212929400314862
-6.852682997088039
-6.833043441234565
-4.212805375537486
-13.483822982289780
-7.991084396165007
-8.206807981798136
-4.213658091647703
-4.213516692420662
-9.845052015583775
-7.235623455914777
-15.739681726210767
-14.651120109989932
-13.364608940765663
-6.056140670855996
-5.586702447261416
-15.738886979759858
-9.346734909444393
-4.583363037452159
-4.438244091783019
-13.527380811464724
-10.672606426313507
-6.990885162776635
-6.696307363622054
-6.984755301818439
-11.030668750280313
-7.749988442645588
-5.806457137674187
-15.329611305822596
-4.850010556377356
-10.780786035971687
-9.883364729096400
-4.212775236604365
-6.319497283892645
-6.558811735074983
-5.220254404735101
-9.217213432988444
-7.302275838374584
-8.161683962619463
-7.094506078783013
-4.213636038345597
-10.744013661428710
-8.443561201603330
-8.361715460567041
-6.198083840894355
-4.349355744949946
-10.129435285508180
-5.392952348707354
-4.213699317686157
-1.850134827382647
-0.023263397302173
1.605740042063360
1.086246790522239
-2.212765824618790
1.637248714620512
-2.105510663055725
-1.020380428662776
0.541374513441951
-2.212772161604460
0.428349458553612
2.034146235613454
-2.212834922960624
1.340828094090170
-1.347352712819145
-1.358890498518804
-1.395019178324844
-2.212765082383042
-0.615123444068786
-2.177087114394737
-2.212874926548821
0.204001352033117
-2.212727911186198
-1.792880888707032
-2.212757297023279
-0.851859219675930
0.704214325218715
2.034217498109621
-2.212763894052376
0.862314746348403
-2.036344712071752
-1.974903716771053
-1.377073030235294
-0.571946136265922
-2.037930597127740
-2.212929283829544
2.034745360226812
2.034274734952040
-1.776049519902983
-2.212758099369518
1.107781479937785
-1.364211779937648
1.855657523702519
2.034178013667317
-2.213633251562352
0.356974534084202
2.034671033368527
0.863838536277342
-1.057026648117187
1.099929567432042
0.653957258561604
-1.522536184558930
-1.441672146469955
-2.213578397080323
-0.972066280127251
1.615350012373113
-1.464941260402668
-2.212804732841325
0.508694174255254
7.719651291947287
9.212301918123330
4.633356894536206
11.273179862690455
6.238716077019603
10.645493280769216
8.964890485963167
4.034848976133146
7.109912927575323
4.452027143192879
4.034238698373767
7.340473537298294
7.491885822053348
4.638313330950126
7.008948678812999
7.163735391129876
12.467264773242334
5.476224605520144
12.604807155698325
8.910763684225316
9.692740416193260
11.451316255610266
9.774159709708442
4.034327303285917
13.645643421045728
12.190270185592397
6.666956660360484
13.378193032621425
10.983746876502266
4.034772485675927
4.784937308494762
12.649509357609475
7.213055144452085
4.316181861337611
4.970448984718672
8.044312944265528
11.463875379080832
4.034134064742615
8.042668373215065
6.010105394066500
7.164690773957261
9.005072339811051
9.657930765156664
4.176165738203736
5.590227480881140
10.839350983746158
12.646123814005051
4.423071377663291
12.218100889829145
6.170493468455049
13.452469419469139
15.665397713010407
25.656514623552312
20.692190792096881
15.645191181804277
20.681004386263680
16.110608713764762
21.472815800010736
24.010329362065647
26.562747755962334
25.175631256975578
22.772614929880774
22.915730383731784
20.134723440204539
22.440738263402949
28.235741247090232
19.436782686627680
19.712942730443274
16.410185074304081
25.062148216614673
22.682178526905034
18.368883648873833
15.645072104975583
25.015800399860154
