28.944171110703522
2.406771410078947
28.944281970083281
2.092008392742335
1.798154172345013
2.304428157922399
1.529120505881319
28.944171110703522
1.224169883352399
-1.356894418886750
0.608758206197060
28.944065188515697
2.304428157922399
1.676403965555634
1.459312464851065
3.975667548989466
1.676403965555634
28.944065188515697
28.944346482848569
0.598336064151713
1.958287266542916
-2.215795274435519
-2.215795274435519
28.943879964059626
28.944870671296663
1.950389678914664
28.944332873712138
28.943879964059626
0.608758206197060
0.815961863085841
-0.507272455931066
1.897793969747818
2.034605348103553
2.623518405560480
1.950389678914664
2.092008392742335
28.944341707581415
0.609314237481512
2.645201107282678
0.333536691129035
1.238140835709897
-2.482569432777237
0.363626570388644
0.363626570388635
-0.510887694932519
0.363626570388616
0.363626570388644
1.478675849527720
-0.994284053559958
-0.968557779411182
-0.994284053559958
1.224169883352399
1.224169883352399
0.536498524133136
1.478675849527720
0.013866235400057
-0.241991894991314
0.227164207287183
1.058880698856180
0.969476741320663
1.029300409505730
1.029300409505730
-0.293163521069588
0.363626570388631
2.867316044783415
0.016841897598400
0.363626570388663
0.969476741320663
0.431850711600280
-0.482822908975852
1.695810920188465
0.431850711600280
1.632190727762543
0.363626570388672
-5.201178020163054
-0.302084023278399
-28.131636943587100
-3.402273519795208
-1.070901031567730
-1.518306884749824
-27.876364110423495
-1.471298162211736
-28.388080371206236
-28.388080371206236
-1.762113560932705
-28.217433676653958
1.562811308131242
-1.919782305747766
-28.217367578926986
-1.024718206934746
1.267030956929441
-0.088477016756491
-0.854666225539654
-28.387495073978471
-28.217615265404909
-1.885160309404539
-0.302084023278399
-1.919782305747766
-28.196075590459845
-0.842396559528658
-28.131636943587100
-3.453445145873483
-0.842396559528658
0.485326898054862
-1.897165529415865
-1.356894418886750
-28.217367578926986
-0.689895830436448
-2.183538023767388
-0.088477016756491
-28.217165728072892
-3.402273519795208
2.355599784000673
