-0.505011074746235
27.571739735429425
-3.218083540928030
27.570806998432104
26.729292137245110
-1.693405029710136
28.110682556148799
-1.593217474453957
0.905562584951609
2.032875006693037
-0.505011074746235
27.570570472545704
-3.218083540928030
-0.220300699394318
1.215753998664655
-0.767747193178806
-1.282357661368773
27.570564748664751
1.215753998664655
2.850776752744780
26.983370134407370
27.570571276610835
-0.094534042414106
-2.551353456702222
0.212369557271038
-1.693405029710136
27.571739735429425
27.570563711250493
-1.221846464155534
28.350487982542596
27.570750984797264
-0.408896011839490
0.015114134807812
27.570750984797264
27.572574722846774
1.518498436141275
-0.203930116977412
-0.220300699394318
-0.978385259085744
-0.189851760054266
-1.496251444780793
-0.978385259085662
-1.629006929822872
-0.705042476951874
-0.978385259085587
-1.114974266676030
0.356253918910642
-0.628939055094045
1.547964440539334
-0.978385259085740
-1.233680052074225
-0.978385259085813
-0.978385259083923
-0.220300699394318
-1.114974266676030
-0.978385259085938
0.356253918910642
-1.391729328435447
0.718416409901938
-0.628939055094045
-2.458495374874103
-0.978385259085662
-1.971447593602667
-0.978385259085591
0.048805076617525
-0.978385259089866
-0.978385259085827
-0.978385259094101
-2.828538660715044
-0.978385259089866
-0.189851760054266
-1.971447593602667
-0.978385259078034
0.048805076617525
-29.142646386961271
-29.142646386961271
-3.847156076896397
-4.647864758589987
-4.442958449314073
-3.535689070827200
-3.685620828496675
-30.022251144563029
-1.324874654194546
-1.361556899250639
-3.539707234603280
-2.720529896195385
-1.561515803878511
-3.628015330652185
-29.527404999768073
-28.997421670252642
-2.203410754223694
-29.527428327140349
-1.336162999505264
-1.561515803878511
-0.306413064408451
-3.847156076896397
-3.539707234603280
-29.272101977233028
-0.015334804532240
-2.386931616169000
-1.361556899250639
-4.135450021434792
-0.306413064408451
-4.032967074003754
-3.953803014211419
-2.458495374874103
-1.324874654194546
-2.720529896195385
-2.271408785410597
-4.032967074003754
-29.784516714388221
-4.255478715486109
-30.296838898967565
