27.790466622246356
27.206528782075345
27.530328151255922
27.784741140512473
-1.427579853952317
1.224701305558540
27.772102357194608
-0.648085964567389
-0.770025768216689
27.783883597603200
0.695233531514288
-2.233369397280494
-1.078455825298078
0.756714940190100
-0.227111298412525
-0.770025768216689
-2.515461217742122
-1.020483212566660
-0.545887117987472
-0.152868724155179
27.784741140512473
27.781660146588518
0.415310733181304
27.784091534479824
0.415310733181304
27.782826326043754
27.782560742152732
1.984717667251879
27.772102357194608
-0.593156228061010
-0.227111298412525
27.784091534479824
27.783883597603200
1.224701305558540
-2.515461217742122
27.782279062511922
0.656408379417333
-0.851155810186886
-1.504135039622704
0.155127565004590
0.533445562065708
-0.605230175483635
-1.900816455845824
-0.344187717132721
0.275158179272127
0.118035949393911
-1.001100013352861
-0.874247175870003
-0.769191632677479
0.818196348865913
0.459602405299565
-0.851155810186886
-0.769191632675440
-3.636469859198560
-0.769191632673652
-0.267589766108963
-0.769191632675440
-0.408712002033572
1.031676493080191
-2.757076911395264
-0.408712002033572
-1.001100013352861
-0.769191632672477
0.415310733181304
-0.769191632672733
0.155127565004590
-1.062581422028673
-0.769191632672365
0.693873315120453
0.415310733181304
-1.000930688491032
-1.062581422028673
-2.306383555974908
-2.071828827401567
-0.816655787325423
-2.306383555974908
-1.150568945153928
-2.664977499541255
-2.306383555974908
-3.636469859198560
-3.041170256518021
-1.570307094704579
-29.633546619955464
-3.574988450522747
-2.307060985112006
-4.459593076022188
-2.306383555974908
-0.959001803890848
-0.959001803890848
-29.689986828662786
-2.194791644753193
-2.233369397280494
-3.943876902577623
-2.909664892714434
-1.311271966932926
-28.940007198324455
-1.311271966932926
-29.204558201750601
-29.235840874519671
-2.046205348636287
-2.761386852445373
-29.018732533197337
-1.062412097166845
-28.952209924553031
-2.531504945873355
-29.073206354660851
-29.204558201750601
-29.313700970927609
-29.322117685352037
-3.574988450522747
0.538273550532929
-3.764641915334005
-1.570307094704579
