27.740685946244351
27.760940942775125
-1.228742819080600
-1.511341828873372
-0.162224569060107
-0.803270249929952
-2.764090713299876
0.132896080065979
1.574382854228179
28.262515278449122
27.761344589982990
27.761287732354436
27.761307865290767
-0.560916115820362
0.411601781029580
-1.744584698569749
27.705943813376745
0.720222463448020
27.760940942775125
1.106860955253384
27.740685946244351
27.816043396485096
-1.555719704077853
1.574382854228179
0.911030092950945
0.524940891962091
0.720222463448020
26.920935237405637
27.213073316183031
26.920935237405637
27.761306046409466
27.761301011460901
-1.511341828873372
23.619525812586541
0.929877039616769
-0.214968737400781
-3.182326642963264
-0.162224569060107
1.120684669119694
-0.011661815240365
0.163491596459502
-2.341751612687824
-0.122719847794886
-0.936585173131256
-1.305666884496745
-1.469882687656790
-1.127392771384073
-0.936585158610771
-0.162224569060107
-0.936585108266047
-0.936585132766712
-2.320936774378626
-0.745777512378223
-0.936585141522511
-0.936585150847803
-0.697085371314691
-2.213696625388401
-0.936585179704112
-0.057911549436946
2.260432885980647
-1.763458574021027
-0.936585106859169
-1.127392771384073
-0.745777512378223
1.769664425714107
-1.305666884496745
-1.763458574021027
-0.057911549436946
-0.992022969278791
-1.668054759269564
-0.936585126874354
-3.555220182066444
-1.668054759269564
-0.936585141522511
0.742529543855408
-29.634627922033950
-29.634566310791286
-2.764090713299876
-3.663981230892916
-2.341751612687824
-29.729814719651557
0.028583060442818
-29.729814719651557
-1.381843315015177
-1.892957087879222
-3.813532675565964
-4.129680067356311
-29.634566310791286
-29.140613116545168
-1.381843315015177
-2.900099264308041
-1.991973337092300
-29.423284906875601
-30.094651264059792
-1.532562841433533
-1.991973337092300
-2.423731639123903
-29.443603275397169
-3.459816367314982
-29.900303980632913
-2.511744403881551
-6.172379365185809
-3.854978056443353
-2.633019017962145
-3.555220182066444
-29.634602509305079
-3.459816367314982
-2.341751612687824
-4.032239255823757
-4.129680067356311
-2.687533845214238
-3.813532675565964
-0.107065629991828
