0.193459256526648
-0.976265256473167
28.512272617724083
0.193459256526648
0.712529116691544
28.512684988653540
0.592129663337157
28.512684988653540
28.522306355277465
0.621792601127479
1.912537217261643
28.512418578156666
1.993686269106257
1.340880567647272
0.743244686407952
28.522306355277465
28.511830877532731
28.511830877532731
0.621792601127479
2.661672738148854
1.066730413597000
-2.483463641956440
0.887872955431888
1.127456456237236
28.512343731077468
0.462790656950236
28.512362645391679
-2.483463641956440
28.846399791184059
1.380515585734141
28.512418578156666
28.178413322141463
4.002445317395503
28.512349933475114
0.462790656950236
1.912537217261643
1.407980109331370
1.225801981410661
1.452776449136276
0.524037716305318
-2.484876775157656
-0.241002594302752
0.549079203783191
-1.239991340257848
-0.241002594302756
1.325699800063660
0.774307791257865
0.184722947941774
-0.241002594302862
-1.109622519859674
-0.119550509022081
1.188182498877473
0.774307791257865
-0.241002594302534
1.219428482366800
0.854122550185587
-0.241002594302696
0.819468449737393
-1.006042904911037
1.289779070170076
-1.701433670972145
-0.429730872711042
0.245448990582011
-1.954098366921120
-2.700969552498791
-0.362454679583025
0.184722947941774
-1.239991340257848
-0.119550509022081
-0.362454679583025
-0.063853386429358
-0.241002594302720
-0.453432292636606
-0.241002594302534
-29.006240202039308
-1.531988307926232
-1.531988307926232
-4.335541228313054
-5.413136644343619
-1.954098366921120
-2.814069492551555
-28.994829014051067
-2.726367812517384
-28.632898900640342
-5.048780388502203
-4.214903140048011
-4.032725012127303
-1.118539254977376
-28.994830501512453
-4.032725012127303
-0.712483496864684
-1.954098366921120
-28.995231160018221
-1.822885756252617
-3.064652126166758
-3.667554759270457
-1.734300756467223
0.793396507545351
0.682518643767716
0.682518643767716
-28.852954739968599
-28.994707266327012
-28.994843062055601
-0.023017684171653
-28.995231160018221
-29.156584953169776
-2.275213571843688
-0.023017684171653
-29.361611412323175
-5.048780388502203
-5.599672565562989
-28.994707266327012
-2.627773585865576
