28.545530431137621
1.622996121015056
28.545897053533899
-2.210174047674383
0.820143459102132
28.551704972782133
1.905126102758096
1.060343363838178
1.567207501744398
0.766824538464827
28.702713614274138
0.553010150586807
-1.706919990154111
28.545924601007730
0.881932429387497
28.535621281864721
1.725764644904136
2.548467641223147
-0.712728411334755
28.554001770000092
28.382773772241244
28.545580204764750
0.876915846469690
-0.712728411334755
28.545924601007730
0.881932429387497
0.745455028828665
28.535621281864721
0.744504505425387
0.820143459102132
1.815920635532755
28.545916653983610
28.545904719958173
28.545530431137621
1.622996121015056
1.725764644904136
-0.236214637985164
1.863192568866246
-1.739838003579401
-0.236214637985162
-0.236214637985073
-1.399106787705657
1.994331569983437
-0.236214637985146
1.071380933172062
0.766824538464827
-0.236214637985203
0.376539831401581
-0.236214637985001
-0.226310137026270
-1.091551444769403
1.066419685972394
-1.739838003579401
0.820626552262829
-0.236214637985370
-3.386885038937654
1.366262696279909
0.698504912019009
-0.236214637987210
-0.236214637985322
-0.556318641417358
0.017297710958921
0.820626552262829
1.066419685972394
0.698504912019009
-1.002345977544062
-2.359777024983170
0.803764531496039
-0.236214637983089
-0.848969107371821
-0.236214637985203
1.071380933172062
0.017297710958921
0.766824538464827
-0.734729575868039
-0.926390818165482
-29.293831523029116
-29.006697762721767
-28.456238047681627
-28.401776850775708
-29.183664689712426
-28.784994549338027
-2.359777024983170
0.945235472915508
-5.279548889728587
-4.062145227715926
-4.467845662386165
-4.493658983775614
0.919366714105730
-29.018100993868810
-3.282727661794545
-29.231021885464731
-29.018096064997554
-2.942865091968276
0.971137896612838
-0.734729575868039
-28.852814409201581
0.106499721299405
-2.359777024983170
-2.367244807319533
-4.467845662386165
-2.902474153786495
-2.942865091968276
-29.526703654385717
-1.198161982241168
-2.566995916575746
-5.279548889728587
-4.200229260710143
-29.293831523029116
-2.359777024983170
-0.926390818165482
-5.814781693080632
-3.512398844296865
