3.277252937150356
3.277252937150356
0.983850198905082
1.830121769825477
2.787486974565928
1.532656552668686
28.981793570509527
-0.604286426727113
29.521624091825462
28.985260993423893
0.673660919422887
1.748133983127189
1.641805492046974
28.985342418034364
2.681437877809244
-3.194983572259213
28.985189567628765
28.985316924518447
3.678501321118261
0.866284946298978
28.402479443152369
28.985450328713831
1.842281572558979
2.787486974565928
1.999529100423971
1.666431049712038
28.985189567628765
1.541128119201943
1.541128119201943
1.532656552668686
2.067142575502740
0.983850198905082
-1.329701176506430
28.985260993423893
2.362149891110162
-1.090417206818637
28.985450328713831
0.549683156429725
2.746923732269534
-2.425710917565918
0.349061842009369
0.218090133088775
0.705430662478683
3.277252937150356
0.549683156429725
0.258941362735053
-0.963429487558067
0.692476490013866
-0.994788994678287
0.870118482803756
-0.963429487558067
0.349061842015078
3.485719124710569
0.508973099097814
0.394121526431149
0.615169010890015
0.394121526431149
0.349061842003641
0.705430662478683
0.353911172383470
0.942598283191464
1.455657636441586
0.349061842009401
1.704194597968270
0.921461092983787
-0.399457194582834
1.711309863638399
0.349061842009223
0.480033550929934
-0.930167022088005
0.349061842009301
0.353911172383470
-1.013186179619838
0.870118482803756
-0.593580603918694
-28.176980486496145
-27.897190005135084
0.961236913331822
-28.499583681478178
-0.421973903365862
-28.818650617196752
-3.456926990100373
1.017241283519625
-2.753140189867367
-1.144157888540417
-1.060274849138577
-0.388255996222008
-4.949695186372561
-28.286904174290100
-1.474736445201686
-1.584339987356297
-1.461047803697750
-28.286881417318032
1.049336053365372
-1.474736445201686
1.045693378207031
-2.036603556090078
-1.671194008582555
-28.499583681478178
-2.360225063105628
-1.090417206818637
-2.241432788234357
-27.844725136875280
-2.463466973156712
-27.703416188318329
-2.241432788234357
-1.810761605881824
-28.176980486496145
-1.671194008582555
-28.683020258658562
-2.435656095340064
-28.504409758797596
1.049336053365372
