0.138423725097645
27.595303240159115
0.552005332055202
-0.028843962918343
27.596307215917189
-1.300509384367699
0.236353856648920
-1.725325057613798
0.351142286968327
27.596245625584942
0.388933411832838
-1.300509384367699
27.596211316267912
-0.163859147462171
27.596245625584942
27.596124542176426
-0.178766328308892
25.749543913579320
0.423289676939524
25.065358527030305
27.596124542176426
27.596257867796158
0.423289676939524
32.194433124217461
27.596404028276186
-2.515843594003480
0.388933411832838
25.749543913579320
0.552005332055202
-2.806266246148884
-2.515843594003480
0.884548522173791
27.596404028276186
-1.066162512646699
27.596294178370805
-1.946991912199994
-3.552321713596961
-0.959845264117800
0.552005332055202
-0.959845264117925
-0.959845264165315
-0.959845264117861
-0.959845264093886
-0.959845264117809
1.229606093741441
-0.810102695065631
-0.324807726652739
-1.643618070365558
-1.701012285525262
-1.074633694437160
-1.356646994567041
-0.143632393237751
-2.302088334723228
-0.959845264117768
-1.283431178048775
-1.283431178048775
-2.267643138832943
-0.644162461041825
0.074828438433390
-0.845056833798346
-0.845056833798346
-2.278095026667902
-0.959845264117812
-1.643618070365558
-0.324807726652739
-0.152625081173629
-1.156296707731852
-2.278095026667902
-1.074633694437160
-0.959845264118129
-0.143632393237751
-0.959845264093886
-0.763393820503772
0.867690223405658
-29.485086142462425
0.223973133859490
-2.382431569152350
-3.523769619112920
-2.807905139595547
-3.586659761628490
-1.957986998259701
-1.725325057613798
-34.129969588663691
-2.735364763360287
-2.745420454642294
-34.106408536067519
-29.515869887954320
-27.677217218288135
-2.891195901853998
-2.735364763360287
-1.471435424886448
-2.143942862499856
-1.340825393208479
-27.677217218288135
-2.492091943121367
-2.492091943121367
-29.515922316055104
-3.494927498437257
-26.983584516175629
-5.253215342291687
-2.393122813433862
-2.356661424370537
-1.471435424886448
-3.552321713596961
-2.891195901853998
-2.807905139595547
0.666793762374609
0.065449565752592
-29.515917751216971
0.293748071808623
-3.494927498437257
-2.719013256374887
-29.515873914702091
