0.943172706450175
1.616963226930709
0.963238997737794
3.434834879181189
28.347056997105646
1.596896935643090
1.301679251327296
-1.173137321809542
28.371849789043139
0.439653129079066
28.371811416500275
28.371815998766891
1.233921389660369
1.950516880833493
1.216589497824274
28.371609025244236
28.373624688290469
1.947075094234457
1.301679251327296
28.371815998766891
-2.182405868467618
-0.502915150798810
0.943172706450175
28.371740932778533
-0.010821127030438
-1.589689419118695
28.371740046658861
0.638048331385698
28.371849789043139
2.006504569615632
0.500342372989330
28.373624688290469
-0.842668462081686
28.374315671375371
-0.129680077792786
28.371702983950755
2.065934044996806
-4.436548953123058
-0.162836240329583
0.638048331385698
-1.724231390175827
-1.059954164969521
0.309514768544880
-0.171869641893739
-1.111689659157771
0.524044151400128
-0.808904710674715
-0.040921854327859
-0.808904710674715
0.617941555222588
-0.290728592656196
0.638048331385698
1.035207651419896
1.097730547061927
-0.868334186055889
-2.771075791733741
-0.409587543418435
-0.290728592656388
-0.171869641893739
-0.409587543418435
-0.510052171508992
0.015452185813939
-0.290728592656388
0.015452185813939
-0.162836240329583
-0.290728592656167
-0.868334186055889
0.231948694466164
2.877521388236291
-1.724231390175827
-0.290728592656202
-0.290728592656093
0.231948694466164
0.478496979656884
-28.956612379220957
-1.820038865349767
-0.070250602411612
-28.953494656687045
-4.080872614351226
-2.830505267114915
-28.953485203790219
-1.852234350331507
-3.206088704352708
-0.879074739078601
-2.182405868467618
-2.836130097660532
-3.902716209514373
-2.658874206338893
0.756907282148046
-29.100068880583731
-4.377119477741884
-28.596794774621063
-28.951648679683856
-29.309948479195153
-1.852234350331507
-0.749699765623765
-0.978350953848202
-28.802921503677862
-28.950872364839476
-2.263520424474719
-0.630616284531193
-0.070250602411612
1.064776972910179
-28.930562858480886
-28.951648679683856
-5.771396722193395
-1.820038865349767
-2.597426543687122
-2.658874206338893
-1.852234350331507
-2.836130097660532
-0.749699765623765
-3.065519612899475
