35.293879329135009
9.940376462380563
8.030140197161025
12.012734902179652
8.276228963947069
8.761558049706842
7.537277118459521
8.314261318864915
10.373722194318574
7.241008069901781
9.137642333521548
4.135271467382999
7.953788176213003
6.655159991768812
6.059174567489059
3.267987631580233
5.642663509735574
4.444986451985173
6.670075216446140
6.798325272971972
4.120182325658558
8.135963079194166
2.352285740996514
3.930670324419577
3.027654506690844
-0.405632957401277
-0.108658282503139
0.292510578219595
1.621655874899020
-3.112109832616287
3.336813006488565
-2.352140158167344
-3.912448553685750
-3.235654750515322
-2.650940381592225
-4.586032994973146
-5.910168522198720
-3.806587603970960
-6.763231371551186
-4.924248621548720
-6.932582363055364
-3.112109832616287
-7.016705295168548
-10.517736108231215
-5.850002780457036
-35.845799151751145
-35.274866298295500
-35.548060211963190
-8.993704719949113
-12.504575869505086
