46.816511987878833
19.229898843832661
21.855890200581012
19.999967287361926
22.894438340693092
21.444330776028472
20.359749800182858
19.030779441457042
19.217661476727407
18.490727325754410
19.136572395010663
17.588040851353103
16.057023310200638
19.474651865061304
19.586772014351961
12.953583358746833
16.958708442452927
17.945396577893359
18.014450913204808
18.061591595552155
16.929238757352618
19.883524864437842
17.206693020115569
14.979751417002056
18.731743244924242
13.637635861578790
15.095927363292940
13.749361257586788
16.859440507367925
10.958222956645120
14.273823355774748
11.185583005964329
12.469617311603169
11.239227152187905
11.955400583298939
11.300291275586705
7.120368943024140
11.839224637008055
13.196551462576167
11.839754405404811
10.958222956645120
8.176111413776024
9.379321977298623
11.162521931724513
7.368353520686785
7.749701351924315
-17.789431492972390
-17.789209914333952
8.865229007004874
8.021995151730511
