37.237178513672987
12.555588480780436
9.280140107545360
14.370481792507228
15.991934223667521
13.342210964610310
9.858801397329128
8.500266125482877
9.792704459707704
6.656908432939471
9.744433677330132
4.821145977052407
4.722496747271332
7.362934445322292
5.789638193284912
4.251400751379915
4.428027230382209
5.339131493568626
5.977135569109034
4.842328086409491
3.781587609147262
4.664927631919081
3.146082173677922
9.381974651085084
4.082094048982537
-0.011629303941209
1.046029419423640
1.169423873948425
1.466539339994181
0.737363954194940
3.942622765208835
-1.756056505143210
-1.428372037551444
-2.552697849798744
-1.025010618563133
-3.090100431184030
-11.287030193758390
-3.910016437669984
-4.926501644073859
-2.826448889819599
-9.857302936067132
-10.649026118217982
-8.125895561844139
-7.346021579781656
-11.961234055407935
-11.805015710274610
-44.018019984270744
-34.378633232954854
-44.009966403334204
-13.318552643279169
