7.891898854449254
12.185885166781556
9.942351732939851
9.021671063832777
19.499889736321599
7.980410022812096
8.677213867394359
7.451953931893545
6.368441711912080
6.140308658563654
6.576398765917695
5.000545594627541
7.792489506642173
4.131033118437390
5.411568050898085
5.333727191530391
3.596226106123619
5.874289514520367
4.825516101260639
4.067562411508201
4.927005946445254
7.862785336443737
1.352246296086429
6.550722858370854
0.044320272573705
-1.928341378928357
-0.747017366549832
-1.954625012362031
-2.265707131888883
-4.448377037440570
-0.901800242988378
-3.162816564710300
-5.124186422797913
-4.508524342255088
-3.255853720959323
-4.463461366771523
-8.322503704857974
-4.774543486298375
-1.156590058323063
-4.779075942446214
-5.764332041939111
-4.448377037440570
-5.616008292080111
-5.273105027458509
-7.752840976208086
-8.655685301760828
-33.324834739146198
-33.058815595102914
-5.037097645704631
-7.781941381868000
