37.957056240290996
14.928566881648988
11.893287639708619
14.529781434726592
12.812229659981055
11.168474824581400
11.993612001397709
7.371722865310880
12.490372070474978
8.428239975058007
7.485366539619222
6.810676470340611
7.029456069990784
7.214217102648075
4.888545591808301
0.608245731990870
7.767693461118854
5.230812387128397
6.691495323538336
6.084495444070262
2.357994458689008
4.088717733332905
2.603095371729578
4.316463389518239
1.367900763260000
-2.833616978880963
1.795964983655834
-1.009978344749056
0.820664175363241
-4.528595334705832
-2.689022555958809
-4.098199929447945
-9.498756445030944
-6.830051340224631
-6.042321127532420
-5.863118907884671
-6.895978854825510
-6.717165682397392
-5.235190739458675
-6.533335519828930
-4.528595334705832
-5.810913977616716
-10.037293597634987
-10.002069387820219
-7.962660023568604
-15.681764987954585
-36.311526908844343
-36.424412566671577
-9.399633910482313
-15.800946134756858
