470.575177544165854
461.446080419905002
460.427894140252874
463.490102299238970
466.334930567414631
460.855743279684475
461.039261795830043
458.359509022945531
459.593303909118504
459.887762399178200
459.406512808528305
458.941620768609255
459.452690097539517
459.171617433388519
458.442829299799314
454.246249408174208
457.259401528862327
457.674237686453125
456.993097757366741
458.783595603710864
457.305509338911861
460.174409207859526
457.246562399080858
454.818760290598448
461.124702348800156
452.269407136914879
454.498867953300305
455.233765048276382
454.036731388416229
456.100321636762374
451.057433626559032
451.545086128490084
451.548749763773003
448.875410585636246
451.234536672225886
444.063515957221171
448.881089831387499
454.154635161275792
451.526385679703935
449.077264765752489
447.849308180580010
446.205009644038000
447.014717949446094
447.678843078768296
444.667976439408449
435.992090082538198
-7118.523016160354018
-14709.160726238031202
446.706522534800115
444.414511797694104
