611.530675403442729
606.513170535490644
622.759285821064623
601.457640733144672
628.621830633535865
601.685210282184471
600.854103997066886
600.046070749845057
599.843498728003851
601.492741593389383
597.494496262646408
597.989314823543282
599.959447609111521
600.373859162410554
596.372167563105450
597.724734648956201
597.284481205161683
599.000313807278872
600.382655120319669
598.634500766545443
598.428154531595737
594.555914339528954
594.948535378860015
597.609891916359629
596.175372866356611
594.582694561704557
594.561513868972725
593.180993895350184
595.938656156000434
588.239105091688543
591.319643016056489
590.195464281441218
590.124632199149346
589.033979146978709
589.063709984560319
587.714765265785900
579.977386348195978
588.278863571373222
589.036929762384716
587.639806001147463
585.920111520488717
588.239105091688543
584.807532406474820
586.917937431180690
582.094034251470475
572.263519155089853
572.254969010240529
-9300.185366029012584
-19244.337007321366400
581.398952854035997
