-22.066431508055643
-16.705944507563597
-16.887305631292861
-21.053206523772189
-23.684711774820826
-18.523118806322856
-23.590704427885413
-25.632426880418762
-19.931879501248147
-20.875427341327395
-19.281564009330651
-21.687385032806048
-21.538278399580747
-22.637383676431455
-22.438655947908074
-23.777369458927780
-20.639188114768530
-16.706917713243705
-22.091519612858406
-21.605324970507155
-22.360320976279979
-17.263734811736867
-18.726083382099119
-17.570929185556338
-16.706917713243715
-20.865616594888166
-6.793744693779900
-3.828969838449154
-4.766400965629742
-7.892570789903004
-2.743033831495135
-2.742986512874217
-11.607612944408515
-8.009140725778536
-8.657813893750586
-5.414984905037812
-8.512000868978788
-3.289008853788005
-2.743708657346033
-5.351210633532219
-10.949700686780488
-2.743181803989363
-6.344396182849664
-4.553758033974532
-4.494816443922190
-11.547636340451220
-5.203820889745771
-10.579254351080749
-5.386703832888259
-5.364563367543809
-8.911364924864586
-6.029851084108515
-2.743909528158788
-9.280242910792026
-7.135645317602382
-4.069309543538822
-3.059534635946335
-6.767698378057730
-12.102510330753091
-2.921493136593597
-14.706881014996245
-4.968926064217612
-7.112299903464759
-5.245149714150159
-13.135358738782429
-14.220601957908002
-2.743045178579214
-10.542632710757061
-6.378507269744375
-2.743964828827616
-8.879867489907753
-12.189326276601491
-13.514121534324829
-3.079821976784217
-5.276299032352199
-7.603022430891485
-3.112613387309551
-2.900992718825279
-5.645033232812807
-10.934887833582792
-8.276605575203206
-3.479210324950714
-6.682981429835195
-4.672973149509232
-8.959994497007756
-5.533863789532774
-8.719817710788476
-2.743794046680287
-8.364126268099028
-12.304175355193763
-5.382158482166346
-14.705959241478149
-0.211082549384457
-0.291116288515326
-0.743848834424003
-0.743029365834649
-0.178132205934105
-0.743813473843857
-0.743518188997905
-0.057122852757402
3.157136676567319
-0.412964966528705
-0.419933192237977
0.679909344137968
-0.593691946695316
1.940142317719477
2.499563619162245
1.542206486970542
3.180794803609728
2.981433115236712
1.881493925326538
-0.743982519389209
2.040932928849799
3.181568623732846
0.122082318707129
0.799219945174997
-0.743107288032982
-0.743868379126670
-0.743832187396724
-0.486164538981171
3.180965812900522
-0.126454117044716
0.244899437959361
3.180752274338814
-0.704709657656707
-0.743462258379840
2.497143848041162
2.497428927209370
0.141287661805819
0.024881817643745
0.390355556558234
0.165502088951399
-0.743510826822919
-0.262595752936662
2.150189301103723
1.887189932388878
-0.743736478742175
1.607470194338703
0.022742437406635
2.700427269977837
2.833704509940702
-0.569946649078958
2.138008817463884
0.168188918742118
-0.743112950561258
-0.268131318294934
3.181385340121164
1.668495690231907
0.036347379956396
0.706966470192725
-0.710292454595731
12.353387062149949
7.348183255847118
14.367804266737748
8.775197763097026
11.325865750936089
13.161811131803233
7.893068356494098
13.358838492088054
6.398092154281159
6.032434836027832
8.480645281512977
5.181497906415126
5.181711335094477
6.842442397046483
11.770655221370433
10.622494226564669
5.355595448082340
13.619626476907285
10.197722561945511
13.165220528409819
5.659807796281598
5.180959151167471
9.698207498657155
8.258201128227881
9.960252605266049
6.587349411958257
8.565223452706391
12.953941690131103
8.143159795985071
5.181743764765192
5.627208364519731
8.407029503361400
5.181266147841633
14.192698042256097
13.562943263133349
11.379388238418869
8.360218627817346
10.179531638559524
8.784253781144400
11.498193853291866
14.367411935666087
8.644491550606034
5.631182829645240
5.909054608602872
7.438196158378673
13.285480013809206
13.513196128405241
12.554199481459875
7.133882862308496
9.632316554786883
11.592091197092202
20.687327759524464
23.027663299557616
21.161570211422827
21.708523850355462
17.169596661851415
27.935884662299657
25.083355858837535
25.141425227879154
20.963574146025394
25.040957400374339
18.264186411780997
16.541785622774455
26.535584592849091
19.099494942337259
16.728695430447843
22.969765131359679
20.270946633016536
19.810192767849628
22.871344962699794
16.368300271521793
16.367736944659999
25.760866603214197
19.847316170634883
