-26.901342642225046
-20.653712128503656
-25.153679341543096
-20.406827187412492
-20.406368657039650
-26.067440738087157
-24.586242481608679
-28.920303996932375
-26.516159733805210
-22.072683806371117
-24.446244795080247
-25.866930449338895
-22.453290939557291
-20.406963531607229
-26.260000633199411
-27.391882282849210
-23.862657999154436
-20.406905296508118
-21.835207560658176
-23.475796133791135
-25.719654030564357
-22.149181473649236
-24.619069525542187
-22.928171104445568
-29.705674694811819
-24.342223630690057
-10.574602627469261
-10.897622954029032
-7.205920710978404
-6.739096002154654
-17.189839395354028
-9.559902985822191
-7.044012733239697
-10.727348672748633
-18.406033421432070
-10.945057927013664
-9.976519330087569
-6.847121411722242
-16.474567290007940
-14.464816902493169
-11.841116823452552
-8.992544891878367
-6.740013157412106
-6.739673040952861
-6.739950088123572
-11.811345699955979
-18.406077737798970
-12.609177353579810
-12.626820648544054
-9.623088150130997
-9.587759771989255
-6.739061794724253
-10.782973578069601
-6.884975721311747
-11.459172390983099
-8.234679287544992
-17.102681558237009
-17.119897263525445
-7.437865443394685
-9.470544311772329
-6.739081831873344
-13.073728408919493
-12.739852986487023
-15.078313832121552
-6.739761103948191
-7.893027737553069
-14.547068492127835
-9.046511587172887
-17.777681533673757
-7.542563443959523
-6.871569330230841
-6.739882372609038
-8.628536035749960
-15.555274910991585
-9.467446151896439
-7.165355154859441
-10.736347072173118
-16.311997174039078
-8.705839500688086
-13.628314258203460
-8.693658015539967
-9.351261649688183
-8.726063112914318
-12.862804586343145
-18.058490736476841
-10.133444396570439
-13.205417290936879
-8.765798260744475
-11.787690285391534
-13.464950560739624
-15.326571658421472
-10.444214058682888
-1.366660050119094
-4.290176925669584
-4.740000654454994
-4.739089818720986
-3.817839951428198
-2.096835194511868
-0.541352045204396
-2.277742700932635
-3.570084541593303
-4.244083621230914
-0.540720292928561
-2.876761888799422
-4.352574719242767
-0.948364998519025
-4.739074906058029
-0.540496132315886
-4.135316343960369
-4.073001663264904
-2.214136289108012
-4.664632794362291
-1.171366940719537
-0.541426649159555
-3.857742253568460
-3.916761627013955
-4.740012985632827
-0.841919778652425
-2.010914863381004
-4.739166289880951
-4.739982327152048
-1.635101734282330
-0.853447273284928
-4.316694245906206
-1.496153456358883
-0.761748120580933
-4.145573977747745
-4.707646957495683
-2.342435496787800
-4.739080857791024
-0.901457204983529
-2.459287370710967
-4.739924891775868
-3.387254742665192
-1.662186479646721
-4.441451911370649
-4.739913151886034
-1.477676407601621
-4.739917090138515
-3.292495752043351
-4.428639738197347
-2.099875635531419
-4.000735576783370
-0.834930485320854
-1.374605072948611
-2.601153069696466
-0.541401048652503
-1.627792826940151
-4.159952039467555
-2.749284771205510
-4.739223299464570
1.458583962546797
9.192185025814837
2.480710974030501
2.216922952177299
5.635089190198912
1.633590559840655
4.479522679115234
7.873462355558829
4.669943185086225
4.023563971228768
1.459271078399528
9.677660288812604
4.765548256289662
9.744973770180650
5.692270331140605
4.662501158124030
6.670041366808505
9.473185280497574
6.045645879984193
10.669227843431289
1.823109783018197
4.007441593762749
3.444259747742180
9.625474117413376
2.710387591605681
7.559896042301034
4.291518668537350
3.224599787795569
1.459215433506906
10.669326598149269
10.611247264222015
1.637554017159630
9.300987391175596
8.096967015269286
2.139936824420829
5.119911407890413
2.847652480937086
10.670069067178293
7.683788219543771
1.459508761593341
3.438336113757217
6.453243502276621
6.045123512481496
7.176736958638344
8.696151581301365
9.669513973022248
3.655832761896562
5.660790521667764
4.350331965934700
4.285204428275364
8.721399249646879
19.595821755152187
16.449752690950163
15.633393831062051
21.666782332567792
21.738817174538426
17.463832936742634
12.669326598149244
17.392071355020107
19.458531734591460
20.657397717056739
13.710360107930242
17.293972419519164
19.791704408718715
13.303814340165871
15.396553600308891
13.302329130430735
24.874576215910864
18.468887140624645
16.147207986035113
12.682368123871285
12.669305218750916
15.031385014951965
16.868191403073055
