-21.895899346134414
-17.556509579141991
-23.674512709186551
-22.941299111709974
-23.275094641985362
-21.343136305953315
-19.357755136425403
-17.556509579141991
-18.348252056072766
-20.043241103212615
-20.798452840785920
-22.667426620650360
-21.889615210196510
-22.934089228936223
-24.554154777202456
-26.707845709496596
-23.980113470873462
-22.598541692550697
-23.533431568622667
-21.064952739480823
-23.040580763414880
-21.706246928199704
-23.345760161771281
-17.557400557298095
-19.423794875909941
-27.600107365794294
-7.373281878647738
-2.813925145817114
-15.557319070711072
-3.051885964047067
-7.056613091001246
-2.813035260750011
-5.398170152037714
-8.481266829251176
-8.859122544484023
-4.861872665889557
-2.813693871393776
-9.592990398532386
-5.076197743094909
-8.603777549872014
-14.899845987111078
-7.006945150324164
-11.551767286201866
-5.849495027550610
-11.860971756221034
-6.412600533004252
-2.836231586353811
-5.197274812048313
-5.794115037853437
-5.871699249216057
-13.712169643727421
-4.906455091487757
-2.825126325720305
-14.149690387069469
-6.566859441296749
-2.813875056642634
-5.721983744995860
-4.471134486267921
-2.812988895008368
-5.449817496325167
-2.813932224754612
-4.098465844958895
-3.277649726089280
-2.813869329428179
-4.977552341216260
-5.582725623279266
-5.711552519003234
-7.504535025707462
-5.577609338689335
-3.293224443694086
-9.210893950607286
-10.033601100872545
-3.248974157460871
-12.256917725515081
-9.263983970744810
-7.879823173280670
-2.813897302394842
-9.299359715427229
-5.619258612722952
-8.288927077418805
-12.727163041937089
-2.813748375345787
-2.813044874139456
-9.561581366541702
-15.556683182767806
-10.939356174958171
-9.085980856817223
-6.752495677995661
-3.736882975231644
-5.851911846464347
-14.119062943344431
-0.813029299828741
1.646858779799317
1.505588867264962
3.385321133316912
0.374351866001419
-0.481327854262105
1.578587017327095
-0.813020698054623
-0.813663093698454
-0.283126684399001
-0.813023144845951
2.340907228309959
3.385131611563595
0.120264059186255
1.763123095991219
3.156979545441388
0.574590559500095
-0.558477509969613
-0.246865581594349
2.540216912982956
-0.639771689072859
3.384567566381952
-0.340969333988944
1.646394986924463
2.916288638487671
-0.093403170139645
-0.026176360138535
-0.813026407654470
-0.813818220638397
1.928430174992315
1.175465391467966
2.476503223452283
-0.813049960932686
-0.570758096947749
-0.812993433887624
1.756829734979149
-0.813013503398042
-0.808717677691007
2.780827873662055
0.627425477824815
3.043985369540714
3.385285443321600
2.121795361424148
-0.813016346577047
-0.012904085802482
2.030765512632684
-0.626764426322246
-0.062712024024066
3.384466078006171
0.652828195080687
2.697607777633763
-0.027774259721866
2.003024943870059
2.678077309034506
1.889617606717692
-0.813698691578467
0.917230293459681
-0.239344783044245
-0.813001748255516
6.989404087253121
13.739566512351697
5.418161934891174
5.826239901193716
8.526665353119398
6.299592531310779
9.740537071774881
7.605375178010824
5.384443245387454
10.212078395343028
9.064288728262831
13.698290759268616
13.807036807337212
8.783999022290999
9.762079796668431
11.542278290713071
12.019359754206683
6.334403303691587
5.384421263661927
8.648382288268344
13.753059153206451
5.395616005397251
11.533322045345169
5.683489821479938
9.879672653432298
13.275559242653770
8.536134791229699
6.209255998508723
5.768491859578475
11.430726077951107
7.373221002798871
6.036685657611912
5.384902208253781
8.184147413563217
7.380349819557757
10.295767503292247
5.978903281968655
8.787403258433059
9.898793892374847
5.384594147954596
10.438947157252706
14.429129889884187
5.384397590615422
5.427902176881588
12.098281551965172
14.351199893167514
12.618358308968844
9.773097209652505
13.700066163971126
6.819731202963407
13.478982432084038
17.126420474116316
23.558535988477104
21.615766448157999
27.249423350368811
24.879766827999173
16.429400180238616
16.429447763194808
21.604157126549627
17.257469718521968
20.170928212329194
18.963000896105164
28.847958132889328
23.924743277167899
16.807027816813253
19.466752144744937
18.966674478929722
25.985158411229413
23.800560258482864
20.494994449244800
19.357710700715142
22.130679606816244
26.363189172430850
25.817465959978275
17.073630913450373
