-20.686505727031630
-16.727084398499869
-23.451791457576604
-17.154897634577964
-19.727756162482535
-18.417520301438230
-19.643082939285932
-17.797201999605193
-21.169656670154893
-19.911221555995837
-19.032129400850323
-15.960638777567297
-24.305717863588654
-15.960672680538734
-20.744287464678564
-22.605636186167033
-23.127963804577718
-15.960162472004166
-20.183142144719938
-16.805033000833134
-21.057177376276769
-20.549340637394579
-20.981976123584701
-21.303710552957085
-21.031611492172971
-21.745164754812777
-5.763917835345978
-2.512957664095508
-3.977814216573137
-3.356388482276429
-7.279886464968882
-10.805809817437989
-5.357180666773417
-6.461884507110796
-6.816908613653936
-11.613964914198561
-6.196553842657124
-4.400096268957384
-4.868438803153651
-11.343456818695302
-7.783949562675076
-2.512427664849591
-2.850891868965050
-9.343074237492175
-12.099091456495017
-2.512113133272867
-2.777577184462189
-2.524438732404633
-9.872278707939529
-6.218958918189458
-8.041321313736603
-2.642786536831665
-2.897725604279628
-8.425511081332360
-6.804219852743842
-4.305351129832900
-5.144517649439592
-11.192727333276110
-2.512981675669398
-12.926286737543563
-12.544678380281397
-2.964082721394220
-2.512451062527191
-4.910133299625272
-4.898930556073879
-8.877444089146934
-2.513086917156006
-8.592347396607778
-5.778703072138200
-7.326453787903631
-10.547927255828171
-4.978992285486640
-12.911061116770497
-7.965443815449305
-5.214303107575404
-4.450752573786616
-13.959682146229438
-7.346363887749021
-2.513087687554860
-6.034871176258235
-13.960571362386178
-11.644120583598351
-8.806052548225750
-7.521995765381462
-2.698985956009437
-2.512860979241962
-13.291599172199199
-4.488721035170897
-5.038578114447148
-4.060876481977971
-2.513021918850754
-0.512409397240164
0.325788999781537
3.226587039650724
-0.168840811273412
-0.512453821984696
3.262201110991299
-0.512194083326029
2.063954362287518
3.390582892900226
2.188328362493138
0.323786421470004
2.625034675406368
3.390566836613374
0.290255587164154
3.331002808759933
-0.460467163005035
-0.512891808548438
-0.262788282856945
1.744521575938734
2.591401084972858
-0.376033187860401
3.389766125402357
1.955475845361235
1.424496962470442
-0.512420540157495
0.192496329267669
1.971159519494222
3.072381199351241
1.707652429179689
-0.314634481287612
1.848722046560709
3.389909298130728
1.098437645670145
0.178412077562882
2.814969767766627
2.179382167189203
-0.512308493889049
3.390519042303667
2.567857230425432
2.921562791040600
0.178471723975292
2.287523629530853
-0.512620218762153
-0.075317189495536
1.036082858210648
2.108620159283703
-0.512417693696514
-0.512840045087855
3.015919743092269
2.660761506891248
0.197849426899751
-0.512373779272054
-0.512963376995930
-0.232454237084539
0.579647231368028
3.289723186864137
0.218422675914780
-0.247382034970201
0.310518550743495
5.390250127196258
8.721482653165424
8.331132316455410
13.897964034573192
12.163730090027144
8.731594071175209
7.710129079773026
13.079908322390054
14.320535139979510
11.471526965233323
5.716697378663923
11.108975352512402
12.683994454710160
7.274605347192107
13.155574123767110
12.763025742638192
9.694877642558168
7.208210564698760
9.569035066631159
9.888249170167228
13.831281726530904
10.481268976767069
13.140580427398106
8.213983312930736
12.878378599598534
10.567391169705303
13.152348139699953
5.464984848679137
11.597664193748585
5.683874028183254
5.389774592074145
5.389632963693250
14.320618471901678
11.332018705532022
7.152468580708955
13.968499376402406
10.048184468132604
13.707028748649805
9.524738095440682
8.615803661806694
8.356193993074498
8.877568321658998
6.637356564768766
8.010765618165635
6.077295818434891
6.475969383102154
6.273521654915555
9.751890959942216
9.693489619364385
8.467171336252363
5.389594860357010
19.411609022095433
24.330584582207166
18.820428657237500
24.507193449462193
20.431683971136522
20.057084508251705
23.498278738433328
20.072787529943355
18.370067608255681
22.167460186479175
24.337150781304388
17.998345528389507
22.223775955592885
16.557141519928223
19.492636751484696
16.320535139979512
27.134234283229148
25.630121982211961
16.321458340142915
22.323276903589829
23.956186316636249
16.321449879685563
17.305160227505127
24.795396669917295
