-17.902219222600081
-15.844449803063155
-15.844198422910988
-19.164539552920814
-21.232134438201001
-20.900273364002032
-19.935139264572825
-23.696366060109341
-16.894628320027465
-21.463818208254168
-20.838923641882189
-23.107260931793519
-21.830224618033242
-24.735405205676244
-17.442341951228968
-17.750840779127572
-21.992245608489299
-16.050637230661977
-24.116956817780959
-21.442076302579920
-21.147805951871902
-21.164825371875963
-16.484258461917619
-17.284419017056621
-18.366835097660214
-15.845123301046586
-3.809347151094869
-3.910181271608025
-4.291605718742176
-8.013222327235837
-7.383536600231963
-11.509342865034597
-8.495228926360227
-2.506796171266266
-2.506791493479116
-2.506207628527517
-6.881410419493477
-2.506874679076895
-11.748334678072524
-4.166808314120487
-5.101126873123519
-5.663968476193020
-9.511633362313802
-3.489661743041609
-5.134069229636282
-6.078157527245764
-13.695502016137084
-13.844385894172147
-9.458115585853022
-7.712795405034512
-6.059244236056458
-3.047219421451132
-12.035613358348570
-3.857515130527958
-5.418543514451272
-9.829219433058313
-9.169740670131063
-8.378790895151155
-5.072045054339867
-6.358725634940072
-2.623771015886632
-4.688864146923891
-13.685630994058954
-2.797302386194986
-2.506625929772495
-3.702134518869798
-2.506950051906041
-2.747435429728228
-7.481739809463022
-5.317030409478207
-5.513168597911488
-6.704087780287523
-5.132790248130277
-4.192644219598236
-9.073294341230849
-4.874532471333623
-4.677884092070116
-4.993297189537373
-2.506881416948576
-2.506734375754164
-8.733695850886420
-12.126433787209066
-13.390688501785064
-4.286629383692457
-6.587906861898176
-11.634923673117726
-12.942564526308615
-10.535001316880141
-7.212324750163077
-2.506043737416880
-8.390693005063952
-0.007804596998255
0.078414909260971
3.714206029954428
0.365214544471542
3.713245767472024
0.518144353600292
3.375488946974713
2.239362517249276
1.831934258897263
2.444585704422963
2.289369514246687
0.642555019398571
0.440155598869410
3.051277978590974
-0.506680737149978
1.111066472954917
2.299554519785147
-0.506177207838833
3.713490369340162
2.773817376718227
0.916776021765173
-0.506151686661052
-0.344470189521417
0.540000790078238
2.398722344223302
-0.290094375893091
3.510250751182355
2.463817218685620
0.425689049817663
3.714212816651684
3.713260771682840
-0.506561063955530
-0.506136902773074
2.827273103344396
-0.506925634198620
1.917611538620122
3.220175535138878
1.991560865556693
-0.506130254362076
-0.156839783228236
1.262086430800025
1.973350002234667
-0.228800360585694
0.467785002086998
-0.506664486319560
0.109093150783281
0.500608817408704
-0.507007380178121
1.069245214073248
2.280525174348327
3.565164568781029
3.206648832671448
2.824782335623354
-0.506062177721447
-0.506193302162831
0.767283422006670
0.249640929225677
3.713490369340150
-0.506122794000301
10.914108031801391
10.152058163929780
11.833968413140212
10.908422386049182
10.290996971379428
11.001981379316248
8.331949772956960
9.185043698054557
5.822611292378497
5.825075108059025
13.863337364611624
10.708517980738208
10.270077383934961
5.713895752807228
6.722517465206977
6.554574506029780
13.904425411876517
14.074029540096376
8.002627570580273
5.713307998474074
5.714182376886895
6.285886774568297
10.876563797001410
9.115647291004024
12.474931695784235
9.000292912473071
9.499713507446216
6.790858331268510
15.346159721442874
6.252485151950054
7.755764519878340
11.185345293992356
13.674181171592807
8.947418455791819
12.706654293384133
5.713619562133506
10.213332404028336
13.697890873459869
11.994874456511411
7.777006247902222
15.346245730159941
5.713344223969029
11.730177677357318
7.182572929531119
9.172362979602212
14.554835385787783
8.832920353725427
13.723413257964268
14.428219792232426
6.075070436709268
13.243547161237586
25.684388625536613
18.161685710687863
18.097508868906289
23.611253168478555
28.624483955847978
21.543766443853542
26.989080454415074
17.362650592233763
24.886494321582461
20.840523433254816
20.696620504103109
24.970806462030296
17.918094110991547
17.476172265239384
24.013360481186226
17.346794175372683
23.758158851846744
23.064236350056717
19.644270999148802
19.248743108527094
19.496397878698076
23.476832244264230
21.411941706937284
17.346479090057116
