-26.072759603349937
-19.330082641871517
-20.336719214426779
-21.329767793373264
-25.052947712851989
-23.660955777609928
-22.807649370022403
-24.929876180823072
-26.509328367883057
-22.026928020571546
-24.532286806157259
-24.624940471139737
-19.330043768268183
-25.181062946075642
-23.636727597772889
-23.914117993549638
-19.524555480014300
-25.746593798801698
-19.329798340076142
-26.896882750150141
-20.861632657529213
-28.672980281661040
-23.242099264643002
-25.115580565164009
-29.506123268490583
-25.322556572419046
-25.603196938148187
-15.725034625575262
-11.283369791137204
-4.087840981989951
-10.903932067448153
-7.632340988134075
-4.744599342488328
-10.078575543524266
-15.058221231242243
-9.835220780117794
-10.887410911037421
-8.405760306489128
-6.204558516605317
-4.669496516441086
-7.579986928956600
-17.329118533409968
-11.026968225619441
-4.087851117330769
-7.128030537467879
-8.978360259725250
-7.400917179666180
-7.155806553520193
-4.903971003013282
-7.219926948459317
-8.551807121207844
-4.088822196451023
-17.329314807258744
-11.501839860300009
-4.087854679293955
-12.725187618325094
-5.144492910980119
-9.255869292729940
-10.486036726977602
-8.677302588506763
-7.168267539992371
-14.857565291860624
-4.479161777421297
-4.088544959666730
-4.183627077615853
-9.499282233352545
-4.322342027668299
-8.564840473724331
-11.519503862961301
-6.602427125618817
-4.088706131177501
-7.849591958364471
-8.077482354425086
-10.047359038917989
-4.087955701814272
-16.077516929580241
-13.557164677783305
-14.021209630878190
-8.076109854259926
-6.659888640986622
-13.868319110304867
-4.088824764013011
-7.275363224407727
-6.826295686543148
-7.247865930134424
-13.267580923435062
-4.734059343665649
-6.263712104404760
-8.948879679975079
-5.526536200011151
-4.088721901906446
-13.523592317799796
-1.851275340489337
2.438981730902456
-2.088210580588756
-0.435567648964422
-0.848804245512056
-1.890728647435111
-2.088730280418875
-2.087865280942232
-1.769580261427876
-0.491811679447579
1.179720718969804
1.510602763230764
2.438417079944807
-2.088378806575941
-0.143665653086060
2.438636703838378
-1.478382996175071
1.976759907279344
-1.526101834890056
0.221509612881732
0.927467047650453
-2.087937746588979
1.482233606587954
-1.799131056848779
-0.876195954945530
2.438981926235977
-2.013336985541741
2.438906230130294
2.438052673759175
0.794275394970569
-2.087891530092889
0.641306798333744
1.948502637626333
-1.963810838817011
-1.220628771576429
-2.087828519853174
-0.744041761491445
0.777951577224172
-2.088528666748179
-1.538922890538515
-2.088760023304063
-1.348468665904022
0.593749862742271
-2.087835033346747
0.317694676571506
-2.088730170893372
-0.664852522000984
0.641284711563543
-2.088574047996637
-1.297241148544913
1.628014189375705
2.438718850590864
-1.363170506831096
0.911301897171569
2.425674674114276
-1.304449723991524
0.532285596484996
1.130295159703422
-1.672171519350925
4.438927696145692
4.438831646719678
7.448157614268467
11.689376929430153
13.128260457581376
4.438080065369973
13.638225096685005
8.074802348298618
12.804926609792744
4.438853126908977
8.887418677056402
4.465619019885537
11.471514179276113
7.965707515432683
7.997151078999451
9.111809142378476
10.463248708701258
5.238954751229315
4.477782556662419
9.989309936573676
12.716307910169462
14.582971782026855
8.919850302204111
13.255674433849038
9.057272589901970
10.937629676398060
6.876333125635682
14.269477827619824
5.128629873632406
8.503538687517562
5.532801287136493
9.736854179099225
13.585603643643225
14.582973580645243
9.237729229127979
6.641456723655779
4.438414718351630
7.908892861609615
6.254309105283824
9.919489351721182
4.438416383167469
8.475697461256289
7.633908625860784
9.862159967197201
6.242017116446931
5.101669255459342
9.870702498533376
7.776840451717575
12.996040986399436
12.361747942012769
4.868968892296465
24.450726332184104
28.168099454618414
16.583840747260023
25.163447192727290
26.481858816617375
20.771924801002598
20.864502049337602
20.092577694844550
19.535202442397051
24.450511732903607
22.893771578860225
16.589495206793373
25.506450031312568
18.589275132837912
16.660641826341759
23.202161043551030
18.974639181743271
20.745350508177310
16.582973580645252
21.800870051002434
25.230070940253142
23.047354701927276
19.890567732473613
