-21.160581523263090
-23.585571790694814
-24.684283220719209
-22.904377166333262
-16.743217604042457
-16.970223171570751
-20.832707598825493
-20.964556897812912
-22.327015510380562
-22.509239813407078
-26.648145658608655
-22.224857954795965
-18.258466240110579
-22.005308239407356
-23.042725687191819
-16.742317638098410
-25.764609706975563
-24.210448660561269
-22.847683852880039
-21.870534074437359
-20.173141270955540
-23.693305449376453
-21.119561664269810
-16.743217604042464
-19.326269769266787
-19.287693419862393
-3.225269612562158
-11.680343866095370
-3.972522406829398
-9.374635512598502
-8.349790767630253
-2.428996734688579
-2.429361211622203
-2.428861367892818
-2.428372555421876
-4.245906256838907
-14.060316437293721
-2.428452341965458
-13.436800438613773
-7.772819005085694
-7.083755692203454
-2.451108701492842
-12.141344718566842
-8.184929667989820
-14.389225948477019
-8.951369162909089
-2.953403856473614
-11.767338416207707
-5.982596324562792
-2.487663046547141
-13.681791375947455
-2.720467092842227
-13.694454204622218
-10.701761171949357
-5.072274872830519
-5.807231646249676
-2.428976680676199
-5.643165631596304
-4.747224561221515
-7.117262215381572
-5.530530382773122
-9.270719437547399
-6.286909265812881
-8.287341174768670
-12.574778218821422
-6.619184891376250
-5.244297812353693
-11.230643712517235
-3.130772984006427
-4.975522610398571
-2.428913607316379
-5.279571509535174
-14.742353058334425
-2.428772105203324
-2.428459394085056
-2.948367722487433
-6.311777952542258
-14.743195435712426
-4.550732470347327
-9.694330034402384
-5.489132551972318
-4.554443320946973
-12.337183268332353
-5.050796503066579
-13.083448332581213
-7.576668478873614
-6.447353410532799
-2.893119025958214
-4.376511074439577
-2.945689986330422
-5.145709085858783
3.347199644291607
2.741977451349555
0.199635389683635
4.052033376193306
2.313918167452414
-0.429164050389319
2.434461521866922
1.882058720756731
-0.428884984314800
4.051980601077009
0.809832312855320
-0.428580322251902
0.412864563389917
3.902752810838905
-0.428528099321903
1.493939173205575
-0.096945477278211
3.386854569885401
-0.428562997935286
1.207108265952314
1.177405363338494
-0.236673017438960
3.138383725595816
1.525230926678830
2.580419514935841
0.405474547598999
3.914489449379346
2.825320803095678
-0.428485592994686
3.638319721717068
-0.429185521755906
0.383828819917852
4.052051968800028
-0.303818807066733
4.052926773462916
4.052005164026882
-0.428510680665677
-0.428890452699648
1.976131298929943
-0.429017833866769
2.207330663501239
-0.309525283296807
-0.202264413515650
2.257377680641810
-0.428404536823465
0.306689417146998
0.538171062163997
1.188405214171780
4.052407636808429
-0.365227663741365
1.005546182485091
4.037192253516167
3.119306364522203
0.407139037427939
2.475480705885275
3.501728457195554
0.922286975641498
0.142540258375135
0.303643641480448
0.202980478744621
15.745353086425242
15.521286320048787
8.937259447250284
14.985697244871787
12.682274085671565
14.685147835022235
11.073940306264547
6.052071989268415
9.385989146794941
10.978031021948226
6.434749804020896
7.112108256333670
15.745726052531744
6.052898059414757
14.347408923346109
12.782218592934299
6.052198382751212
6.052586912577527
9.697576341969437
14.569471000363023
6.518286040301632
8.294538344007265
12.339999102719105
14.223407436964493
15.745950452992920
6.051998248825342
9.488956711234493
6.052025526484646
12.804630617132716
6.052053041545598
6.563461757006451
9.591268200582988
14.604884798741949
8.067921710140382
9.514771072348509
11.383641390216326
13.585402432429873
7.386007066823936
10.416271710451610
12.010167815032872
7.550558083820874
8.573795320710417
15.597718821027755
6.763722053443644
6.543928873298739
13.435567163928283
10.911879236182415
6.129182093553538
11.655594881349998
9.045157944289599
9.289425565990769
22.792287063776385
21.593698371982271
18.665365845744091
21.444152186073907
18.062221699160588
25.595064472725596
22.489692118015114
17.746014140420389
19.153874490526491
17.847554386847776
19.818943999549560
28.262390668749148
29.669765893683362
20.126270205416830
26.781425287164325
18.390038993115809
24.663111084836501
18.200655256124833
21.818066443875139
25.623305449544503
24.963140230978240
17.745728474093973
23.620255567742902
