1.000048190316511,1.000327210855610,1.000513402922362,1.013264166832348,5.949499685514234,1.766306841192528,0.760816773929426,3.905737801220390,0.689407533735544,2.413490025294942
4.114562178981245,1.298641618926826,1.149216641385695,1.085037087832651,6.615814992551904,1.774078681671440,0.906025302007236,2.277237041117921,0.832614907324775,2.851543143758910
3.723725843613121,1.342567976139211,1.210181100702322,1.132722598782115,7.559763039893808,2.052431700255060,0.984954709131788,3.282832973620387,0.902339060736263,2.980932149723398
4.388986512518047,1.131975997634260,1.024230578736451,0.999977306264257,3.262614074947574,1.109077314807001,0.551115665278236,1.946474230663758,0.524266435074587,2.398373466680676
2.024673378283026,0.999924676171325,0.999608305448020,0.999896451303570,4.234088315411179,1.635239882634477,0.764908423584782,3.558151600551692,0.690007142111988,2.749039238542808
2.382734680076799,1.115658358459724,1.079808431934780,1.056589446611481,5.491983136988092,1.925478032754104,0.876595639782719,4.570398362723714,0.788082268445898,2.887479927298948
2.260169064869354,1.345515461702815,1.204505742027708,1.126672899381582,3.556347503379798,1.066458168899291,0.501407129559567,1.914441467686497,0.506268672283395,2.273610955944871
3.106215024357710,1.170761796054148,1.107218469683179,1.070238803594662,4.778527625443496,1.683448553712285,0.772184657163003,3.595944264971727,0.692696612980699,2.697100788093830
1.377842663310853,1.101204253399010,1.069677443550004,1.058715546936437,4.880825071252705,1.496492196458683,0.651324734711900,3.052155264913004,0.604493998126700,2.337795474212796
3.106022865227136,1.292999438621954,1.192075771447162,1.120953318851075,7.899754036267397,2.233764556770784,1.015646435080177,4.618309174600060,0.926271160694352,3.038475453671364
1.977669103063067,1.289018931395768,1.184198816136447,1.124836935192961,3.883598186974690,1.165911182265638,0.531970548812230,2.184349614135845,0.519915475051434,2.282089943960319
5.761238130030654,1.319245351178569,1.132116123356107,1.071789086326755,4.228373224888256,1.240195675322676,0.618841261581128,1.949373794794044,0.582897551286360,2.436774261610092
3.740868302055631,1.265065129998106,1.164555244573336,1.107003258035983,5.132848723752982,1.710936561377295,0.779522973331280,3.569375695854344,0.698640476979517,2.674199382455117
1.289654710792167,0.999983320813113,0.999642753948098,1.001587670104072,7.438245367742909,2.353241105439783,1.063450339933884,6.478449332256279,0.983389225482942,3.262950165332109
2.470894041748680,1.040270250249591,1.018945787670644,1.009033914444815,4.018307022672898,1.528166264418903,0.716365683349968,3.165559763082201,0.647532711868375,2.655011621452823
1.771909518940275,1.314688368896924,1.204498423711761,1.140905876046884,5.427440072749357,1.511993318363772,0.660124832478304,3.023301607284213,0.613602906313673,2.354820731341266
0.999339615087657,0.999746805101493,0.999642765385351,1.000035418382923,7.786764983918975,2.143763120797916,1.128005183062366,2.781026999827487,1.051878533525848,3.471344530820216
1.401056880833621,1.071107075648134,1.050408988237095,1.043015870988698,3.980793499435724,1.282922346800506,0.572450598400259,2.506383237034793,0.549597841530714,2.298465937748620
1.000204496266690,1.000173766459162,1.000124660003524,0.999997164393867,5.625171540326781,1.792856117164198,0.833150039604141,3.610104342384703,0.850152517870708,2.655804631211053
4.713526704218472,1.427407421269353,1.253749279515374,1.159928868236695,6.855463973569299,1.888491738017476,0.893209927130373,3.102698711457556,0.812959616310301,2.788392252130249
1.274293035801884,0.999615680564858,1.000009128077164,0.999844993530185,2.982538229796110,1.012099255818345,0.478667216447777,1.925439597474848,0.487079033340674,2.263676575357239
1.026980998197205,1.134195245704791,1.094725618083702,1.067258763373760,6.599196563295882,1.857385164945609,0.829566025038273,3.972258250183319,0.796174835420700,2.587647832068951
2.158190408708165,1.371814024008750,1.222102894273810,1.137159630171585,4.769135802412875,1.382542251698888,0.623673441356232,2.525529302011384,0.611807856818605,2.352443022405872
5.131576951827765,1.373873423075452,1.185662960562058,1.107904678394664,5.998854102229191,1.620634351932384,0.813308195988340,2.212380471025490,0.748672281655552,2.679172257433776
5.282791207879587,1.306177609868763,1.116802416593152,1.054864713855202,5.316507275364861,1.432516398975319,0.744107002766264,1.834088158055301,0.692478981310950,2.592046881776623
4.803854952663158,1.437492010548856,1.261209642512227,1.165158021068405,6.746540660892987,1.876646367695073,0.879815642283614,3.182774438873349,0.799031170729612,2.762898792385618
-1.556244976268888,-0.628665546787855,-0.264649423528705,0.202852862388281,2.887231652021531,1.765672971258702,1.158922926294383,6.891523306527466,1.322804568108402,3.685819678346415
-2.166081511992162,-0.088931884202174,0.302295223015599,0.605061767402158,5.488673242018912,2.048979339276857,1.147553349034031,6.789920693556430,1.257970753062095,4.117509865004831
-2.720249089789314,-0.541823220969148,-0.050260791869711,0.388220857777368,2.641977581204475,1.615794197271246,1.111247842290374,6.288723588778717,1.344529749288396,4.967042871065045
-4.656111492315514,-0.829150723362726,-0.331009746273763,0.137825064294644,1.329590281545189,1.406735522511911,1.010138162851183,7.081380327378989,1.265682869802679,6.516986568663501
-1.597205920218373,-0.191035263446520,0.205833380842724,0.523485310656449,2.973539196140367,1.664284285908522,1.023801023523776,4.740752432630104,1.240994188593842,3.953938616217713
-2.283145564275029,-0.138220697449734,0.231951941598947,0.494378587263497,8.557350168273901,2.229601100024064,1.154873879816317,8.942669030536115,1.136590541019143,3.522292824311641
-4.265173635095848,-0.442253804048288,-0.018119984096874,0.341704278831607,5.100075267467622,2.015430552772862,1.141821013771920,8.314783201794080,1.292779758888837,5.404743419895928
-6.682115782387601,-0.523692070261546,-0.052427237228709,0.345348706626219,3.358833437036919,1.574484838219742,1.204514717294841,2.605518263996816,1.301716560196441,6.637720621969102
-3.131445836489631,0.173712790081936,0.458837863345737,0.655887032754074,8.128343904115145,2.434590344314181,1.248053658093385,6.381777761377405,1.275894198254840,4.710474087239252
-4.132746126995782,-0.782689944458473,-0.470274818601781,0.107018369111849,1.216874422675713,0.999389667845137,0.999791916747589,8.513280026899958,1.367067790028885,5.714660545228863
-3.921017201470528,-0.567521904559952,-0.200542671142640,0.245298868266080,3.238837578015108,1.658795790941820,1.085548122727950,9.973596401521542,1.329389238042169,5.341981415681767
-1.555473059169413,-0.874710183107388,-0.612712519679564,-0.037824618010330,1.000396486532999,1.000027797195410,0.999957434655291,4.386088108637651,1.310409686924113,3.548605462833459
-0.999917719991433,0.469980636747246,0.685281564176170,0.828008901228357,7.177129996982133,2.182142179744447,1.065934052027190,6.014528525843996,1.079447809574809,3.283512344583284
-2.765366689517561,-0.940829828716605,-0.475788672741038,0.021606269800699,0.999782690358895,1.000102702558442,0.999615749365130,7.855730548885195,1.315182325357626,5.673369819168241
-3.626192442942696,-0.363413918466548,-0.064656462138002,0.377737404620404,3.354603228737505,1.672189253004537,1.134146387151632,8.893311744850303,1.329174046424684,4.989087607836623
-1.456648220656954,0.385358897416581,0.562368862451731,0.750800298345176,5.117712406813895,2.125135728923048,1.093392919178045,7.300287177692601,1.083063207728945,3.828799335545767
-5.545238417511855,-0.879083330748970,-0.384228565237483,0.116707051396118,0.999452769148676,1.183488247458782,1.000004776807280,4.595181525242667,1.255545850654012,7.580328224909753
-3.728746246028297,-0.430813443175875,-0.111346166275003,0.318509738276760,3.948128413279465,1.767580902036593,1.128698974582425,10.194607131898247,1.346988180425670,5.117799083715836
-6.474465157641723,-0.264972127834762,0.134082843935636,0.410537517433778,4.230145559957843,1.642570646517766,1.197878008499163,1.591331282743645,1.141595392574096,5.027172128151754
-0.999725305089493,-0.327235696810319,-0.024099045398638,0.356885683826391,4.289786271725005,2.032206152224610,1.118299920813858,6.220357653540534,1.194617730713066,3.097749839581423
-6.834340428117957,-0.546992741618911,-0.071306047203921,0.330456456116522,3.112957145727201,1.526784889582980,1.197270840847793,2.430356023772572,1.290528088740863,6.653641804705396
-4.106291276182222,-0.739944238213811,-0.424911074300386,0.136581007984429,1.558670576047455,1.106996540624111,1.022989740225007,8.804612581135276,1.371162794788204,5.644918878740818
-6.516926620480985,-0.903975154847113,-0.408677030620167,0.107957129003273,0.473093653854170,1.000324337296804,1.003523327498102,2.837111212620249,1.232591988137251,8.024868815817490
-3.524648313730642,-0.336241126535606,-0.015315712290976,0.412168571742078,2.454467507284174,1.514380704305610,1.071368403314883,6.498379421426050,1.220385676805321,4.746245037657399
-2.109241671553115,-0.833734687129591,-0.421703606233252,0.086072938643963,1.562657407738187,1.355841204019438,1.107383763114689,7.256775937980666,1.359333204855313,4.547505563068963
-0.999952370062243,0.727398518124161,0.839174450715351,0.904800991140100,7.900284229352263,2.251666018979530,1.223631048045975,3.042535013718195,1.164595452272136,3.965375557468425
-3.169742209570064,-0.938580895610154,-0.406845070599312,0.151432491591831,-0.299728846643003,1.000004427365146,1.000504978683884,5.435570667211932,1.338501643440271,6.031048622912850
-1.513551189005175,-0.120826632246162,0.259428499185951,0.558989666467228,3.350537431119190,1.729784693930713,1.032950780762992,4.850732440210018,1.231340299552845,3.876318824669582
-1.019607182797121,0.094105143860044,0.358132621116434,0.587649004920805,7.042518659532499,2.248775501094964,1.094910069551960,7.124366104026651,1.055961089056963,2.993663245601767
-1.003767697988342,0.584080628693508,0.755037228901835,0.856373855955962,8.888208724420366,2.281920624610533,1.054117220175080,6.674899001470196,0.988759041276819,3.041257545929422
-2.067695544783737,-0.530158471583739,-0.118994144852232,0.274626471349304,5.002359994090153,1.899869385113001,1.162699393703168,8.346072170839944,1.270186605744121,3.893642453632382
-4.125328232266178,-0.745464014256570,-0.302450099846262,0.162907976748764,1.652583434328464,1.478535500251224,1.023608698075597,9.045489599089800,1.290135919219929,5.746640618940649
-2.428166147603734,0.352479540582358,0.584038960486069,0.734999219855320,8.567045778763994,2.494316513421459,1.247234435224258,6.214198204315936,1.249694764748928,4.426949308827033
-3.446715953047327,-0.943675596312670,-0.401803103864679,0.082873779755677,1.341797519211051,1.212798745950057,1.036516048878582,9.684377284467827,1.288276902753328,5.734402990628558
-1.403551380545002,0.392199196713252,0.573881804803122,0.757757189586996,4.692800826200613,2.040608422819018,1.057084822177808,6.625299897812754,1.038501263859103,3.739479581355201
-2.580106857662539,-0.082882776048507,0.294997023447956,0.549613087343778,8.959055166931604,2.274892446460200,1.169799209894358,9.088650412345949,1.147112492991138,3.689706301825089
-3.752969302136909,-0.386151917858629,-0.024850475423943,0.347182641258118,4.856278001330729,1.980904150828812,1.136526941419029,9.973893882712000,1.308041746661069,5.030948192306353
-3.852105369639006,-0.507231551585518,-0.152111341090763,0.277742715015585,3.703020173137919,1.743183755817166,1.104784200481757,10.110114203898990,1.331227359272651,5.232388749179011
-4.102881973524831,-0.686668774906120,-0.372463182148843,0.184156114139903,1.736134340766866,1.154699823680874,1.049221718722534,8.278442527984241,1.368608439452688,5.504062090502611
-3.072321380710239,-0.101539174274608,0.172386014413034,0.489278272097306,5.752291774064145,2.157887619148969,1.180114568290294,10.147709125423491,1.296158806965000,4.609949838644662
-2.487884203829584,-0.003319169945916,0.357065126105201,0.598202906374573,8.951256775981282,2.300815218701640,1.169040090752979,8.794268868905331,1.143716167577379,3.675821941861315
-3.479224433155729,-0.600227396645616,-0.083308972514738,0.360939809074109,4.633118905480551,1.845440014369243,1.196985632832773,8.958374498961971,1.338662853989751,5.224645158291772
-4.411301927006919,-0.760945518261430,-0.279717937706590,0.170571121131006,1.920403224913856,1.539694935492589,1.032996915236331,8.113497527087462,1.275361384626139,6.020408508723300
-3.201129495659456,-0.371086264725010,0.097768711186868,0.460916108481780,6.651650103846982,2.088027540872013,1.206584685617888,9.158662636686516,1.276953000393793,4.566976738935743
-4.179556113202725,-0.087634719141766,0.274451251590487,0.543840832703334,7.084557963188443,2.261878428925679,1.242048920717674,5.914088897978379,1.310217064645879,5.292540571253127
-5.762799532452010,-0.133576405559849,0.251065415104407,0.527049229624553,5.078136506698085,1.864064446777049,1.273999999505705,2.209149616088772,1.266269247698752,5.389829729141036
-1.684205548340986,0.082854408540255,0.380871571452066,0.593412066445198,8.635601656942265,2.288685190465479,1.121752874184968,8.108026197086934,1.069756649749950,3.194932225813071
-3.482939642362783,-0.687044179627794,-0.163097139439058,0.251700225047316,5.379191263516241,1.769663931595314,1.151364220640620,10.253743842171930,1.273823685233672,4.884307647592911
-3.672821288344025,-0.871444563863142,-0.320954025098564,0.161952941768019,2.713776729209549,1.459016025018499,1.109832427677821,10.025568086215651,1.305175294907620,5.618402498567994
-5.965226387001124,-0.584182550747973,-0.111163639211613,0.308285621936820,3.676308187430291,1.642305189810321,1.162180794864226,4.047231927785520,1.316885677168355,6.831915987392689
-0.999921687461158,0.705161150603402,0.803186680725615,0.867890816199469,7.135968502414866,2.054237038093759,1.173953829204285,2.213831110821698,1.095182220144893,3.758677455571285
-1.000078957063293,0.509849994348280,0.649251910778140,0.797209348076551,6.059558523816269,2.271626087021250,1.117799059302263,7.824540019425649,1.094227960732174,3.754265089941151
-8.041242841146396,-0.795688591086357,-0.302266998567435,0.092631043641588,0.999988421216818,1.000375473179958,1.000044484643043,1.170961733256207,1.004577460764915,5.924486032565445
-3.018129689707369,-0.262791684678950,0.173127087685906,0.484569950591111,8.047516789578800,2.188573140293581,1.193174942652624,9.468570909090632,1.212942706424922,4.125852167355185
-3.485564874895918,-0.579802566272951,-0.066171768946166,0.366741129735493,5.016413592026679,1.883899737494825,1.199865371176087,9.172383080695335,1.327515413162253,5.129814504929296
-3.821787919444669,-1.001108980196271,-0.447850155454542,0.116956656406511,0.324295689883726,1.180624950125916,1.086709001188792,8.898563800002082,1.344069592402227,6.531592498890872
-1.919606393803507,-0.642315807141168,-0.238946625895574,0.206745459486834,3.481608533642384,1.748720291220800,1.158522549981480,7.741834463168270,1.317206148237778,3.991689221925852
-1.588359396944109,0.362325546755770,0.534861422843484,0.727167700646776,6.029728362504145,2.274294260132338,1.149075381883575,8.486010105684704,1.155117383802352,3.964330178332681
-7.554822015743849,-0.663042526708125,-0.170434540625544,0.238227476721230,1.977576179030226,1.284402494294184,1.137302121080099,1.678642998240699,1.194456301156232,6.489220439016895
-5.151533973309148,-0.500271201343097,-0.045425117991224,0.339159976775365,4.733892442275658,1.872712921024788,1.163028671584462,5.770377134021809,1.312963257022049,6.218299097896461
-4.315375632658695,-0.017670225898671,0.333197138986464,0.589823212818845,7.018311000297273,2.230692432972360,1.269706498629648,4.778008022085329,1.320425787800453,5.352167321594920
-4.110405478899281,-0.694301609645286,-0.370376316366693,0.191847178964356,1.389277856034616,1.073318520851367,1.033923990530879,7.208159227607220,1.340051173646439,5.447652401837543
-5.825773099415895,-0.332667477667701,0.099946945989351,0.447966038533017,4.907768692779786,1.862020414154013,1.247594942540669,3.416006154464677,1.332813169330024,6.200144087454534
-2.922237626645797,-0.076987112709013,0.206641587497443,0.543462951044728,3.310278491800699,1.760245882643925,1.079466666574907,6.642399749813761,1.155029776659200,4.345388499771220
-4.041894898297943,-0.681499853265882,-0.338667890814593,0.210591843071128,0.999962932746277,1.000048264684594,1.000392152555320,5.663970201325951,1.272024233855237,5.295956182877525
-2.246095046531969,-1.047311970329674,-0.690827729391306,-0.107973097487739,-2.306697327870396,0.461707345894909,0.904727234251586,5.095552271545481,1.312746931804140,5.675912562054433
-3.815179336087354,-1.012488654096740,-0.634036980618563,-0.040127003964655,-2.690720515007058,0.520026322379107,0.823356793194430,6.818016917882249,1.250485542461374,6.569415901200067
-4.339344221778383,-1.093443624517063,-0.645736236310633,-0.082890920512147,-3.340015193900978,0.373663251577599,0.762503157033858,4.035600468125933,1.157149009875399,8.509425452190996
-3.746842503341582,-1.036646732501707,-0.607283453391762,-0.030213332261280,-3.518758066195509,0.586087079882585,0.830443258010398,6.953232001084418,1.238528802811859,6.690922727998148
-3.837640327493061,-1.167951164698662,-0.966566862518399,-0.308096269597055,-2.506087629728874,-0.704298750002640,0.477074291389809,0.999544769288827,1.000129916468665,5.433907708374337
-3.333106228504413,-1.341493337164901,-0.989906743738427,-0.297299963323798,-7.472486463200570,-0.690921862608637,0.542040747412582,0.999910824724809,0.999583587574661,8.846855971721229
-4.218701420672013,-1.000027811504524,-0.494603472108179,0.023265548450000,-1.705654899645687,0.945684087908437,0.897884719753493,6.691815795576327,1.231564417212452,7.010899860720510
-3.312603320069538,-1.071808525197446,-0.554246250968966,-0.024982892848577,-2.943972234574947,0.690371157514074,0.889449443630317,8.083480604541352,1.256364895665505,6.652902740231847
-3.374544397731281,-1.000172917049749,-0.463567528466926,0.121060932493521,-0.588851608128799,0.949752653411667,1.010265385771255,5.805977750439760,1.346954383445651,6.407347996129964
-2.025946159921871,-1.101423745417444,-0.847994873876818,-0.229816752327863,-3.999892775274672,-0.043484707536555,0.760961187719113,2.909145380442956,1.210031547702651,5.197111028869005
-6.560737483636085,-1.015201213045873,-0.529684925767586,0.019912437217986,-1.000545796125200,0.680248275292611,0.909360022634864,2.248557419343729,1.169750815951634,8.515216471068113
-1.760404180847232,-0.999538197064400,-0.899842421483770,-0.329825544082262,-1.073370213465584,-0.298630381255757,0.582423863376237,0.999914103508720,0.999773377984669,3.209902896800342
-3.329035500303696,-1.175959312637967,-0.777630166100966,-0.141671597028159,-7.346337627221177,-0.075774882769966,0.689993215603037,4.411162542336259,1.164546075251821,7.703936226162055
-2.326840514794223,-0.999506256957742,-0.604529941727034,-0.048175657691238,-0.999622131573279,0.736953761226179,0.970199289016851,6.122611397255274,1.338132598498633,5.537481990473136
-3.288126271421290,-1.219635573914806,-0.805120031162012,-0.151531469732005,-7.919147441391616,-0.143551532127153,0.704241688073994,4.296191806606886,1.169509554935180,8.118757443067977
-3.252840652991722,-1.218250831173742,-0.830428820701670,-0.173094358315718,-8.191688523421888,-0.261846297865628,0.660995204788268,3.594408500757554,1.141465993617084,8.158605820349422
-3.396957075016889,-1.049118799132039,-0.515527831327193,0.009039685518871,-1.762571344738633,0.856274311398781,0.947485795890800,8.818833525792629,1.274961559992280,6.376002328316797
-3.312461998150547,-1.182113061741231,-0.786814757545261,-0.147528336393637,-7.504744031569783,-0.111059624932924,0.682940118857367,4.252869657605688,1.159812209667847,7.769098630451516
-3.423002513062967,-1.139075960878448,-0.683673668116727,-0.083910818229387,-6.313019380091783,0.272703354504032,0.771559492760847,6.057372660322558,1.207863262582966,7.279347108394001
-8.088110466866389,-0.999699522262269,-0.492831527825289,-0.014210878120216,-0.999786230440998,0.617935972145789,0.898054686939045,0.999803024292271,1.000348366276816,7.084320729756524
-3.467379104959693,-1.298112038671132,-0.883671797181985,-0.188570915464723,-6.899967370500034,-0.257363119623516,0.710377658152034,3.353020897770053,1.153060269678514,8.691489761182705
-3.697386530710227,-1.056081135100293,-0.626758503534781,-0.043415782886303,-4.005626234759299,0.513838104290493,0.814114741960659,6.704246117859684,1.230782043653734,6.791415367023921
-7.364840856479863,-1.115714876268262,-0.633930961289718,-0.079274862157137,-2.505343646589724,0.309185841969160,0.803681780421271,1.007309778637904,1.027622825603732,8.462274394081778
-2.999198872090446,-1.113300827410073,-0.805786664135121,-0.229931045315457,-5.621443148948375,-0.403911226414470,0.561651263733265,2.379456094362643,1.065243619094048,8.625214413851365
-6.435731767434994,-1.101359937893289,-0.636908329784556,-0.062492764528166,-2.383098375347521,0.366412987578274,0.806520030029824,1.720075051186658,1.098566700542700,8.948056615945230
-3.389548421733615,-1.037707037559584,-0.503616152655086,0.092029540344674,-0.999886323103393,0.853874429636725,0.986519093060432,5.578255672316823,1.335678861901441,6.538138537350573
-3.044320002241451,-1.022263034425073,-0.544063100849566,-0.031891871866073,-1.074774583183160,0.693902626022800,0.899266517604126,7.503422640435451,1.272527729182375,6.538335212096644
-1.769135033745562,-1.000440155392402,-0.721924927385241,-0.112734477919411,-1.181411864806068,0.637997339397241,0.952398843776750,4.195870327715114,1.321023789785398,4.162078754860159
-3.298743440081544,-1.178015879250679,-0.939956673280071,-0.283324901635214,-6.701388110092235,-0.707588933530463,0.471001689366315,0.887587147092818,1.000129905709856,7.468856159523892
-3.658232527894367,-1.046057632858490,-0.498736914515072,0.052831504734810,-1.000145937062326,0.995434126763489,1.016905255909894,9.099662599419512,1.305349098025936,6.494724447704405
-2.406928304626396,-1.082191155346637,-0.745423197237444,-0.162911598708323,-3.559649874405549,0.103882404616558,0.785038275734752,4.241601349221062,1.241890012447646,6.523960006615098
-1.995702614210612,-1.110659749718385,-0.895085682133094,-0.277208280677416,-4.437057458780247,-0.253401199186195,0.686062172591571,2.124303178725818,1.144729428727234,5.034099816913489
-2.674944754517918,-1.097279135635371,-0.774724897923389,-0.200463724163297,-4.668985175406873,-0.196185594217425,0.659251445125294,3.361730942465310,1.151877142709940,7.678941933578928
-3.322751577222133,-1.201265712586568,-0.756996859184265,-0.120035782348015,-7.378405279499987,0.036556975130127,0.751604854637542,5.267547713269424,1.199402457703783,7.861323808383458
-2.781220530874267,-1.111577175455847,-0.827255700860055,-0.249148435573610,-5.758302451736617,-0.475176676479525,0.550774546057212,2.171027940535499,1.060893073638003,8.266819939009423
-4.029774217753663,-1.118757394013706,-0.884552276479360,-0.209810905791455,-1.836666896298016,-0.310723427944859,0.636489053198875,3.106812409154097,1.149923447480123,5.743553201588941
-3.421546717959573,-1.106976606538137,-0.602318725705836,-0.047787152079891,-4.920452654868265,0.537992646631050,0.831996151829606,7.224889451098869,1.229938905759031,6.982977491962300
-3.739699768697559,-1.052957893025907,-0.562160265723321,-0.014394944740328,-3.774543616723614,0.719266503952794,0.853308678709511,7.257680847159891,1.231661560188211,6.752756070346642
-3.159842728969481,-1.002290849220802,-0.474604898587332,0.098107432218074,-0.999733133143656,0.822395504990931,0.949087329155027,4.916262042530084,1.312120227942057,6.164296823148632
-2.807232435225440,-1.150562665593117,-0.678615633276856,-0.128838646837103,-3.147462034273603,0.039349443513018,0.622881639784679,2.015754017328080,1.065038595828909,5.800345003024198
-3.572487523337132,-1.230723885943675,-0.754193328121437,-0.091629612260749,-5.563787881035463,0.207248509873755,0.846600945554176,5.773688516217527,1.249679502189750,8.082300366717959
-2.251105936540021,-1.124731244956246,-0.927911718524395,-0.334604571093545,-6.345361854850959,-0.710347497254808,0.499594254458647,0.999979908704758,0.999740149169338,6.484809214985551
-3.394336063222885,-1.218247034259902,-0.763466802071335,-0.114888178523309,-6.928166065038373,0.069820437682613,0.782401729215610,5.426055289589245,1.215294061561877,8.007701239391299
-3.793020473539392,-1.082008270531241,-0.810511050425298,-0.161867405912407,-3.058195622575300,-0.056783791687971,0.681985949645102,4.579322329428352,1.186185001522239,6.548764915498545
-3.308966540101467,-1.300746597577366,-0.856893381611475,-0.208467154370710,-4.742721295803164,-0.222244465428806,0.645185627124602,2.297184633589341,1.084519913367260,7.534127072132558
-3.828849266499782,-1.000034210418750,-0.566154443857708,-0.003342153399481,-2.679658416422261,0.729466005782235,0.862491715631011,7.420019951768653,1.251438249081220,6.518835543633333
-3.161506924901047,-1.057432028043693,-0.535780176621260,0.048925154414495,-1.599209138674820,0.660086346601414,0.900890610033813,4.469203082986136,1.283462761051036,6.296947607375236
-4.078758233198474,-1.000190095272354,-0.685964073236612,-0.045219587163688,-0.999848511274142,0.136438706954798,0.779487058762935,2.959500181216450,1.184952582397695,5.636886775063244
-5.298889782355101,-1.084308532282987,-0.629217968417350,-0.058993167854503,-2.440222813645216,0.445041596291641,0.797725300669931,3.003503306012215,1.144369501096203,8.827381903443261
-3.374396530906771,-1.033422487065812,-0.500508134365219,0.015108124818640,-1.260013311163033,0.897259748346658,0.955397426700390,8.903938808450123,1.276242770537802,6.274404333596136
-3.447701428843775,-1.046876629079795,-0.511492541505410,0.089578502361669,-1.011621740444069,0.859712841006677,0.994973893605964,5.758910684024043,1.340386738775077,6.633242403781152
-3.269282919348909,-1.058998347401173,-0.547621485408935,-0.025847820453645,-2.467438431609543,0.698529962678656,0.889550934595052,7.993711905585387,1.257398299782947,6.633403257645176
-2.855175222188253,-1.118869328968900,-0.857779112714540,-0.278762638248599,-6.335854059094719,-0.633147933439339,0.485647596583703,1.471761630730366,1.000210383871707,8.563866968883396
-3.399983690230402,-1.227278803212446,-0.778322550729684,-0.122856817871434,-7.011740187373131,0.026578189309698,0.774497252073652,5.181481616282953,1.210028999018372,8.110024037431176
-2.544417769942173,-1.000190097169672,-0.511469004947773,-0.005067726183516,-1.984024156290229,0.390139129918356,0.710443743131368,2.502212192593067,1.133017006089428,5.156730252365440
-3.740084307336819,-1.103958433678261,-0.850991278785284,-0.196648686169736,-3.437618547520083,-0.214082438160535,0.632568701195307,3.829743127230588,1.149850855796426,6.572385813192460
-4.468170486542764,-1.019318082636949,-0.525818244367243,0.004031291116358,-1.695975372338434,0.830933222798294,0.876083839700129,5.609951386192970,1.216388988914254,7.575147820542504
-2.846346515323238,-1.201260292968783,-0.748739354231714,-0.193747664552939,-3.702420182129565,-0.163322907403993,0.550792634076114,1.517359984661878,0.999892135836599,5.959837138395372
-2.359462738550645,-1.070545917604857,-0.722920806545652,-0.141074873967569,-3.054053059186427,0.242300084026597,0.832253534908726,4.633164898738410,1.271547905672110,6.219426061988477
-4.350538545711634,-1.145598501461641,-1.119348029881011,-0.952874920143958,-8.421575560662161,-2.046381952003239,-0.856316431295229,-2.876413457336208,-0.775352792911686,1.812538175544641
-3.198815786011819,-1.182362923726144,-1.035951733159731,-0.400359825927882,-6.478611931562464,-1.144212587343135,0.283461225721938,-1.591443191938493,0.816804190190107,6.933968895990329
-2.648994216548660,-1.040331790415346,-1.092642364519884,-0.832334124950671,-4.091940285638015,-2.063465515055273,-0.539550414348294,-7.358791776441455,-0.230840114205778,1.000025697089833
-3.063968929417493,-1.273474747352445,-1.025921052397790,-0.352213487544844,-9.169465114323694,-1.067589335181448,0.386730835492560,-1.117128155322687,0.884829324978707,8.777141809727683
-2.631814238104969,-1.088099924356059,-1.157001381448915,-0.792509077794905,-6.088968562170689,-2.180315646421969,-0.449737443295335,-8.545502037353684,-0.107511542215478,3.427146207899483
-2.994766098948311,-1.349655168720605,-1.082245473045904,-0.501708509179126,-7.039473910175310,-1.271066163880976,0.171116402614598,-2.074745606614611,0.599104513770519,7.510289713802225
-3.806058083935330,-1.165519656317679,-1.158411576302643,-0.785169470970151,-10.154378497913708,-2.218018804136369,-0.533080178991604,-4.107244451807395,-0.250897557870309,6.330832851839427
-3.195491041450232,-1.168145576104747,-1.123293891024095,-0.605263634003668,-4.031116669200661,-1.632203087424378,-0.046730205046383,-3.821753234996107,0.442124917434202,3.862564072150881
-2.283300974864392,-0.982944412712888,-1.100842276139618,-1.009266144257139,-5.899794442291575,-2.398127871134174,-0.904638827536131,-10.404828471138975,-0.813939555158483,0.999654391556785
-3.006281314453224,-1.279197952250869,-1.068757221753313,-0.408954875861829,-9.185904034795199,-1.269921098395174,0.293772410156559,-2.344008345610815,0.781474401505770,8.725794175538928
-3.294418357569480,-1.139376995449061,-1.109595543488972,-0.646831100124607,-9.935002200922572,-1.991780916181845,-0.262798582028663,-3.711423709716277,0.130826002518761,7.800340511791639
-2.503569768692312,-1.185400317826922,-1.128525283499078,-0.834524038216887,-6.751276742323776,-2.070818441706417,-0.510584207536969,-6.608469307220728,-0.258860680222818,4.412252460114216
-5.539571162485658,-1.186498129447638,-0.999617518238225,-0.775643813466769,-6.000941125332712,-1.267620675781370,-0.456821559936314,-1.000071299133056,-0.421596174758903,2.249110446418444
-6.716702508824364,-1.329190579721875,-1.000269309386754,-0.492211182979104,-7.011221468465432,-0.999705932488972,0.151123733534977,-0.999784242137028,0.366359776570632,7.649353242174667
-2.841003879248700,-1.102480694445204,-1.134181785885115,-0.758027898813586,-4.406185995031698,-1.986856851997506,-0.362389809058742,-6.473747839927034,0.028730688128444,2.345229887767703
-6.223119357085939,-1.311483648042347,-1.062073165705206,-0.661641516958734,-7.488840213281867,-1.340230290010159,-0.178031291384860,-1.390398932960483,-0.030080890576207,5.656908181115655
-1.841782562528634,-1.019531918570021,-1.000083931959283,-0.485292855228091,-2.955837054504618,-0.999940193859066,0.286028825112703,-0.999680491965927,0.705727349343528,2.897426966359803
-2.687541647959501,-0.989542547230185,-1.121856477261371,-0.931626391496505,-9.405919017965031,-2.491958708338247,-0.851610318167558,-5.617309959779615,-0.654694287640687,2.594453959714079
-2.354153721218770,-1.116689623947575,-0.999521654429134,-0.442089449092557,-7.856580868539822,-1.241119638427965,0.245648149602908,-0.999988776063794,0.744067476484165,6.886143675463760
-5.439809303969582,-1.252073321047068,-1.096521935482811,-0.803694844286629,-7.847619039236214,-1.647599471154370,-0.494564213322545,-1.859679622649937,-0.386664746759310,3.801459781147577
-2.449098966629068,-1.156397263943227,-1.113144537065016,-0.867005473525817,-6.484528664573392,-2.096433915020198,-0.586659234374092,-6.790811045014889,-0.364660765760660,3.791279658090283
-3.521456985393184,-1.190554183203444,-1.058979192404513,-0.455687455628873,-3.283593242390143,-1.200485796809024,0.226130280479888,-1.441011470515177,0.748240315637419,4.769168742289059
-1.868369788636302,-0.889007468471421,-0.999808815201642,-0.707951209610580,-2.856565873613545,-1.696784872685259,-0.247936297185071,-3.563979790532342,0.061905489188077,1.000306233183517
-6.118784553371759,-1.306459833935227,-1.069910029865733,-0.681604899804652,-7.582864834397592,-1.390470568798535,-0.220807155580989,-1.465814406238457,-0.076645521902949,5.455184477869819
-4.012878996942058,-1.202010529943976,-1.028585822340961,-0.466558363562906,-8.718612869818568,-1.390097929031676,0.098756164818950,-1.845403536743464,0.537097980773787,9.614718507318740
-3.286809502081536,-1.175908848237839,-1.026381037043246,-0.387775835107100,-5.865372385792161,-1.064608873448747,0.312549429407941,-0.999576439916636,0.850932259388491,6.709334938344009
-1.917705921156474,-1.044506276117169,-1.051822277081712,-0.565577518644589,-5.076518611650753,-1.392026181514140,0.113400150456534,-2.144639386227164,0.527620310267440,3.118183648313678
-4.416301828119980,-1.156959029778534,-1.123559476672119,-0.941855825791982,-8.493297683346610,-2.040094241717140,-0.829103182286104,-2.860189630304852,-0.740658789646917,2.096895599802567
-5.535619637414390,-1.282191463861605,-1.115108994859756,-0.764502978046544,-8.350602844377253,-1.683361351293371,-0.408652378096932,-2.051112275184656,-0.257456299794387,4.989382996340231
-6.192283719621221,-1.320042094451741,-1.071170788241302,-0.647638872646150,-7.752642421255382,-1.371229480617867,-0.152371040016368,-1.504678374895951,0.018785733823009,6.158090185947225
-1.976328859604632,-1.079760449274411,-1.051375401388515,-0.530901737922464,-6.091737829137900,-1.337031454966861,0.176341915294398,-1.790533782651496,0.615375930683967,3.952993890214675
-6.183719636694623,-1.307001173502568,-1.062865276909702,-0.672850030397892,-7.461820858698491,-1.352759471572264,-0.201393542667212,-1.393511933365170,-0.060243431661942,5.457592016027176
-3.598882214258325,-1.145638035001713,-1.153429194084082,-0.780101541710717,-10.190622364407247,-2.240299803161209,-0.529479881675859,-4.282377687316631,-0.234059032695179,6.340605388483409
-2.929762587201553,-0.976931940800313,-1.110644037391607,-1.027281605507119,-9.017502751831270,-2.490414470617951,-1.063053059188161,-5.248170567266364,-0.960787963073478,0.834663584718319
-3.149213434253608,-1.325729227603112,-1.052985694918760,-0.375797705907485,-8.608397805187099,-1.066782842062020,0.388585649512860,-1.000308179570878,0.859165575342605,8.940349788076116
-2.702149211886098,-1.151742376085278,-1.158633060873162,-0.677288558937071,-7.480455794196972,-2.022374943616612,-0.229624063784471,-7.513072520854776,0.177961456836367,5.738615317580582
-3.091962235614521,-1.357474996561476,-1.046450914369399,-0.433701483844817,-6.754773790422647,-1.048251249722135,0.295287712338722,-1.008146708165290,0.736683875016890,7.742418200856594
-2.932471094032844,-1.328647470796481,-0.999874058305758,-0.445341234780563,-5.909168808547926,-1.000191835556089,0.233286861557355,-0.999574996110068,0.670759067828503,6.713546443486109
-4.771226120495807,-1.138779794872720,-1.044740493576602,-0.899053236670079,-6.852333036080775,-1.631875295196064,-0.742013732919125,-1.701363690085422,-0.709462544674073,1.000309709760734
-2.788782760627853,-1.137506009002065,-1.152644556076763,-0.675704389833184,-6.528383847042909,-1.964903669531405,-0.220260204189764,-6.962141720576737,0.206156450451878,4.960348414794005
-2.292528026447097,-1.074279769068664,-0.999994962868123,-0.879912842100920,-5.171369545369306,-1.888831661325270,-0.687700229890182,-5.525356090185396,-0.509382117149177,1.982001086522539
-1.915152097976602,-0.999901677435472,-1.059398570016975,-0.646690097073531,-4.959252638693919,-1.644399231040746,-0.074414048457160,-3.127631094022185,0.298842821241444,2.356955465876221
-4.759302717157723,-1.243689516882144,-1.006245175436448,-0.425855416581677,-8.072120559637677,-1.170866952766662,0.192532867661128,-1.351448143317322,0.597421990747098,9.812430723749134
-3.252452288097933,-1.131700410355588,-1.117254342597646,-0.671663270226051,-10.010443219112901,-2.055597170503116,-0.313238077318702,-3.921838738857250,0.067447641413676,7.485833155973600
-5.156561194697986,-1.285116794701858,-1.138537012727434,-0.702961992895301,-9.297731426571772,-1.807318149079184,-0.308462927397602,-2.647551167059338,-0.059314553258424,6.998180722541635
-2.166227219354700,-1.074429432458982,-1.075501255959584,-0.599839685742885,-8.115481994115543,-1.727459720507517,-0.044187619788821,-3.055655090059344,0.386650595210853,4.942014713039066
-3.596930284222989,-1.178613991871965,-0.999913223969519,-0.382200323129715,-2.937020497066992,-1.000537207344197,0.326182749886739,-1.000169830315725,0.831164988971803,5.037358078445955
-3.074325282740089,-1.190286720176146,-1.062460357633541,-0.437809656429313,-7.189407156153925,-1.315063749963223,0.212239560764065,-2.748707532742527,0.734209156869495,7.105821424782576
-2.362338868486124,-1.057928580383459,-1.136063810553551,-0.946000980912509,-6.627889975080445,-2.371286126352161,-0.758006460501369,-9.711117560419366,-0.599672098282030,2.756913739117852
-2.304723905818014,-0.921420903945937,-1.087150202900209,-0.952418466624822,-8.348538926511024,-2.467575253642830,-0.869921837440808,-5.990835298013292,-0.698472422902569,0.999459151649788
-3.174281939423904,-1.192819415970301,-1.000457610233627,-0.349981598587762,-7.253225502680673,-0.999897209738207,0.360569612195336,-0.838973070182645,0.891548139502879,7.510003112792679
-2.063645348223929,-0.730951353816619,-0.848171280544212,-1.101159031845416,-3.045752962204013,-1.923569903707782,-1.204427211162858,-8.921918274763927,-1.337894075745147,-4.913845693498240
-1.886968078485893,-0.628887753212711,-0.794307415860001,-0.999615262457474,-2.262858416910126,-1.827334289442634,-1.000350922580272,-4.872874730120297,-1.000175349234570,-3.596991398160936
-2.021273303468228,-0.563780453226812,-0.687532054472592,-1.128898792386363,-3.012137260033033,-1.511896709480334,-1.349207167464258,-3.682828709168639,-1.521796000470989,-7.886312281381523
-2.237080548729447,-0.711778305414245,-0.888099727101961,-1.172122942168042,-5.426774875153477,-2.093621179920246,-1.396981313784193,-4.951265084354195,-1.505647933598347,-5.761989646394889
-1.983487720885829,-0.691645874403001,-0.779562161467141,-1.128507463054090,-2.957536384876409,-1.769131104295124,-1.301895573481788,-7.643512926016863,-1.532536358748867,-5.208158938447523
-2.169453033794380,-0.868786071853179,-1.011904913701306,-1.094476449888670,-4.638490930125634,-2.300118198092871,-1.112227282965380,-10.435214901031072,-1.143283125213018,-1.961900359351747
-2.158237053697152,-0.788395361233697,-0.876841844462119,-0.999745077764838,-3.053813465217613,-1.902271424218877,-0.999945222968562,-8.310147561858722,-0.999845261967706,-3.234346321739950
-2.110267456500910,-0.719855619365950,-0.915107638753820,-1.137966458807078,-5.428377611727354,-2.211816322254554,-1.292305789604621,-5.668918587649303,-1.356540549629965,-4.662845166865074
-2.047266644553254,-0.772941797110089,-0.886260403577416,-1.140613934473715,-3.753731865446406,-2.039538924783408,-1.265400869585162,-8.926240921986354,-1.430764452921147,-3.867962068644283
-3.665726798318829,-0.984584031589383,-1.009048148410228,-1.040036688700089,-6.678001113356194,-1.864286797003561,-1.105792450532951,-2.458383605308164,-1.125209447876255,-2.041127618282002
-1.912010770767609,-0.472338510624719,-0.531328728677730,-1.000284422169680,-1.498960687618409,-1.022338042619867,-1.133784387731047,-2.569974559163396,-1.290108746774073,-7.318971971609626
-2.690540321745306,-0.776779894045130,-0.885982345676492,-1.135823076603557,-5.423265481705789,-1.831806083173070,-1.366404845996538,-3.142529664184972,-1.468598531419370,-5.762405540679994
-2.170101457498254,-0.581143870490049,-0.667052747195220,-1.080510720272874,-3.024034940199892,-1.295983809970512,-1.313352787128165,-2.461357801924434,-1.470753752735222,-8.235975452331209
-2.223895369524701,-0.908856447534317,-1.050879288190887,-1.060196470020578,-4.995962621511730,-2.351722299255415,-1.027631220872007,-10.593918425719421,-1.000262880671678,-0.999819107090392
-3.057192926059798,-0.922885508768289,-1.037540275763799,-1.112303282485802,-7.549057647295048,-2.236639975158888,-1.260854346282403,-4.066082695572907,-1.275534615103276,-2.357451341210405
-2.107847593194992,-0.891322304237553,-0.891995554158439,-1.000002825817780,-4.064686870405746,-1.865892594424168,-1.000042560711630,-6.170912326996655,-1.000088595423866,-1.000359917687407
-2.237230759611792,-0.658466720936527,-0.800812201591282,-1.166077475251721,-4.436023864848853,-1.781269707955164,-1.422870834421794,-3.882262252774898,-1.572428166682197,-7.279375818983064
-2.403742109378662,-0.864392117546122,-1.048240912468777,-1.070781869176887,-7.811107057442538,-2.474431677600608,-1.148975982786603,-5.907865057505506,-1.097314326104666,-1.309964862505557
-1.956506433617704,-0.641363082254325,-0.724721061264084,-1.118875105292507,-2.520835772197573,-1.629331896595867,-1.311462309203675,-7.320368406720814,-1.576634672129926,-6.131529513781704
-1.929370705846650,-0.533509558939368,-0.653710039640185,-1.089008529468222,-2.286463792098235,-1.459357539465036,-1.251489814360877,-3.876076950023617,-1.405036685395903,-6.980669264949649
-2.704691938393152,-0.911697682080065,-1.071121952814000,-1.078693830881525,-8.301240125250333,-2.466659353828588,-1.177454103065048,-5.396120140305713,-1.129705699272006,-0.889505464806864
-4.000088769197795,-1.039097612787255,-1.029123402164551,-1.000103737436813,-6.843103407122057,-1.817819442046127,-0.999972720758768,-2.230223770489907,-0.999654980105279,-0.999565345940334
-1.915729208287601,-0.562513000181085,-0.613458169382839,-1.048429803100344,-1.796436241560662,-1.301323600988963,-1.241726958194771,-6.056992015185001,-1.532466282830358,-6.897357925553692
-1.934210884487977,-0.710934804456187,-0.901735314771714,-1.030549313245224,-3.886884702524064,-2.111652656107041,-1.023915838724730,-5.615805408313347,-0.999780663264851,-3.226530474956245
