5.624092936149788,1.318182894239231,1.084374316645050,1.040358646118893,3.974517150011421,1.497429144414220,0.768487899777387,3.399338660972650,0.766759499693991,4.735498158935347
2.276822689705323,1.229533648543128,1.175663235666325,1.110889008402918,6.335852861319111,2.366406611881480,1.126743394053844,5.407577243100680,1.111146776926139,5.340406829395993
3.605804073412023,1.239525571215936,1.110042261002008,1.067526465689823,3.894671013037347,1.454889436771572,0.796076529841491,3.272080829571449,0.756407409111321,4.594273992850830
1.000343511876038,1.000488782937812,1.000001035475459,1.000058910888097,5.766428389554157,2.370738240613991,1.162749397265440,4.802002898213856,1.164257773475857,5.915420533152378
0.999850006980846,0.999946687365166,1.000001669735022,0.999769022114587,5.388248464089322,1.504468781031939,0.897656126773433,5.127008486759589,0.754265649219906,4.564151295728481
3.925213695486257,1.215958781752382,1.075232549896167,1.042703087091907,3.538051870995607,1.317900589829974,0.741502332411641,3.032317415204906,0.710737340569819,4.516622515134557
2.133484009043479,1.290261672928912,1.184858916440111,1.112407239704780,4.201894687843405,1.197734057578667,0.701216591313928,3.821066500277554,0.604868923958485,4.237288159122710
6.870589182626510,1.375227117974814,1.102453939709900,1.063175637537947,3.293901934926152,1.186321747248001,0.650677383260310,2.991146213640568,0.657181786353029,4.417807119886081
2.348004851957203,1.267657317449638,1.151296066977529,1.080903255225566,2.935719088517458,0.921709679812522,0.595932674414067,3.146632245258261,0.546291150450398,4.172615781164523
1.000344420528813,0.999566372145374,1.000442739134657,0.999837327472685,4.214141226610381,1.666398415130766,0.922006700806574,3.703138279860379,0.878178944139551,4.904578711626683
5.143966325998937,1.471342107002729,1.263160665336635,1.167220536322995,5.174538739001877,1.924819711194871,0.930029269547365,4.149403383105581,0.898992831058810,4.890084496581036
5.499096799967354,1.394807365460205,1.166856169163356,1.099483401023449,4.486656837643681,1.693937902808518,0.842247421219704,3.686227750710959,0.827181771684168,4.831034331652416
1.000077974883665,1.000423993173355,1.018016308691877,1.025265526785961,6.007159175350391,1.644413796235812,0.820814999761324,4.967405979490831,0.711206049354801,4.302212948656898
0.999761416131747,1.099647753138290,1.093929906260912,1.063651571278818,6.004969343026429,2.208960381665860,1.095844166262194,5.513343217347204,1.073234641889978,5.144650098108857
2.137908042179856,1.249326366795089,1.161136631683981,1.101774280877535,3.481940128983487,1.035209878158693,0.615685235952966,3.395669656364463,0.562929103055926,4.175236677543343
1.456758205307694,0.999887956508823,0.999733411131088,0.999984507019542,2.828530289252658,0.905691342073174,0.543065274629676,3.164376591370377,0.544714996797004,4.149178824113436
2.125946659079576,1.242843528833079,1.133659260366432,1.066620893974074,3.760459523744126,1.152045279121389,0.720763903857000,3.726976928471876,0.616560653976069,4.282865766640503
1.897910546234770,1.165066018160896,1.134305554448490,1.085531988047695,6.301339275751680,2.416235799003271,1.155385039115580,5.353466746285088,1.148694574740801,5.538612066275583
3.258188976382285,1.351416169520770,1.238808913414661,1.151624464373737,6.031957033631233,2.216493915981861,1.057044952183788,5.029737992894062,1.025277636071287,5.084672346143511
3.053229280140756,1.274046396275194,1.163797585406282,1.106237891933644,4.666964482460848,1.735303061426300,0.903027367021553,3.895583593499079,0.854544835277744,4.751010312867354
1.542172545574974,1.071369867121437,1.057834972808802,1.046373842711831,3.876596993217182,1.170341995968354,0.637453735566024,3.682588842514460,0.595439513025506,4.186719674225521
2.710834239863130,1.290629860775171,1.194622533977695,1.126778110988435,5.430070044292567,1.992082957818153,0.993237968964158,4.610123281902901,0.948292849503120,4.893591861916542
5.298793171845277,1.488929880716050,1.273477867074790,1.174481250749254,5.122538813653692,1.892264856605298,0.916662587190420,4.107918022734215,0.883963517505290,4.838418173437065
3.933288839406999,1.371017198198916,1.223518950305579,1.141223466676155,5.634861305155034,2.142250604266155,1.024177367186555,4.550188727138449,0.997711444400924,5.161383093749624
6.161251886043432,1.236557648111263,1.004748927770790,0.999753280077792,2.710302992675133,0.966236678877053,0.582746378430605,2.662481417969713,0.597483329492878,4.303596420041327
1.473664704558560,1.098212756833509,1.080086041401653,1.063389424258655,4.807287438494599,1.376517920312259,0.717166470673547,4.179793533589168,0.639450965110727,4.227827152104000
-3.197602412940529,-0.401999127434992,0.066828993607975,0.475513696760417,6.380830480654614,1.718689850465139,1.147561453256071,10.319414997899349,1.216656100271324,6.365254276124366
-5.722585950080593,-0.345241377309193,0.136692377896210,0.465246596579780,4.050831257818107,2.056246755932960,1.316644464677114,5.693575367513207,1.580687653402589,8.600546576213379
-5.022306730574434,-0.763220599061142,-0.224555030021412,0.213161063691657,1.258080142599227,1.232299678324431,1.017280899940311,9.807671840919895,1.509736501625530,7.491723157958657
-7.753879048308383,-0.894583661862100,-0.426802214616303,0.052904051980679,1.237836072035019,1.062257366581416,1.008932342343918,2.654063530963335,1.253900406723942,9.363307304152233
-2.072710365486180,0.632102797912373,0.788610006684837,0.886140759758522,5.225020079531573,2.078977445335827,1.137789693742981,5.634563980147190,1.156207118119156,5.492214450250456
-6.620482865500744,-0.555182444408260,-0.051962964766982,0.341496949947788,2.996342235863300,1.793241600841931,1.268209069467160,4.638647310669826,1.545488457720488,9.174736989844156
-5.149699417544801,-0.741501646217252,-0.254695190344751,0.212383937073703,0.999951199786011,1.195454797813491,0.999527001478135,9.516852329406209,1.491187707499455,6.988140499598789
-1.780768365720849,-0.297520857458166,0.064240898669628,0.492930601213446,1.464098648033107,0.999418122847806,0.999898891209815,5.199952175148189,1.079419460870634,6.272393820591489
-1.000283878833405,0.700631796993275,0.785977869305595,0.861272173524393,5.395127450187442,2.336414856622055,1.192150345524557,4.579853963704215,1.209743764139620,6.424694679781110
-3.171810923675042,-0.350785892364411,0.107299205959426,0.489699693546875,7.084906052816755,1.810784714632053,1.155602442660618,10.595602273963554,1.201817020727272,6.177284218718818
-2.669584297648915,-0.632110306446832,-0.232295250922512,0.251983079662482,4.043505627412440,1.754081765947246,1.164727465809816,8.191150411018253,1.287810452300344,5.599012834168615
-6.505125259676024,-0.735365125443738,-0.336332335242057,0.221136597907859,1.228530244709743,1.000384620628369,0.999476688307306,6.055071307720437,1.381153945974983,6.694125598433637
-1.000057269953815,0.518872621312723,0.714158025049666,0.839818634571840,8.303803494601942,1.946688661856798,1.074105714715317,7.914213483284959,0.938984207187341,4.978104852531875
-4.579708316526260,0.062303363416806,0.395947651979213,0.650082470961746,3.166699550347666,1.616047503830197,1.089208348873227,4.276684025720224,1.152340460761140,5.994054824827649
-2.147839566208175,-0.179650405599330,0.205693679207577,0.581732527210632,4.293123594976658,1.444235901673947,1.095527753407506,7.539941936165038,1.126872314135252,6.199023639681525
-3.447913404334134,-0.623446436347744,-0.114681951113963,0.384824147530761,4.357637107987372,1.445961900077959,1.113152948061523,9.870502593212464,1.271418080817463,6.965924513183869
-3.896977461877161,-0.983361134620726,-0.443576289527585,0.163691667383900,0.633294238690127,1.000287194806396,0.999917611172488,9.843400083974510,1.350078526459800,7.784376574088696
-2.231699247225097,-0.879266391696228,-0.601834742489081,-0.001653699027865,1.000082815066405,1.000185118383661,1.000086270045485,4.312373389970649,1.290881117398270,5.536627956639309
-3.781561228297942,-0.927010270704444,-0.392044587412471,0.122614825492609,1.667220070884329,1.211096177541914,1.017595460689114,12.255309305715574,1.347057273001414,6.984157703609662
-6.156087695300251,-0.256326843567305,0.085864019602319,0.406609104141969,3.830832631938834,1.910104975630634,1.193457206220343,3.862612696357162,1.295722545284792,8.165915220120979
-0.999661448068553,0.804000480394244,0.901340232001417,0.951278814439266,5.181310611505143,2.035273699324213,1.094005664284191,5.144211872334086,1.083101115141174,5.304265940238643
-4.397631981159650,-0.030367285344295,0.381796325858478,0.615951025438926,5.358241834782916,2.322006748008605,1.329293247900342,6.768840918262860,1.544095907624900,7.623845752990989
-5.546134113228871,-0.134337227190302,0.240184804545213,0.528935984725508,4.284490800336641,2.199137799345121,1.315310637621794,4.587480481196662,1.457828380693552,8.219988088155414
-5.135675797963264,-0.381245164965866,0.041404336211535,0.411798704263324,3.757860272757304,1.738579713540564,1.133921957532731,9.240083770692483,1.476292068783814,6.493621019324329
-3.586399608667731,-0.568287956184922,-0.073829366475423,0.337495781675938,6.960544129141365,1.836271210678651,1.148813383215870,12.082118594532268,1.250410508751642,6.083754885752208
-3.351104009994595,-0.939612226533183,-0.481468973403944,0.063168013932047,0.999864145283448,0.999805863378774,1.000435643128888,10.372064343883229,1.320966046805484,6.908421718186051
-5.984292491507938,-0.303638897179375,0.082927132417184,0.481485329835929,3.011033499900384,1.553097952964207,1.134620570346450,5.800280259461748,1.337100903829902,6.429409802715823
-3.872983808997722,-0.890808571161975,-0.347779014867849,0.219965606116446,2.224609807163520,1.212538377725780,1.050064263747526,10.477318625991337,1.338404594012501,7.447927713888443
-3.119994344920599,-0.282065706452580,0.157953276294441,0.504133167196038,8.070250333920551,1.939957433968588,1.164235673544264,10.929748058666270,1.178107680813549,5.891943272424779
-5.555119969263590,-0.562716507835461,-0.139304108094428,0.311677020567676,2.461295020566359,1.431546178798715,1.070584036176507,8.749300989821357,1.470965852750540,6.584141160946403
-1.000203230538801,0.337895907157107,0.554533027932753,0.733149412622108,7.886651272031812,2.164874724660637,1.070133354180431,7.325549105194243,0.964517407600046,4.648821557733405
-2.560973531283131,0.530909115168001,0.720617963680022,0.845327211365502,4.586207301912427,1.929234363618039,1.109464937473903,4.995826550616002,1.123619159868110,5.546118355132679
-5.105991589945178,-0.754600078927472,-0.198058054406290,0.225799922800371,1.693271803234657,1.280201915233111,1.043239938075127,9.496712935063503,1.523055804701661,7.856379808273697
-4.940338841580015,-0.449709884722807,0.043887909521515,0.389127729569586,3.847849766808843,1.764169187700126,1.148881837632241,9.447478391249163,1.518446190639497,7.113296088868374
-7.761106487756393,-0.931269540309537,-0.452379915341658,0.036376119102654,1.000037550006948,1.000237736431471,0.999841707033671,2.601349584299943,1.265889938108587,9.494696795853287
-2.581014970494481,-0.031262653382031,0.339251522892108,0.610696844652228,8.878881465730723,2.038521089559681,1.156994513465948,10.205452919385952,1.103654039015562,5.508137604212782
-2.751939163802106,-0.098394649056673,0.287235080890447,0.570530701779326,9.104929653948869,2.080219593110768,1.163942219182426,10.591646484036113,1.118732214434907,5.477635992724359
-1.452439619144546,-0.108605094540448,0.188780345959348,0.512897231667213,5.821346461760123,2.113969130034455,1.115564604544306,6.807324030293533,1.106082782477184,4.840309651182069
-6.435510593720224,-0.924692545270369,-0.349044737916674,0.130241915905358,1.000216284753792,1.018609853043711,1.066552135492704,5.261626587594112,1.525421851305496,10.015939533535770
-2.859937351321915,-0.827667214211908,-0.424561805052799,0.130173779753784,1.897954539846844,1.353865128532925,1.108277830199642,7.730070720786434,1.328767914837307,6.033473980999590
-2.775594140273893,0.350496401882119,0.642426737681018,0.773566705426910,6.414072350529272,2.485866107520689,1.296138182345123,7.372332840060581,1.435984545172434,6.548160177803959
-5.942771259376304,-0.602208280573012,-0.054533845920872,0.333092732104573,3.139762258093847,1.673740163050463,1.221592822121558,6.398237414967486,1.588674686046984,8.971516737688143
-2.299234355413212,0.556506725392242,0.737614293813476,0.851119435975218,4.287446313678509,1.838954436994408,1.072473993775395,4.511689259932830,1.071885971989139,5.470385166599185
-2.818228805758894,-0.859512258553455,-0.466576017922241,0.105256475344031,1.321711766147179,1.264352137124937,1.095000229156013,7.217450815178283,1.334658933983052,6.067916104266843
-7.635140882707056,-0.784735547878102,-0.357346883698198,0.093473312023174,1.885468669082127,1.193456301018414,1.012839945047298,2.782317344510762,1.197677132501586,8.961816035640144
-5.635776475840536,-0.899132371304642,-0.314769853300990,0.147311428194538,0.999779407041606,1.000012670463349,1.025348479932267,7.417518355882596,1.529334588009829,9.359815968300790
-7.242571937053709,-0.662276021861828,-0.184130473719989,0.242628458283066,2.406111860697596,1.582740263396729,1.190737726393186,3.667377312999471,1.428684484868677,9.246083195276780
-1.524411156150770,0.110157846393014,0.385219864793867,0.628045391335139,7.752340774964282,2.203619689344843,1.120873678579290,7.877157340795732,1.043319112524655,4.798915349310089
-3.166279029912133,-0.632665859727990,-0.185684184476349,0.262598120684330,5.473168890142794,1.765342579547645,1.149687377613542,10.539768750357418,1.267537055889746,5.826699490035420
-3.880114836621049,-0.856787502161184,-0.314745014331797,0.201086665256240,3.109541233985257,1.378199044697668,1.066730370366840,11.811940280186986,1.335573284376724,6.974689502963422
-2.760296964515622,-0.517972609045405,-0.110407995150944,0.319855752109068,5.632553346533391,1.910586750256953,1.173805414856687,9.235077311767506,1.246534688657826,5.501364045997960
-1.257929941819905,0.197230432914934,0.447481733963396,0.667704417812646,7.612218486785799,2.187681347443357,1.096916552138426,7.479400434642827,1.011274804841458,4.720290535851802
-5.541584028744799,-0.500639899413808,-0.085600365169216,0.347178761562180,2.876630748619575,1.521454775806009,1.093645395611756,8.704506601737657,1.467289153291337,6.522261190012661
-1.673701283609460,-0.320431615674215,0.000593042932623,0.397007273849932,4.825389317103357,2.004485981230332,1.127976653843632,6.511892629183047,1.177238124167438,4.981093217357060
-3.739031198000393,-0.680086520532221,-0.161482563263696,0.287748201849119,5.752437453177182,1.688798239924584,1.126018379781664,12.182985601636064,1.284871163290028,6.397340296260420
-2.621756070969148,-0.707959996562276,-0.316874040816813,0.203156839926799,3.011235899366495,1.622304828175035,1.151789493310623,7.462499580806750,1.311668960037958,5.672052366269902
-2.720375004651478,-0.597664840331059,-0.139547885574228,0.401184759540639,1.630248337701314,0.999418106242973,1.035759936582334,6.684894577239311,1.202503785914793,7.099781375614344
-2.667424292879418,-0.134411487900583,0.240206462567219,0.528923172896616,9.073424239763339,2.157867953699477,1.168258715434973,10.404784839847713,1.120670123816267,5.252323435491047
-0.999781403569293,0.724575338558830,0.847254653252861,0.909518297995500,5.891126855377027,2.512362240531493,1.266594991351918,5.195013513206869,1.303371542573906,6.485646703369010
-3.229319355464277,-0.463107417270691,0.016792387239243,0.455499139492874,5.606574772063767,1.615095891293590,1.136741423404461,10.006938514971383,1.232067301092045,6.569028105144935
-1.629403925333150,-0.406863600801404,-0.099457181696897,0.322552097727725,4.330572716943290,1.849008043812977,1.079160981496566,6.032738941968335,1.174155259817144,4.974410229073549
-6.480882505827697,-0.622128816461369,-0.154287637384267,0.320657450288488,0.999545903819367,0.999916901688044,1.000452771349220,3.574794886864609,1.205475919394546,6.757187618983576
-4.848364647561290,-0.069295614638081,0.271384112846167,0.572854860119491,4.716852724793304,1.963058265374031,1.188476652555482,8.040109322691656,1.404250649210494,6.146478030719771
-3.486865557918802,0.167185421293930,0.518576013010766,0.694864152058169,6.108542189921459,2.399846021174084,1.294633537023173,7.665567592287781,1.477202967410705,6.806837486578624
-1.000391715857293,0.351146522292104,0.585070538519762,0.778364473567817,5.879405848114091,1.657992466772850,1.065178681921142,7.026357621158643,0.977898872622335,5.329131768419141
-2.322728564842772,-0.621066044654653,-0.252251782499173,0.246358305320925,3.416523875294432,1.757112902875872,1.162047401442366,6.859796466962744,1.292312256226065,5.423609691911600
-3.622301992841236,-1.249891347342196,-0.860694983227082,-0.111743307876386,-6.468034047221145,-0.290770140075329,0.601726865605632,3.485113528457800,1.173831345277393,9.027735460212313
-5.367340486680360,-1.109244530607546,-0.557686832719402,-0.030474384875566,-1.601170986620398,0.242588351259846,0.819445859018605,6.218629355152387,1.407805418495460,10.367940000818496
-4.558642657313566,-0.999915776377427,-0.440152857767956,0.058778497567015,-1.754876088139615,0.638554079584164,0.871756746630088,9.742258654375910,1.461209506939838,8.335354242476807
-3.008948703134704,-0.999920228960711,-0.616490016655416,-0.006742294898426,-0.999898451745091,0.702131484528535,0.965856758151356,7.074718539902159,1.316183828223349,6.803012694352215
-4.518374686444362,-1.112418721054540,-0.583557415302991,-0.050898360303386,-2.850605458314672,0.099304755784132,0.754289142665417,7.901685829485094,1.374722270726010,9.834962406804824
-3.889565058142586,-1.139190337950298,-0.763158740933515,-0.110625223903673,-7.166896159539418,-0.183530595627062,0.605924452298375,4.889248229524853,1.283455550636747,7.860544009180814
-2.285097020925051,-0.999858310410862,-0.893934908411476,-0.299044728200481,-1.413999519788499,-0.277802661034031,0.585757526298270,0.999868078972854,0.999604120693999,5.318785515301487
-7.591057110116306,-1.217547250191438,-0.767338954365924,-0.232914881485584,-1.316863917800492,0.049046953556577,0.662110560240369,0.999778894750414,0.999780195878561,9.620660962521249
-2.980033496853161,-1.075875083015320,-0.736588001710252,-0.102255127421209,-3.198093627728148,0.164721171435517,0.823922815198925,5.692927125719304,1.258802886376159,7.351815454810756
-6.528542973772936,-1.000120820687281,-0.525012319227646,0.055608576379883,-1.000142694987722,0.270847458249614,0.771995504817492,2.141927793569199,1.064075648479226,6.937139222054896
-3.473670395751951,-1.289338398047092,-0.969272754698079,-0.193491079352500,-7.115880505755329,-0.694543976353504,0.444222220778008,0.999924238495013,1.000479676167847,9.171252408139509
-3.740646194679504,-1.187097602281257,-0.730960635327154,-0.032606683179222,-5.060970070139098,0.157405384196898,0.749971320157762,6.269317690429352,1.299201448563194,8.630981146805656
-3.513471499866393,-1.051656394354478,-0.561142702665922,-0.016510878076680,-2.322120176205515,0.481393339595374,0.841969406425052,10.957900116236603,1.338104857509352,8.009108120258905
-3.907279606807573,-1.185227210362501,-0.824858869706223,-0.253909887477825,-5.660952578802618,-0.896575890778169,0.441775757402615,4.022069098557738,1.075640845110276,10.581244802443477
-3.708000513438342,-1.013589931162155,-0.484087978301748,0.054097885817105,-0.999506997594007,0.884904638500573,0.934045312770034,11.756325923551284,1.368112268740510,7.382246521011927
-3.122686470224332,-1.142453443278332,-0.888062783795282,-0.285968186421784,-6.591597019695172,-0.989505714500063,0.421853856818225,2.868071304286894,0.999784959814185,9.133809804549976
-3.767985403005921,-1.074702134785673,-0.551982600946806,-0.011020684490222,-4.084339522820809,0.413179736547353,0.802979293705041,10.445205613039137,1.396179806091586,8.047624033219357
-4.660125304633178,-1.014743274417957,-0.578744113066944,0.009242678100948,-3.559890917418590,0.378408297322451,0.776043832316319,7.494847561682391,1.405527829917504,7.301107928321614
-3.149149827129772,-1.113173505495729,-0.774403802230966,-0.164916054859127,-4.798546396018901,-0.338356243693903,0.649408917591763,5.972087207918878,1.184606659555905,8.618081526111988
-4.296063551446988,-1.023192261449725,-0.497602336524623,0.032292286628741,-3.253061882068031,0.534637011517101,0.827741258810775,9.643508586541927,1.443976400500169,7.795696411768115
-3.539684585296500,-1.156312627864240,-0.811121393408617,-0.230091993718430,-5.771021950091288,-0.790001029990047,0.483840956458947,4.837609785081471,1.101817394367827,10.036353452766114
-2.778832414848644,-1.132962543282194,-0.940411206494044,-0.301892534453953,-6.399110728697034,-0.854576430733929,0.487241696224694,1.000228148981027,1.000310884999242,7.516714118814505
-4.565288506960943,-1.031769681754601,-0.599000223704049,-0.004993127541672,-3.997089426454591,0.315638636968052,0.757687466960553,7.320468751081298,1.396602755996575,7.355071901282575
-5.075954863521240,-1.000195555278323,-0.608836210447509,0.004117809879273,-2.833693526521661,0.337803930701457,0.765465026154444,6.460328989843972,1.370845499909335,7.064713349152691
-3.871013703261484,-1.066390567912574,-0.540767749604484,0.114511148594335,-1.000111328282697,0.736197362451975,0.937247767900167,8.660130788882865,1.342881810428542,8.198745998793015
-4.839298345084200,-1.136928225935317,-0.885463358219462,-0.199734179073205,-5.091646728440845,-0.510688576188477,0.461134780827153,1.800924649405482,1.073345505703238,6.792228654195235
-3.674528892146445,-1.170532139459186,-0.778134920790977,-0.108149831667783,-7.441128197983815,-0.162687110810667,0.622493337448506,4.962593469123260,1.275128070814322,8.244344672080118
-3.174484134160849,-0.999862350831891,-0.529681284900230,0.176982876349556,-1.499502371115116,0.342219086062922,0.876930802611444,4.972757221676341,1.208069645923212,8.230381059892935
-4.700715469183564,-1.029469367003181,-0.464263922986875,0.037891016959492,-1.581201232540893,0.529738008334600,0.860585398952845,9.054536429587792,1.451735440142753,8.992207293911445
-3.366950482164032,-1.136286740350736,-0.785710003545733,-0.196776833734674,-5.442827084120168,-0.598642503035664,0.552458191205419,5.726384187221749,1.146882341622131,9.539185716868001
-3.355652150055050,-1.251980011971982,-0.865771022285203,-0.069275064057999,-4.654894167715981,-0.422466896582568,0.596408743667846,2.210688806645993,1.060180135782355,9.110456952978055
-2.916029415464626,-1.049187547216292,-0.704505322651862,-0.067973822277244,-2.366164510283512,0.404348433488358,0.897157942323715,5.620610761055954,1.289925872227991,6.921991352990627
-2.607323078421452,-1.110745142738036,-0.907314893846697,-0.242153883198507,-4.561861416438286,-0.332511539997716,0.674538603953048,1.183134016263542,1.126086941193740,6.451905901182336
-2.975005225625860,-1.144561300129524,-0.786222179341498,-0.029836573984244,-3.797587776478157,-0.422090376216462,0.598567278977376,1.431110644044903,1.000096617650884,8.438184560338041
-3.729866840362994,-1.074263444674523,-0.552439344419613,-0.012404431425628,-3.926731940173375,0.418489845865773,0.806302357056716,10.595808747599191,1.389725292141257,8.070703350333455
-4.456450743889944,-1.001906940361880,-0.499452443113191,0.041438033006865,-3.094804327494996,0.556398050406315,0.829311061653449,9.138048885586285,1.446057427262442,7.544749111456462
-2.663357186258818,-1.102007894450206,-0.860853832787451,-0.193291273513731,-4.101299078737454,-0.119477805609700,0.749659338559154,2.191195175326967,1.187870940275722,6.579859672920355
-7.769441531205034,-1.000285428448450,-0.512934801876091,-0.008970952680894,0.533579883376189,0.840062533456598,0.956600827867008,2.392664684856360,1.250424772778578,9.651389009025218
-3.245171930755907,-1.142135372196639,-0.843550316605462,-0.246575136004310,-6.106019817390732,-0.829293608764165,0.477532373563979,4.164403291098989,1.066719214501827,9.424827022621137
-3.673513703585809,-1.179039824171530,-0.750957557455956,-0.073270015111093,-6.477929552131743,0.013904869432050,0.690098781395903,5.854108006052575,1.297599244151953,8.431056033349240
-3.423657640039750,-1.040499639643875,-0.548039230727643,0.164438448276073,-1.330618996086599,0.428964572836196,0.896597337505418,5.878345263608294,1.249975909994445,8.417029445503115
-3.050937177824254,-1.080674321335248,-0.730379709671265,-0.106143693262624,-3.369020692352608,0.095741954664284,0.795736869638228,6.264011838054595,1.250937885489106,7.656439468705228
-3.706041436730081,-1.170024670664177,-0.805470099604905,-0.131424956240225,-7.763345761006317,-0.285561473163351,0.575811623851427,4.137865280274379,1.243016918935013,8.153043396302422
-4.278452220695364,-1.030622324571686,-0.523786000729280,0.021773758899392,-3.719735149942559,0.480510131675126,0.809841709908982,9.225044109637349,1.436489370733574,7.669527511410702
-3.351816797399544,-0.999858291706603,-0.507533647996878,0.190714987903646,-0.999909595693876,0.487031440959297,0.915135152654602,5.941100928515723,1.247632376955444,8.275642962395629
-6.428063880295344,-1.154365752224362,-0.799377866892889,-0.132393983578208,-1.942384863276064,-0.217540460229335,0.589164904334943,1.642228630447560,0.999822594626241,6.476261146433630
-3.371093010393095,-1.032393726139161,-0.544255681523256,0.167872300786029,-1.362448003973848,0.409894008588667,0.892935949457679,5.680839290046749,1.241300354713352,8.384432030375159
-5.273084291787207,-1.029678627935942,-0.677708260075268,-0.035301477387668,-2.931011821515815,0.166676525734937,0.713364929056762,5.240982183182597,1.309327635556637,6.945902922087257
-6.370025800175142,-1.125979318040896,-0.574550076583727,-0.041175897693170,-0.999889720493558,0.350515552988367,0.869454614354209,4.058674540427454,1.394165716656014,10.715880218536238
-5.477462120133211,-1.089250497950576,-0.791447411723581,-0.114287087807191,-3.200041422122246,-0.144657782128563,0.605859039162845,3.315419677872009,1.179040023428301,6.707830542730819
-3.782253130862236,-1.080681387760286,-0.568414306569664,-0.012289357867987,-4.678516079599754,0.399663304457220,0.794572279718747,9.920905900538909,1.401918563528994,7.881683610976947
-4.141510876995660,-1.203187675368083,-0.835816074427384,-0.268726890723270,-5.528961694688392,-0.939355917231339,0.423701657653196,3.471819521576191,1.058238435802075,10.803357592589581
-3.200060272822648,-1.132270453066457,-0.818273935006553,-0.215678214093643,-5.692199293137545,-0.654067134802123,0.541310643430586,4.893646092723460,1.114809780458013,9.152247529730989
-3.678557510188714,-1.170457147341290,-0.735883802641378,-0.067247907123726,-6.393726263331457,0.055117531740975,0.702047708229326,6.195990101381977,1.310454847216111,8.358856000329578
-4.314160626365364,-1.159523195186070,-0.935834561849668,-0.248580620323824,-6.657826163786529,-0.745453222646761,0.366999828443260,0.628941998240632,1.000160850605402,7.021348041273563
-2.939020902859897,-1.103936313129852,-0.726278926164942,0.018315339058717,-3.371881515885908,-0.280022083715767,0.657326978983419,1.938193079677065,1.039803141732222,8.311170745056693
-3.186676391249632,-1.045970298004163,-0.586198385374973,0.140082728651161,-2.021457472817419,0.211969036791258,0.837182808900788,4.479781744773909,1.189896235792980,8.369371545232831
-6.616988694755754,-1.095064835596307,-0.679076057892777,-0.041343829227725,-1.394252681457119,0.038098982855747,0.694986398184811,2.059072965646723,1.056534489091646,6.757317289373426
-2.467340706519961,-1.000296966580124,-0.722319050768442,-0.074754143643597,-1.173536058773818,0.613244556962417,0.945795078845338,3.479278261168233,1.293940563322430,5.907435600340974
-2.591914017105042,-1.122031690308613,-1.000391034788032,-0.369630394407315,-6.278870142703570,-0.999825729711684,0.414724433643306,-1.000151641262593,0.900812541644664,6.511219719181950
-2.307832212568203,-0.903677486926033,-1.059786897216753,-0.815775902657342,-5.521056412309607,-2.189946990872385,-0.520381593894914,-6.281381027379197,-0.244613479638041,2.126351566889788
-3.057514484863522,-1.252212500437050,-0.999915285074518,-0.240394227316700,-5.594040277347734,-1.000024757282539,0.307971489069753,-0.999578965286684,0.754490414998356,8.650336807614096
-4.027700998776625,-1.179961130120176,-1.068687032716951,-0.403891606216018,-7.234318243034688,-1.278202882746052,0.089989555115476,-2.812237023351731,0.646605990169198,6.273854415233409
-5.585607731911566,-1.310412408657201,-1.137789468532899,-0.761354092090060,-4.877376235510047,-1.880317504476751,-0.360449834411281,-3.233374385263534,-0.102958324480592,5.944461784201502
-2.802851479986056,-1.129923195056777,-1.004723361194826,-0.413907091299556,-7.619444575439577,-1.426470168901717,0.235405475256465,-0.999747965592711,0.766976665844830,7.768706324532427
-3.023020650520888,-1.252235195189629,-1.110724287176896,-0.412042208082770,-6.980988284224879,-1.421102014289991,0.031397945170114,-3.497713831235744,0.463777149603581,8.083298169906939
-2.228626265027323,-0.879450638206727,-1.000122692279272,-0.690763492650762,-3.158850819840677,-1.676731166725045,-0.243317150227488,-3.526693313020354,0.081992143109373,2.981043738821842
-3.531029116841747,-1.164078598733800,-1.090419508383276,-0.656400244139867,-7.966190094899799,-2.276029699609641,-0.293709313852946,-4.019542063232093,0.180015048717568,8.052399853168543
-2.366431105527770,-1.038825085378121,-1.057924452153047,-0.540846905048543,-5.257796892001709,-1.447008663116540,0.107185533827673,-3.393601277116264,0.535145004283573,4.765375831264977
-3.469670530028466,-1.226005174900591,-1.007346987586353,-0.291240336913357,-8.864002074184185,-0.999844331867151,0.275945954142069,-0.999857503319911,0.892504035863774,8.226924307057089
-3.732320046998233,-1.097097279375480,-1.073751771019603,-0.794234705518723,-4.195498908247422,-1.762473690004866,-0.579051580472652,-4.271867559030968,-0.388154284250234,1.218428921889619
-2.809193653233033,-1.089905855338213,-1.085299817610227,-0.621865655598771,-8.368110670468475,-2.160416606608512,-0.203270281372439,-4.554667732047406,0.261759845776340,6.711047290955277
-2.712687709500716,-1.025824960296853,-1.141003149304288,-0.819979058313900,-6.497509479668911,-2.042949503032239,-0.695953828037277,-8.410644149078401,-0.537112649433624,2.842098832176100
-3.677857595397612,-1.145700669804364,-1.172485603559567,-0.644696443305098,-6.715696972786672,-1.836218671974876,-0.342319601354341,-6.310798397757928,0.024646387865563,3.978300946820860
-3.086274459964523,-1.219316367735624,-1.150124349542695,-0.500143799683427,-8.352231301667157,-1.636158458056377,-0.119737880220647,-5.267856070318493,0.326910951999769,7.288243538095224
-5.485345539993052,-1.278119202876336,-1.136055541532601,-0.801423823975303,-4.501851298750327,-1.913908515008415,-0.458799131845042,-3.245696182783391,-0.263589756735126,4.779545355512333
-4.509509790979736,-1.178295631294964,-1.149629150579138,-0.953121260806697,-5.279337633997907,-2.392471821756751,-0.832489567940430,-4.732061094959640,-0.707271716620014,2.243861322958655
-4.476206951900259,-1.202455310384999,-1.128982717478811,-0.632947456614060,-4.501754617901780,-1.603493151140415,-0.259801213318888,-3.787301129301308,0.056889227470429,3.259538726272795
-3.206932405129929,-1.006155414516392,-1.112290127397197,-1.028287218315084,-6.761836846375390,-2.787637268292830,-1.057190903619314,-7.215758447385886,-0.928302361482276,0.999782945002494
-3.388643179423846,-1.232389998585031,-1.051615323615690,-0.339097812636006,-8.917355239755071,-1.175295136833452,0.184863934008226,-2.209507827666615,0.771118324746099,8.116465138085559
-6.190525963727811,-1.333568635421460,-1.091764438177030,-0.657648842958625,-4.086474609677854,-1.479580199739637,-0.126527362962162,-2.219741522553754,0.149626684214740,6.971900632550676
-2.437374902503499,-1.071685088429238,-1.064108689525917,-0.516716683577068,-6.173369407398368,-1.468000581133824,0.142051781646677,-3.399628915613737,0.591107363462948,5.292748518149519
-3.701814146525926,-1.094102833433704,-1.094604722606694,-0.814029934896024,-4.336437492712732,-1.822592972093792,-0.612773870465442,-4.766638092740761,-0.429320736983641,0.999551875396855
-2.307974113829242,-1.014595665693302,-0.999902103062702,-0.458255798482376,-3.288162447559071,-1.000220895246750,0.286137419833008,-1.523629248017661,0.712423304215630,4.864220241857063
-5.521342177059516,-1.202866931589841,-1.075317656985054,-0.771476547370572,-3.147880288813325,-1.668016781536873,-0.450473375445596,-2.304284334819446,-0.346806797762679,3.656860471269490
-2.585875648286876,-1.079907338989035,-1.083049862326017,-0.577397532632857,-7.811759135421402,-1.895194959675834,-0.054575902156997,-4.339524404644294,0.405274375773898,5.951209176503967
-2.445796307618592,-1.076797019274194,-1.060851536581071,-0.504744281097355,-6.182545587879379,-1.430148482100587,0.166543248164381,-3.237888425407616,0.619499351092485,5.389665252865628
-4.116225439215560,-1.174547816027942,-1.000191010672063,-0.315301098875448,-7.223622675924528,-1.000246701563438,0.246731046987646,-1.000295517929115,0.857093081601417,6.852586970861091
-2.683843120511119,-0.964955122656262,-1.115627786493008,-0.913023108828813,-5.871742269956282,-2.082683257728305,-0.855871341754323,-8.745749722636575,-0.779395082629852,1.000294918949103
-4.668650443806730,-1.119048489864896,-1.081864025889651,-0.908429419629608,-3.636693542627147,-2.055174081505919,-0.790272103831979,-3.249939862015726,-0.758090466272522,0.999549912875536
-4.309648178612278,-1.178978100826577,-1.041451495659506,-0.367556502892916,-6.549151231247360,-1.131848976150230,0.165424440358520,-1.859740672853661,0.730696730258214,6.248382448555689
-2.988227329259617,-1.013405795485730,-1.116322874297899,-0.927244701258517,-7.572172424978170,-2.743728354032411,-0.847914447163109,-7.330241563001367,-0.609222187496100,2.976259709193489
-2.729837202158683,-1.116164626798646,-1.116024674579720,-0.613810998311329,-6.301850179572773,-1.742843404770611,-0.332284071297041,-5.927651786160209,-0.042810550962461,5.809528614323633
-3.205189065200464,-1.291893971045337,-1.036240264720952,-0.261671981519362,-6.431815729045290,-1.027555121557998,0.294316810498546,-0.999565265384124,0.774854715380237,8.929892613475211
-4.764868921311323,-1.225543180509730,-1.105899518321599,-0.567441061619852,-4.252568048291534,-1.451181222468960,-0.135392084586476,-2.976820265241347,0.209313732600114,3.886526298876896
-5.457047575782680,-1.249889439394077,-0.999803687061989,-0.396306922326221,-3.444361745236267,-0.999748433440719,0.166514273107136,-0.999964921462643,0.541123581245583,5.275110696231615
-2.263643485632132,-0.837938554906012,-1.019318298918746,-0.880097104741303,-4.733604417839757,-2.202827693135854,-0.668293180624918,-6.214767122155862,-0.459049072362278,0.999780352660696
-4.047440752232792,-1.154033236799319,-1.138988464598031,-0.735156424577198,-4.659801870509932,-1.787841900637997,-0.457151892329251,-4.806547227363836,-0.204225014278267,2.126245322323819
-6.642458811459775,-1.351402205788233,-0.999937794210687,-0.484863864996893,-3.748560627800253,-0.999712458967220,0.223567245760644,-1.000341537060520,0.608941993407282,9.143728580753820
-6.627679867355322,-1.254739660040156,-0.999915289823186,-0.567001703804504,-2.313969987073209,-1.000043353430754,0.017313831426099,-1.000295618820468,0.202635654668061,6.525514340446382
-2.785780443262865,-1.160107751717170,-1.067875719568305,-0.457407899174554,-5.767644344954619,-1.466421742653872,-0.066000559315972,-3.944256813598738,0.296125157771507,7.144849851521649
-4.033233022922198,-1.201692737433924,-1.135571135679092,-0.776835891222807,-7.307362987071567,-2.428434007351759,-0.497548706231574,-4.915748786250974,-0.119291568869170,6.807374085171736
-4.350448019664867,-1.186096627456387,-1.047754454620897,-0.624825519244226,-4.000125302884691,-1.484682956432098,-0.262603443082527,-2.712249203139891,0.016210539359709,3.299693215451804
-3.130597817420068,-1.056174463253955,-1.173038629248743,-0.828653937313434,-6.369380437526230,-2.097497265388027,-0.691070210068559,-8.274804144064275,-0.499223708239636,1.896032933680240
-4.856604754903323,-1.163631492648453,-1.106839367130042,-0.897025577265430,-3.946871215787733,-2.068145939053898,-0.733315213642977,-3.401956212517803,-0.663901871695651,1.848537268159024
-6.171457087046551,-1.344035406337590,-1.090535397185605,-0.643024798743127,-4.305291099123649,-1.483052961879276,-0.094590531660308,-2.229315409840952,0.211917321896554,7.420715570545479
-3.380418836122540,-1.141471115399680,-1.172207325969427,-0.631318887569261,-7.581760656803607,-1.867095254407386,-0.340749318210778,-6.839397564975037,0.041560934669890,4.680527068953091
-6.097452957198448,-1.329200906434566,-1.100642066456147,-0.677829130952551,-4.172257133853081,-1.545859635423447,-0.171012931185518,-2.374494660691754,0.096432312858495,6.722677227972996
-3.570410546341693,-1.172187639135431,-1.080937375586638,-0.630584540552322,-7.914570536770187,-2.210107251910646,-0.242862179975054,-3.614982636707829,0.248026278671066,8.390131813868134
-2.679962391110158,-1.086283407728520,-1.101376926746524,-0.637889804572030,-6.017940438050639,-1.748843385990374,-0.375976413400908,-6.044908281594189,-0.111484796513991,5.388769102889946
-2.483008041121699,-0.666586419495127,-0.817993673406095,-1.172448464350964,-3.345600799646200,-2.134647378975844,-1.446807683569287,-5.220944316761414,-1.655775712608953,-7.409080360430715
-2.501394580283862,-0.745966800286153,-0.872386420377812,-1.086859730969069,-3.150206396643537,-1.680416347400565,-1.148348554785267,-5.719666803307277,-1.241385959801532,-4.176290010645039
-2.362148981975312,-0.751888067885708,-0.900938732013955,-1.018263805691366,-3.603028566694714,-1.697220114112864,-1.030442805866745,-6.851044377597853,-1.102319329892788,-2.185786466885097
-2.295543706417345,-0.573792362866799,-0.708413614937130,-1.133686917149299,-2.474252116298292,-1.788193535440872,-1.371316000177302,-4.243827633749206,-1.596870909171501,-7.737358051079959
-2.368959786355850,-0.593930459785573,-0.720031563779289,-1.130685242574372,-2.535613730402376,-1.821105506291474,-1.391752184145004,-4.083063017147992,-1.628902077555302,-8.185530274313869
-2.949784319023598,-0.803583103049064,-0.924990197321813,-1.139653437806015,-3.774293482895940,-2.323067598353795,-1.388781634289085,-4.938102997329255,-1.551130265694239,-5.918096758997602
-4.163226828785097,-1.068098048911493,-1.084334707400572,-0.999932231035319,-4.196469814810563,-2.307385145650811,-1.000082397307486,-4.168145200752674,-1.000219916684231,-0.579773283338606
-2.277500163370066,-0.669646154529094,-0.793003958423618,-0.999813130400426,-2.782754974958101,-1.447968752106577,-0.999863259600632,-5.563106748144381,-1.079828971996624,-2.823268211393873
-2.514183996094596,-0.676822213419400,-0.826614873877915,-1.172188781288485,-3.394126706149578,-2.155895482900914,-1.449042240408711,-5.217577449190818,-1.656605983953455,-7.373094457894921
-2.172908375402605,-0.543959204430153,-0.689964836475509,-1.065992814616197,-1.964312933828244,-1.646734013957740,-1.185310094427918,-3.818348900713723,-1.321392690494440,-4.971408321084959
-3.312201351322430,-0.953992811638779,-1.062276823682043,-1.117006162135519,-5.264392056988242,-2.643912637714444,-1.265189135181788,-6.189412030197648,-1.294152426575552,-2.400977782982604
-2.521026764462047,-0.728049139627749,-0.905616172087075,-1.179270025545769,-4.299731264749616,-2.404812682314617,-1.418621036150613,-6.525947558790538,-1.559758936970899,-5.677271911958266
-2.302342564500731,-0.604024789396606,-0.664794242219620,-1.009147345102970,-1.979983632305074,-1.188190195439581,-1.046039185207512,-3.142570202666621,-1.117601235108777,-4.601475991017870
-3.858259003359811,-1.014457719479596,-1.060986023905918,-1.040795836209332,-4.208773295895376,-2.369923171603209,-1.110965482810810,-4.448175683082995,-1.147375891808798,-1.795185533937138
-2.728406000129002,-0.821899510005377,-0.889811581881526,-1.000050644581925,-3.223383847646909,-1.655515067341944,-0.999798602349487,-4.468003677171084,-1.000094050235920,-2.718253374166827
-2.591668332320838,-0.865171878311977,-1.035266897317928,-1.028228020062422,-4.676325612963409,-2.001849541327759,-1.048744480082752,-8.209332175549614,-1.085040487768427,-1.659878308771503
-2.178637297877225,-0.477210335474593,-0.549992204534710,-0.999630884389662,-1.327133044162859,-1.223008589728254,-1.142837063827833,-2.179252118092496,-1.348320479592605,-6.910457279271268
-2.257905247855024,-0.628471209733856,-0.741759742794335,-1.026660869573017,-2.418261785976648,-1.351387635841154,-1.047507758351184,-4.985391895017981,-1.150960454405502,-3.868271106080477
-2.400163203907645,-0.728345289277904,-0.926579419087774,-1.143341645217746,-4.589393034151862,-2.434988399898038,-1.310146260226829,-7.094632202274232,-1.385826357673234,-4.224951700072430
-2.701410011100541,-0.882337044812195,-1.053593864196947,-1.072935927700236,-6.332239957432378,-2.739123406546451,-1.158153319001805,-7.881820893613678,-1.096035086734519,-0.999503604873411
-2.682494726896307,-0.907375406557996,-1.074968814930343,-0.999960735369355,-5.068510007123618,-2.065101820382360,-0.999752858536533,-8.476976159342186,-0.999637742832744,-0.999454654626638
-2.227934118848740,-0.705470483992752,-0.909138567621596,-1.030290250779878,-3.708865018875084,-2.186016060714535,-1.031084956556668,-6.103458927729132,-1.000180216930769,-2.027943770097048
-2.167799493686624,-0.621310886611853,-0.801763938523829,-1.000015502519190,-2.297903374571083,-1.851252037958823,-1.000139532006229,-4.323327601639718,-0.999907898308767,-2.181315577642081
