1.746868162760693,1.072154254124207,1.051342388028230,1.042122129823672,1.727571581237514,0.921437854763821,0.666352308728374,1.603189331644515,0.567577729761628,1.352043148329473
0.892634745820514,1.078028116072185,1.046898026759163,1.024642563661742,3.866670776188585,2.128797213120127,1.043828538064936,3.198889620872447,0.947506761516140,1.582118367095847
1.160059156805401,1.100351784353872,1.066393950412218,1.040056535917903,3.935169600492185,2.302975604068729,1.085963515653633,3.004137606730459,1.016623165970446,1.732262724680929
2.172307774703394,1.272835574733263,1.184971779281547,1.126480729187440,2.912208913252372,1.773417172531357,0.865896130440154,2.240667843242909,0.791415134829373,1.528550073375512
2.569764988067595,1.347973212921600,1.204890984955294,1.125613961636538,1.468293965473954,0.872599988843312,0.567550929333572,1.440295213176662,0.539620369319724,1.324108251963246
1.555759284796326,1.217621956760971,1.143305273038994,1.090090565152727,3.295489898654033,1.868166335502351,0.934180549373819,2.715685035011615,0.827280691483278,1.495751814323531
1.689971696133910,0.999845224822553,0.999708456163528,1.000300674030365,1.998381904181455,1.366493883152365,0.715029592291696,1.699680678694998,0.686176261810863,1.487818677863517
2.522766039689269,1.116612646095544,1.065100746822393,1.043287131031052,1.521009376882011,1.041423672192470,0.593797175228919,1.452183206858583,0.570033371513623,1.362689925701401
1.594134914878611,1.171643902613532,1.110977683664603,1.070097007325732,2.614774095780211,1.570667553777355,0.834923165784886,2.340186859157829,0.733058272872211,1.434793085191239
2.054747563689061,1.244949853701041,1.167179212094659,1.115255242761689,2.943581197291033,1.808892809384911,0.880146429513527,2.259720479594948,0.808461573844950,1.551887760794759
1.524673903343236,1.145331896793394,1.101272044594774,1.071478815869538,3.292878063066741,2.044612595958625,0.978698341036982,2.506926355322100,0.911332854814214,1.669126689299409
1.675880194997353,1.094473466716574,1.050369016766530,1.027807225430789,1.927091685824891,1.263782712452743,0.723677974409085,1.929120240095866,0.641527372151943,1.383486381825414
2.203552143316326,1.370183629039980,1.232824706143760,1.152403212776008,2.253985132649777,1.195902952588462,0.689513291032889,1.860525843711602,0.618904533476575,1.369895416889363
1.734631246339478,1.050598181413163,1.013630757783419,1.001341282417167,1.626107130180945,1.121771228707010,0.669108464966739,1.740723350591273,0.600633155458886,1.361435666943085
1.816554017281666,1.098445123673211,1.069201561702778,1.050897155556773,2.382759260529119,1.567745239589475,0.790552502365465,1.918889314388483,0.744348253107701,1.529201682138803
1.796126514372343,0.999816118504101,0.999782421587331,1.000128074292343,1.039706644166052,0.664021699686998,0.561327047231949,1.277212103985980,0.506403034927027,1.314457931443520
1.882165196957541,1.319090367102199,1.206705337744065,1.139890082076567,2.645136219208352,1.320742079298790,0.748045162826903,2.052287233355961,0.646885500580036,1.389363668134703
0.999921867700059,0.999789471954587,1.000421233025322,1.000457479631288,2.320679903993778,1.702701531637038,0.879208029494732,2.713183339609452,0.918653821227391,1.632417967986652
2.252920493025834,1.251043063484528,1.158890757299727,1.103563720019955,2.262742786252828,1.385771798457946,0.745170808650606,1.994368944791601,0.660643863593621,1.392840176973554
1.486528487906487,1.036817952333870,1.010216658554615,0.999756901846086,1.796344331502597,1.217868705508632,0.713553513949234,1.890867825113359,0.634332658686267,1.381576102804668
2.031238671072113,1.215768091619687,1.142145203256879,1.100705663253603,1.875341206250020,0.976301265155363,0.655522059612003,1.624849196948541,0.565205725612792,1.343587237322916
0.999668695936769,1.135387921130473,1.095770741369297,1.066935294071795,3.051275591716106,1.776205858240304,0.895787902276889,2.772713733017619,0.851454175719022,1.553865251639991
1.000335207922664,1.000360447040110,1.000144935066836,1.009413616730761,3.123641580223029,1.439163275633126,0.863809529184707,2.372182218132561,0.702867380375762,1.455768161482634
0.703804495376821,1.000216338695677,0.999961762694532,0.999818700818335,2.877569778087149,1.726023142866022,0.924548896888897,2.709373010546748,0.819871799537429,1.495428372039252
0.844573608358060,0.999449362185947,0.999696858483675,0.999990094920270,3.858750259843591,2.355847988550389,1.117103548510688,2.970572559955207,1.063147433574983,1.829041639275397
1.252118115357649,0.999985710360878,1.004068011254808,1.008611878648156,2.690832856873284,1.789022375861982,0.884716827895504,2.125058999874867,0.837312343027572,1.643048053992149
-3.122845334667666,-0.382862910601105,0.088431203560627,0.457162615827070,3.571037298856509,2.199104958602235,1.242183536483687,4.798764681423420,1.269248791426501,2.265195975046687
-2.431062501518350,-0.833726891866195,-0.443215053480241,0.080101998152889,0.999924226776612,1.113970852413884,1.023763833756648,4.059237421449192,1.284760494615232,3.039557674301877
-2.531374729001325,-0.429060859280015,-0.079462313678388,0.340226996332883,2.414700156319839,1.651066225629813,1.098503004736568,4.111769353176578,1.339967739232903,2.070443204047376
-1.835343391986475,-0.109750920689993,0.210514989918551,0.479289417747923,3.351395779248874,2.283472306536400,1.274864593322051,3.722476088675106,1.468949760808106,2.576722237281721
-3.395379868886840,-0.951425714451687,-0.581780032513390,-0.099975139748610,0.539489013289414,0.999991354423239,0.999889462167903,1.393326349657581,1.259114892874525,3.708899364127493
-3.330018775960068,-0.715070607931475,-0.364916967791644,0.223621466644522,1.000026175500680,1.000324144516365,1.000063375162728,3.118520402034686,1.259774467297434,2.155378252341515
-1.550960206601448,0.391781205728465,0.631673561370921,0.789503482732570,4.200661984240043,2.326034119516875,1.169059843542869,4.155141557315682,1.114362425883748,1.877738745267747
-2.989725441662764,-0.453837589287281,-0.117802600137656,0.246022737572071,2.353039388578454,1.869149829283845,1.181383455428312,2.265751166529439,1.270699102648796,2.996655094811102
-2.655924227691248,-0.302526057961606,0.031753580710658,0.366952950712916,2.534165121280810,2.182912699228125,1.303522275391492,2.660832085843702,1.429076823156891,3.057773841975650
-2.853187384163025,-0.655410916038931,-0.214135922350302,0.209607579901127,2.737543201967365,1.723054685705798,1.124870405665122,5.075823654535660,1.229340214603335,2.526844500656224
-2.029858142485212,-0.087387167250636,0.300043213216574,0.608194017958881,2.449400013159287,2.056517880756933,1.181790592191634,4.022396740425020,1.305966750697021,2.270386430051859
-2.430795877113386,-0.739151784961840,-0.268755563114028,0.172109175677066,1.060370589974344,1.329484367511550,1.022643186952573,3.922058377928137,1.427522712835225,2.610088361112899
-3.251203672184271,-1.006063588789690,-0.438758511985791,0.076288843781579,0.564167556718185,1.266676834558056,1.005129969600645,4.985534579781333,1.222925449437504,2.496986256938863
-2.540523901831024,-0.534637749471967,-0.129348545839006,0.261948475686072,1.882687934532388,1.815616956666151,1.229237976074278,3.126177552730151,1.546026301968090,3.149270900554928
-1.217581113329788,-0.139478191772480,0.153061763945692,0.461634748813429,2.884022412931615,1.532676498570239,1.106518064673186,3.384145422372341,1.056511976464242,2.117799007734412
-3.193004502596628,-0.984112415749811,-0.426013916341934,0.076115918582496,0.599802445988900,1.287093563030739,1.000063395815856,5.189021914203572,1.224068671734951,2.498850110365941
-1.966052409134861,-0.637869089295535,-0.275444624700266,0.194882694232310,1.769686331370591,1.258489083240998,1.083623600218849,3.610767220074858,1.228754014213973,2.746195732138679
-3.245050926027338,-0.735200120947999,-0.350883257000584,0.091082083192893,1.360151573764242,1.582878659191709,1.187708685022700,2.061445755633700,1.415241047603603,3.556236718030983
-3.556368454072930,-0.612703921497793,-0.223263604887172,0.321117027131952,0.851432784669720,0.999916101730565,1.004597640036021,2.792741430442658,1.160920261373089,2.042618817825003
-1.474950278469166,0.087604026431394,0.346880459078969,0.577123460728844,4.235691962406306,1.946419798888134,1.149097037462655,3.940785286076814,1.024091448155441,1.941850307516509
-3.279910022187818,-0.610142282082020,-0.090074734944800,0.358968851677923,2.599203875949164,1.941492128408284,1.217156708706221,4.533257284041080,1.318989575500329,2.480343392905293
-2.092700817936197,0.073716378808646,0.365981094914674,0.583405567971563,4.977987211174953,2.243003499215980,1.187783955754376,4.535878481462254,1.053731412240414,1.905986345946289
-2.440084047592214,-0.538093094203021,-0.050722052664957,0.395267443472388,0.999767358566201,1.609958966730927,1.127419762096536,3.618574219806900,1.381550539979621,2.629629630292322
-3.310478733396825,-0.591489345873921,-0.074026013214943,0.363874870401277,2.817500861547355,1.989924664783602,1.221842798495606,4.645668129809748,1.305676047485033,2.434732740472250
-2.636074874902208,-0.151857757292959,0.213689536737682,0.484298713928462,4.832102752906017,2.271946769943928,1.207129387421449,4.952509267808457,1.114029128979883,2.012878109116526
-3.250596498366515,-0.413741648241251,-0.056358092332874,0.412812276381601,1.511487717930949,1.288075627679967,1.058417472804011,3.170969606684581,1.173772857510495,1.979755519742512
-2.767090840013769,-0.936380612819906,-0.405770925535752,0.161049780121471,-0.321548088427481,0.999988792141101,0.999955939809951,2.893029461749085,1.340710110396707,2.961925048576912
-2.634494822508992,-0.016138363372583,0.344681541851534,0.591661879098341,4.794058390439367,2.404208186519131,1.229501698053308,4.831993150195919,1.145639206354390,1.971248968926588
-3.115560727738876,-0.337247153663426,0.121500317956772,0.469089152643856,3.902728529056476,2.258251715517899,1.243250128049052,4.907584151469979,1.242683410685382,2.197105329189601
-3.423378874263307,-0.600417508201823,-0.238800979001945,0.309058498640835,1.211406640573546,1.113755993782895,1.033952189615200,3.111410699159621,1.219965354015437,2.077378387135767
-3.275555514801266,-0.665618889656058,-0.317009291433827,0.250337350815227,1.210011519004327,1.096753425579381,1.021090497745739,3.254456832029262,1.267587609020639,2.134979215490261
-2.542066837554703,-0.401316198609226,-0.030506164741819,0.328973012647344,2.267731176271309,2.079068815074150,1.306820592366613,2.957096120544429,1.545767196273259,3.177964846832802
-1.000331107028673,0.470356384213399,0.683363541820980,0.828842286101787,3.306220435431816,2.173451432668313,1.118683838686339,3.790010976863518,1.136729802160324,1.908892379616385
-3.385563218238930,-0.855571653218527,-0.503392281885320,-0.050505120669596,1.236562941982254,1.176450042448741,1.010630497994315,1.578510678997112,1.185648114351116,3.440165676892225
-1.018394877907053,0.397106399438319,0.573966692997852,0.726760211172001,3.124723652828265,2.262425541208558,1.159762372795875,2.605088680257070,1.154165825579446,2.212852623012155
-2.726617412749259,-0.610583091395529,-0.201711313525432,0.213627036410352,1.535818362479921,1.727116200452707,1.229974818628525,2.808606423162352,1.554498309803379,3.350453393709588
-2.890426700376808,-0.236083760978497,0.081861070523167,0.485395921246565,2.139375514005758,1.534934444727768,1.099808087745966,3.497814356718390,1.187994675095921,1.930864682753197
-2.359433964504005,-0.504486704031243,-0.092209840628965,0.284129522265373,2.132582485318457,1.800356063074706,1.184030599675253,3.571498053513300,1.506402585835327,2.853614275511987
-1.000215300217423,0.317022165339251,0.516699204597800,0.687402303248556,4.285938314990681,1.920678721613397,1.111245392416230,3.640377851698792,0.951465720972741,1.793546862251118
-0.735102289676016,0.495182468298180,0.648051553146077,0.777899066268671,3.508228750091600,2.465650724127109,1.237549488230475,2.941384645029212,1.243298682240141,2.259138733555783
-3.400984910615243,-0.927264314933293,-0.560940996688505,-0.086182685944548,0.730295051213221,1.058905040179236,1.008682720605679,1.453092507896237,1.245988737361075,3.648910606313925
-0.999880092682892,0.324673848887244,0.525573825971307,0.680987816423598,4.142819883094290,2.522953590973400,1.275601742426126,3.780246835607628,1.354899872486291,2.226314012944179
-3.129494541507585,-0.439944663049525,0.044915321345289,0.437990655934475,3.198058996906579,2.121508561447606,1.237344545192204,4.673654575482052,1.295143924050143,2.342568292041655
-3.201171308485649,-0.937036492586730,-0.388852876738456,0.184124278824721,0.562956936139825,1.267669359302007,1.092144328945152,3.475404782731810,1.342534313471827,2.896242161001862
-2.773602473551507,-0.097975465416532,0.280152254586096,0.541698773829593,4.871594854409818,2.384311579276223,1.227805838824785,4.968589270144273,1.139121988271446,1.982387772326355
-1.044570828934947,0.517363654688174,0.655430424909361,0.795592032778762,3.496743049905225,2.029870095332888,1.112542861403876,3.637765347662548,1.068292257104169,1.695942373215699
-0.999498604149511,0.541315685545565,0.685861550272688,0.816217550798085,2.844514929285325,1.797753107306000,1.035572314346203,3.184639145106297,0.968642589656965,1.634985769751230
-2.429766031971498,-0.749337742501364,-0.277603498747654,0.170887832085763,0.999761922602709,1.297566833993286,0.999866068102411,4.032477949128462,1.399360941873160,2.450721399063967
-2.254347231533635,-0.718134235197966,-0.338264115535247,0.151175961049638,1.658795557617988,1.273508975455461,1.075641135726614,3.948670226978570,1.260752455526768,2.860490224734334
-3.082038943064435,-0.279160937697214,0.159443516613619,0.477872326673015,4.352375428030169,2.320477975954128,1.238785332242450,5.046065715640228,1.200220350047788,2.105743638405789
-3.457828629577851,-0.902545995361626,-0.336991328243150,0.155013537937811,1.740468141008139,1.585460510580061,1.098189739245304,5.017732760790146,1.237798108088266,2.443383517493195
-3.513688562738952,-0.921358456424572,-0.355045977259030,0.174096042302640,1.574205679454590,1.530639693190379,1.123273114054009,4.453004104467873,1.275130394263563,2.595971639123437
-2.244229669206518,-0.313215719846225,0.031166665020209,0.389084398311191,2.925250341740540,1.859842343562931,1.130500412991143,4.291064333238921,1.353166395663244,2.066068229495996
-2.318628198860578,0.058409808022401,0.351028811298586,0.625657936798111,1.734420393816900,1.442903438032104,1.003614832726550,2.880114768639672,0.991597977708755,1.736151292130538
-2.828233429931498,-0.235064743938402,0.159284402035063,0.450015674488644,4.713465631018418,2.270814673279267,1.210364614737306,5.096903512092361,1.135069018742919,2.048674159354820
-2.369935697657436,-0.863788160732733,-0.483272345201412,0.056324594248386,0.701800006492423,1.000506078906765,0.999666220104428,3.848358345919139,1.287729410786455,3.123495639187889
-2.505874849295706,-0.535479218657035,-0.139522269158072,0.264977688384022,3.040380146466280,1.732651783044921,1.147620168487447,4.641074379470303,1.212235115345667,2.495657174124808
-3.442161060475114,-0.715599213321225,-0.182752635656313,0.243523150815119,2.971360887984656,1.919339549899462,1.159804400854546,5.350540598620973,1.223418464109658,2.302088506660992
-1.174288636998841,-0.457797245464609,-0.124673925073134,0.279063833439450,1.241152294478616,1.000129415044219,1.000111100507404,2.672042678773558,1.078560804318353,2.347121176648148
-2.621698583641095,-0.329036872419402,-0.011143328946589,0.401161663781916,2.595291635601006,1.689353183496994,1.121805923784293,4.029583664039343,1.305409576585464,2.014055704480231
-2.948768369148217,-0.221752230386353,0.138176128995762,0.510196974704240,1.247522005047196,1.261357007873337,1.000395598617165,2.775919784097393,1.037844850292301,1.833073818931465
-2.641667392183113,-0.877754409069032,-0.418831115308937,0.070906349242405,0.059000305539255,0.999855442122017,1.002882363788498,3.004713734863357,1.475048065493636,3.266369261712861
-1.324459186934759,-0.115822707213063,0.259602616003248,0.566689763573508,1.000642676991802,1.667594647641335,1.054377743975242,3.329605106241647,1.309627844901788,2.315845836813828
-1.211435441784662,0.173710341857042,0.408444845596411,0.618174536124165,4.129902260562750,1.891739234907787,1.128968628627137,3.735068408968152,0.991428533585689,1.884020782930414
-2.172017080017856,-0.413348471946798,-0.015745722841107,0.334828567978568,2.659227636037948,1.853458058222123,1.136168493107381,4.172660121101014,1.419906407664919,2.344248571105683
-0.126838185978268,0.806128607301426,0.865987699706648,0.919509635346936,3.269756328098909,1.918092257301005,1.027077713041390,3.177806582609118,0.937603876452349,1.583194140824769
-2.552161135499117,-1.097006677186010,-0.613954469223655,-0.056984802475451,-2.301743127342012,0.411132676883193,0.768890492952022,4.541261150149617,1.237705029387453,2.973706142167966
-2.455847259263864,-1.075711460609803,-0.564373845757343,-0.005148786402327,-1.793572910930026,0.473568331582123,0.781112974605633,3.523350335699642,1.276622080409118,2.498702477487721
-2.444026994499471,-1.019398016001009,-0.510094033729214,0.016840707625069,-1.265121332005159,0.611937840312858,0.831362117789985,3.771087343249805,1.345821451173419,2.756423595000824
-3.383915466424982,-1.000014308411185,-0.631634908650407,-0.139179843070229,0.199369670083099,0.842242725646490,0.956947492261446,1.221653398053839,1.245425236497890,3.780220097614520
-2.908631762144616,-1.076735086111571,-0.674581008551355,-0.126713024795131,-1.449598282943648,0.323362872616851,0.853435608780033,1.418762850435726,1.378584402608191,3.917222777313498
-2.959500626061382,-1.037822246677132,-0.502531226478197,0.100100453559141,-0.468163424056001,0.869117540902350,0.978700157070750,2.758959424983328,1.310663471527774,3.046394195416482
-2.395011965602837,-1.012544730507170,-0.654368931596195,-0.064874325901866,-1.000197581619839,0.490046766017117,0.840171607419502,3.514508807099677,1.278186068283026,3.450830707992206
-2.620118648681440,-1.080044135640442,-0.653775195522722,-0.093452919444482,-1.939917623466503,0.185232257940012,0.786633234656143,2.199042532099580,1.367439633583276,3.635046809657011
-2.768968722845356,-1.158566126605967,-0.874871467353904,-0.159846353816270,-2.434781977051554,-0.432777671901549,0.539790790515301,0.603948133756077,0.999671699803739,2.505133064203283
-2.690669374372425,-1.120483686276817,-0.579842780611744,-0.028519314947000,-1.911445447148336,0.584628728662278,0.811792358189520,4.557687080868589,1.218260635867339,2.657609871928332
-2.590313435894688,-1.000179736376700,-0.547262027763867,0.029486781387694,-1.000238781295407,0.577942054396279,0.818608804964623,3.097965124553675,1.280367448512116,2.377732096694324
-2.307249787702283,-1.078524806236303,-0.752538688052606,-0.143722120300115,-2.455351958669004,0.019896077314444,0.687570193914939,3.059518401383711,1.230775177985402,3.633347874389484
-2.628425544032850,-1.067159589456096,-0.593728698199725,-0.043090635890456,-1.769253217348484,0.552317083358121,0.809272925428735,4.677071659083355,1.245184787709322,3.001823455984676
-2.487375021316687,-1.203039613600168,-0.773138009037404,-0.121994165977903,-3.124706036937305,-0.177295105887887,0.620561130122375,1.701996854112052,1.105162133271227,2.656466241856005
-1.924820635214898,-1.108556476266951,-0.908177345741451,-0.273171108510825,-2.648473668534736,-0.471034362306533,0.498915193708483,0.999470866188589,1.071276258837273,3.814401633452492
-2.766954485832035,-1.248376320365757,-0.763415209644434,-0.112266213125901,-2.595729654432609,0.044308886580199,0.711390392141818,2.172007572557788,1.101389549038624,2.837047178679206
-2.224030042774496,-1.167970389404813,-0.903930611130031,-0.304416313859909,-4.636698475021216,-1.039007981980260,0.367541047015959,0.719464184783831,1.055746102769975,3.917460159200409
-2.126441769570763,-1.143439808047943,-0.870943412983188,-0.261779512266912,-4.684017347526944,-0.883541969780062,0.407661094167483,1.564926371208112,1.093021430146333,3.827181419998294
-2.202180117449777,-1.111624020536070,-0.811036149078296,-0.198421362216361,-3.686631827579697,-0.402592460879856,0.551444711056299,2.576171171876627,1.171295320622967,3.722863625979398
-1.894874277600171,-1.017529709890494,-0.728328973425982,-0.113184793418880,-1.000222242096775,0.190234963429729,0.763468756943806,1.968663349491663,1.192627119050784,3.504619202832910
-2.487792034842357,-1.209660682262143,-0.782587385162377,-0.128437013481508,-3.183288202116030,-0.207720167392038,0.612753702126930,1.620637659303956,1.094703928040677,2.674518776397673
-1.952418664165376,-1.116467074533170,-0.950017057252168,-0.328644699757514,-3.889718759199868,-0.872429933368270,0.352369200382255,0.698106230578358,0.999908430386685,3.883576512079379
-2.732294615291783,-1.006191715180868,-0.604788981888792,0.013283925587767,-1.003530706142592,0.441618293581581,0.796109566406848,2.600310933147814,1.244950228853972,2.375254932204396
-3.811034933789009,-1.075120005806692,-0.684115740968358,0.034683159599614,-1.000134118217987,0.011444793597288,0.747640370223787,1.273656228302938,1.026050971735878,2.157470148998717
-2.926708601247116,-1.094567150175227,-0.537768389197180,0.004228320404089,-1.000106621332402,0.841493631290436,0.886016408153417,4.716626752765755,1.213648932021660,2.581554182812265
-2.464821159892578,-1.036531279211136,-0.547518331036585,-0.010676175090835,-1.512533259220239,0.482995511044499,0.817963387693068,3.460675256941386,1.361160674951889,3.028613693726324
-2.957979143632364,-0.999971547979488,-0.462741230066909,0.128793699350121,-0.277909842737549,0.965621557335156,1.004887235741510,2.904321840837087,1.326966177836462,3.011114962381895
-2.674538879723360,-1.108103707994832,-0.577120828252799,-0.029628750409643,-1.897246396383767,0.587751328154203,0.811127276259581,4.674815487612581,1.224678785503814,2.713270771147094
-2.075334030660170,-1.129399914377481,-0.888445418782552,-0.275861611220828,-4.634620185270105,-0.895230738232141,0.388548027191231,1.488112934886882,1.069156388687678,3.852314834478979
-3.169236587753543,-1.084096341396373,-0.701592804738560,-0.171134509184325,-0.999416484711039,0.446057938116628,0.880279221372263,0.999780008107740,1.319442525694210,3.997557696503339
-2.558886765789127,-1.065572106019224,-0.612866285345625,-0.013547909107531,-1.651470646977847,0.366331441913088,0.762839067018245,2.782948299490831,1.243660996116761,2.435471722060544
-2.177013470435937,-1.159134244776931,-0.891619422505330,-0.287750301165427,-4.704381906445112,-0.997535655950655,0.378542097068642,1.029653511589804,1.070050171180786,3.883658757544026
-2.716454051962648,-1.056169534911404,-0.533924048501180,0.060763594398915,-1.000303914508669,0.654730764347828,0.894786307834695,2.367630051448167,1.277513208519345,3.055951565069313
-3.836175481311502,-0.999841069056750,-0.549197430164282,0.108952857806349,-0.999804931465300,0.154927396617628,0.775225046954170,1.341786284877986,1.000027604459798,2.079337787696458
-2.338106697617545,-1.205784789704395,-0.746350533030231,-0.174378418618403,-2.327784473710908,-0.183049278570493,0.543991273558123,1.000141574143544,0.999927419267537,2.982154075128601
-2.671362400151926,-1.277037509576170,-0.843417562139197,-0.166826335654043,-3.089634547984413,-0.276853943119443,0.616519912943098,1.252846108010469,1.023816189105092,2.932899219557552
-1.557081540349106,-0.999827488848696,-0.744674134170901,-0.170564050693471,-1.276540130101171,-0.095823968107690,0.591324502791421,1.000142861570816,0.999968641430586,3.242830644146689
-2.465835355099672,-1.135043058502739,-0.610918846319090,-0.049998143475092,-2.626749131631823,0.335606683780187,0.744660444452064,4.164395534030142,1.236772356540899,2.729307864774716
-2.418322776470513,-1.111900270839935,-0.671121197069544,-0.097948389811969,-2.714636778054512,0.010310552254703,0.703174283479802,2.866699102965104,1.308436540512857,3.391041689701177
-2.456657398885453,-1.141301275746341,-0.614260870848054,-0.043173116683476,-2.529144791098073,0.323161897463317,0.742278332276180,3.686618217087542,1.233168617347512,2.588132487440615
-2.426901987886721,-1.000263252657005,-0.632908272788844,-0.050448440620206,-0.812206284892041,0.566286215577229,0.861056947181312,3.657019851476082,1.282483259334571,3.402215238011238
-2.102493561882551,-0.999727847328675,-0.508926264953977,0.014038774637554,-1.671004783535794,0.345360748034257,0.714967807506414,1.803352257776129,1.179625452161389,2.845252048204300
-3.681398784369302,-1.130575889739164,-0.793824751308628,-0.042131985564374,-1.208915053496450,-0.187627126662761,0.678826526335279,1.000053824922839,1.000274715996685,2.198648888389808
-3.262555983969291,-1.155921613120773,-0.838692568565670,-0.335808528292001,-0.999696965355194,0.050401401714159,0.662304053858879,0.260066016105721,0.999968599215331,3.793604171734823
-2.935325312931258,-0.999637499089516,-0.579396884781598,-0.053054382437161,-0.731948120458837,0.676018916379693,0.959894310989112,1.815762905348685,1.446106512897956,3.813776456196099
-2.615000561460703,-1.233581263857066,-0.757117119394219,-0.114088663722257,-2.956130938708637,-0.031829272989297,0.675733707154763,2.169305284670554,1.108325354950414,2.749802465998085
-2.575561033570547,-1.042524324961408,-0.591226493445668,0.001487768887011,-1.413020535265981,0.439311128836005,0.782522120230962,2.882516529204621,1.256766125814677,2.412993641637154
-2.895288661612806,-1.316857444202820,-0.880541823771573,-0.184607809742560,-2.528929539244711,-0.239319907210409,0.646106516668776,1.000122937646149,1.000202779619610,3.163604927744985
-2.773871205361041,-1.307188931093842,-0.854617934655931,-0.196872360373687,-2.265660751686797,-0.212302932510835,0.613641277427555,0.905660088098407,1.005368854596611,3.245753234255985
-2.478600102249424,-1.036883612869109,-0.534980513876306,0.017049652418547,-1.372665584866893,0.574767225080863,0.808165980659535,3.516373412366579,1.293113808432680,2.454396566199070
-2.587594432420348,-1.249755351103130,-0.803316545336838,-0.142828507189477,-3.174883834942676,-0.202137270023698,0.628613427740152,1.619780614534317,1.065579325021144,2.808437587331700
-2.487618711409299,-1.149418451502808,-0.617723088259121,-0.047171796103508,-2.576994547272437,0.333472063238140,0.745620794353273,3.833064937625857,1.223397045047497,2.610639862797037
-2.935689112374534,-1.079209591102864,-0.524963984345338,0.010019698735045,-0.859448541226065,0.887407045654763,0.895208558802194,4.849284559532863,1.217538165863295,2.586464124305184
-2.293348375546564,-1.044193364640462,-0.717010996348049,-0.108358624987039,-1.508626691700089,0.262360365636772,0.774994729969571,3.031615519689352,1.258060942039204,3.587544733685667
-2.016760268938017,-1.124480632793064,-0.923943090684824,-0.312894490551858,-4.727561103358384,-1.032924103236449,0.326772556942899,1.000354217070725,1.013144303545961,3.885457595995879
-2.001939017785951,-1.097159394986594,-0.863615207252681,-0.226883117701864,-2.358286777825426,-0.281349060147260,0.583730800484473,1.503792513935656,1.137864117788607,3.796389204518908
-2.456561971958005,-1.136121988840323,-0.609649381235031,-0.047899524231581,-2.614045895662813,0.333330722875733,0.743936370206851,4.081581863675218,1.238567214381662,2.700023929561901
-2.852094717535313,-1.028445734319015,-0.665646788274030,-0.011542672481619,-1.117931868964661,0.282644063585733,0.762676723540686,2.173487890536742,1.203263898703908,2.387245309952375
-2.658851874604758,-1.063612696112717,-0.582051337772554,-0.035525868514220,-1.633864566881383,0.604162773163691,0.821648705372407,4.753474883607341,1.244351682138551,2.957123258156137
-1.853583498858591,-1.194737332930725,-1.126782806433367,-0.851928819658795,-3.647240221613749,-2.108893459560107,-0.631350695359349,-3.227741708463046,-0.477295485467285,1.601774859542161
-1.639012594951730,-1.082347222999712,-1.059672440828291,-0.534220757497992,-3.762060100262792,-1.349655673056925,-0.028329434637135,-1.443770485388346,0.549099083346072,3.361754299059832
-1.385456999272916,-0.878151117799124,-1.010808483463538,-0.882866803535604,-3.324485158647354,-1.747686547098215,-0.750006405674406,-3.361386186488452,-0.466734689124986,0.999864793007246
-1.683500118604994,-1.056216474701569,-1.089507412353927,-0.631129306922984,-5.232183792830794,-2.027140413710495,-0.289104492290092,-2.455532782752397,0.320038857242215,3.063984648693866
-2.491335901017663,-1.178509159440735,-1.138303970359066,-0.584336731619151,-3.042818432687813,-1.816333607172507,-0.230152570771775,-2.726095857017676,0.039000721592024,1.397214339416485
-2.301580590563896,-1.122986199142631,-1.096713509449663,-0.654824440196303,-2.968266243765447,-1.875571164126451,-0.367208825369350,-2.939508956980688,-0.135679187146013,0.999846774616272
-1.580918167186050,-1.067011885233394,-1.053907008963626,-0.557902451501334,-3.465510372760140,-1.313100541232734,-0.074481621350223,-1.600377064428185,0.464119591214268,3.195490583887784
-1.697535591836055,-1.114606921356079,-1.010542183490912,-0.866285429016047,-3.208588182287401,-1.908562718423316,-0.699298519025628,-2.545310966160093,-0.550448207612814,1.000603129055583
-3.291093004471717,-1.251265034962810,-0.999762605558059,-0.262616205841178,-2.343583450358554,-0.999956782112252,0.330678317986335,-0.674383322414834,0.667113520480299,1.982653255072523
-2.363607767479533,-1.343383710912645,-0.999771714723904,-0.428103229446240,-3.173801031775838,-0.999842254502958,0.202174928402387,-0.568715084383576,0.593597418132632,2.949906764283436
-2.618455370380246,-1.200592508610903,-1.084703671132870,-0.721144717574772,-2.691391114101446,-1.531253660599258,-0.174223008739417,-1.931141019656432,0.101800144954189,2.609408940397568
-1.818518756721843,-1.114793164304277,-1.000194164889030,-0.393690769269011,-3.653997374506164,-1.000023994542455,0.250906561071169,-0.128478052566254,0.874466642278766,3.781411785848385
-2.372108605146980,-1.202515955207296,-1.000423073769878,-0.444530813946500,-4.548157427790512,-1.379659201438587,0.204806704922837,-0.880364040368022,0.839346850458496,3.903991568157828
-2.409253889002340,-1.368246652687273,-1.083697767878915,-0.487486957759929,-3.468816288147066,-1.265352517729242,0.117979484411496,-1.268460200320320,0.464990968314118,3.017474929179333
-1.908076414921920,-1.221915404863929,-1.141238965135166,-0.818612301085551,-3.722203376749605,-2.080774185172222,-0.559974105848071,-3.174759326509863,-0.383369068153447,1.820431565805971
-2.708090243829319,-1.205544872388034,-1.051128479727012,-0.463584743126703,-2.839714614809242,-1.520894693876779,-0.034599687070294,-1.953623103551168,0.264361302884042,1.477353188400761
-2.547363835119421,-1.347679592227851,-1.052426946085639,-0.363474582515439,-3.639052968106717,-1.065193069831598,0.311337856280109,-0.999644708949786,0.673833331960525,3.180479152324406
-2.119975315877864,-1.040529788711783,-1.052875269818992,-0.910657102284638,-2.351519864422722,-2.030614755019301,-0.737121310007790,-2.571661685951897,-0.672846718527812,0.610391792744895
-1.908348878187149,-1.092852354355056,-1.123414377700256,-0.778261016846017,-5.145480914632272,-2.401897781397632,-0.524541103089070,-3.445899103874046,-0.047876553315712,2.390311444913557
-2.326497102697119,-1.125048784120965,-1.076352983602801,-0.631103006135734,-2.925135159182709,-1.813527778156149,-0.328118460144674,-2.774842987719360,-0.086753069704979,1.008920385382952
-1.837035617965858,-1.106325110257150,-1.016971324156238,-0.434077315297737,-4.753350886033393,-1.386101438887155,0.119124107282172,-0.485870594980701,0.792919998539411,3.768096159170201
-2.430549262579782,-1.300962826805702,-1.026103262064742,-0.331170124824623,-3.958002248823159,-1.084938975456526,0.309518781822706,-1.000150522962496,0.714012856579771,3.012309270652771
-2.730592814628597,-1.219420190955450,-1.126139442533916,-0.484577175322215,-2.912681195877434,-1.604553236887224,-0.044159030296295,-2.135579125898821,0.265558042913551,1.677480071861697
-2.261714993452165,-1.345455478035706,-1.130391159208838,-0.587270444063081,-3.709928830909551,-1.586653532638042,-0.078869272273465,-2.015571207836029,0.227945063801987,2.795219123855098
-2.004366311489994,-1.276128455932692,-1.084937583300054,-0.692856986122861,-3.549752989679689,-1.712759043346975,-0.309900347885546,-2.086679094079861,-0.031402044083348,2.177917664924175
-1.559216291377364,-1.069096091568537,-1.000194183446391,-0.479250968639461,-2.818744863549053,-0.999945781936362,0.072634544252911,-0.999858591777504,0.581539077650303,3.285115583378567
-2.372027736251893,-1.197455661090842,-1.116355302490223,-0.724314706092927,-4.111339739201673,-1.933319937321846,-0.259477965094192,-2.603811542433846,0.161033424788975,2.848535315942258
-1.431508012017904,-0.933147740317321,-1.051142863864136,-0.820496900011691,-3.648865814024053,-1.793775883315027,-0.623399284211589,-3.239066469674690,-0.251870891189923,1.623598397354909
-2.656065592209861,-1.206289722022246,-1.079407322946978,-0.703697623545797,-2.646935086735724,-1.466767584567020,-0.129644337067215,-1.834537468228571,0.154882298520928,2.712839585982326
-2.802070568513975,-1.238776180383387,-1.001093713966637,-0.486873308516692,-3.203965758072392,-1.000144380989851,0.295222072701605,-1.000219738694674,0.788938264308267,3.810600473427137
-2.155069902505719,-1.172541837207244,-1.024056281050748,-0.473275254697489,-5.125533086058168,-1.640872409179675,0.083334860097608,-1.115609997049006,0.744078230155524,3.806335238950234
-1.882355280301060,-1.105477545542962,-1.095415727611015,-0.642805239783815,-5.490060746725960,-2.182142085270477,-0.289475499421497,-2.609559659098632,0.308759079851448,3.135495335179783
-2.504341233733009,-1.223463220267968,-0.999657538521535,-0.287946086294826,-3.528831625168119,-1.000353454975209,0.323908990693257,-0.777876497067093,0.773853395432256,2.641993095805832
-1.486231892962208,-0.908084614218782,-1.069071454701527,-0.941948412436556,-4.453138868722950,-2.373329430668029,-0.911897238623105,-4.236154987537184,-0.593010606748357,0.675813985833275
-1.786598988538807,-1.106419434763129,-1.163421154493429,-0.913214584595000,-3.751875638421003,-2.386841164312628,-0.802163054595102,-4.376474697894369,-0.726050434516188,1.246305283131658
-2.139743592268035,-1.147796574604085,-1.185686910957215,-0.688140943416817,-3.658243525638462,-2.126819510075959,-0.424801812129378,-3.750147039852942,-0.198665173990364,1.631029710694471
-2.638002395841093,-1.201153474535781,-1.080626835549766,-0.713875564529974,-2.615213756784746,-1.492003474620335,-0.155258695286765,-1.865726462476669,0.117816556632158,2.633906529680788
-1.964134555506774,-1.106320644058091,-1.126412745817174,-0.785720496713479,-5.017388870739905,-2.381346531621149,-0.519129310253957,-3.421541266584263,-0.060065657204108,2.371719364975819
-1.859831166152128,-1.096689256372839,-1.101284235504340,-0.666996968761944,-5.474958874714811,-2.235548860786628,-0.338867542098446,-2.797385503608280,0.243675574567044,3.005771151082319
-2.352668124544266,-1.082765921227206,-1.037254802893967,-0.802016821373284,-1.780339428392939,-1.655177959351559,-0.456503107414849,-1.887457836794884,-0.365787971452499,1.392951629631478
-1.722737226763312,-1.037634525502699,-1.134450705688459,-0.965734562743806,-3.523144527572400,-2.409685634717479,-0.922650291318782,-4.548047324261310,-0.893223663136471,0.736212616569177
-2.196404521349022,-1.299117133962617,-1.173401045345584,-0.595141523224327,-4.124433092590586,-1.840260502497073,-0.147674886921154,-2.927879146595809,0.136469671271203,2.765933347098792
-2.579913928700676,-1.216702087298348,-1.036071391380284,-0.317601088335114,-3.347431069773219,-1.113718647266821,0.267755661146331,-1.077421212452044,0.697889109548450,2.521563472791774
-2.386957740384443,-1.307135940392672,-1.070988988095912,-0.386593901559409,-4.050410352552031,-1.281497660756369,0.215441207646963,-1.540821173388636,0.597563019302961,3.017898569206843
-2.787092180469651,-1.151502254719307,-0.999763175432723,-0.628233575465206,-1.265163130739018,-1.000444899615823,0.013944755253906,-1.000191000745237,0.188809411926442,2.583684329372285
-1.598722513665285,-0.958614306831936,-1.095041014516130,-0.921577898459916,-4.813770887412939,-2.536922967451174,-0.872640757930543,-4.250594010496769,-0.521639056536595,0.999814177567919
-2.028448612418659,-1.055316373538252,-1.096819169322129,-0.958491554465933,-3.346359296114782,-2.326336984388718,-0.833273936837474,-3.333910674594299,-0.686100862825711,0.662738439551549
-1.972850098670448,-1.110893036431047,-1.182437208212213,-0.784580735279130,-3.702183547627782,-2.282030990046268,-0.602929806682362,-4.218953435012343,-0.441898035413946,1.386083707392170
-1.650570332057479,-1.086262147141085,-1.056597635127579,-0.522777709047692,-3.752177437966569,-1.323416540636986,-0.004754118145350,-1.349360681866854,0.577532487382777,3.405720213140448
-2.151065409774321,-1.199251274731508,-1.180792365564374,-0.606437456967163,-4.039957927748847,-2.005613504895358,-0.260240296907719,-3.474274993631816,0.024221187084741,2.214899778923841
-1.413068394492154,-0.950420283055920,-0.999949283463961,-0.702541536716912,-2.907271583772838,-1.355985325170020,-0.396275554755949,-2.311508573152735,-0.021949492891091,2.190122592314199
-1.396072995564226,-0.750580538654030,-0.810391833925670,-1.145944324196315,-2.186820508001427,-1.823588317869506,-1.277608578747896,-3.210224624058390,-1.421712367877454,-1.558457733320026
-1.359098638730099,-0.659383788576402,-0.782930398088852,-1.157225962663193,-2.295217206768046,-1.903460819521639,-1.410278089570445,-3.298462126217264,-1.593358381346421,-3.635680933447585
-1.486350436024186,-0.747249262570234,-0.866392770719444,-1.124315813528633,-2.422610365686631,-2.165507245722949,-1.368316242665381,-3.320661367739526,-1.517828700901150,-2.887327982207005
-1.372390346570598,-0.701695767303008,-0.756551930007724,-1.140492447583857,-1.980517505317763,-1.681407557806486,-1.266883476352471,-2.991953178879424,-1.407318010510746,-1.814077370274040
-1.778145329699210,-0.912506620982126,-0.996276206235578,-1.035520520401954,-2.582624482875515,-2.287492039406073,-1.107958620704922,-3.166730821616329,-1.141541481622654,-1.000000876498804
-1.257948090468826,-0.513703855986181,-0.534135710838843,-1.000438937480504,-1.296276133624658,-0.973316076246170,-1.087804670195288,-1.689358516781754,-1.311951530140479,-3.652016894670267
-1.270959808115629,-0.571705123997405,-0.651369699602628,-1.089091679880694,-1.724510436450120,-1.261277911822413,-1.210003389984041,-2.489770716147985,-1.398647429699318,-3.333549995424726
-1.312382004922829,-0.595316931021560,-0.684098637817731,-1.119909405729440,-1.848444287465635,-1.578314014563107,-1.346284942908026,-2.694974403440043,-1.574957762349170,-4.045198081392842
-1.374121446272837,-0.710298213743496,-0.865771748450455,-1.163787889226649,-2.824643505045729,-2.090302920554814,-1.386091882935729,-3.878562879041300,-1.477355495795520,-2.861641459044316
-1.294468229870931,-0.587445326184254,-0.678978276960893,-1.124580572600621,-1.861501032370298,-1.492360026709022,-1.320235456552809,-2.727114240733005,-1.534909668051389,-3.883365994442962
-1.343891120024322,-0.765093785328795,-0.933505129140741,-1.058774000212334,-3.122157211937813,-1.915072430095506,-1.118286355446523,-3.894689496562956,-1.030744687902869,-1.000185428031373
-1.467439703143036,-0.847071280524078,-1.021327561823857,-1.060715107577930,-3.990435156288752,-2.435558647934993,-1.159653141807864,-4.468563701803848,-1.003617756650692,-0.698358741914556
-1.294626744702979,-0.560824335974111,-0.620474857210906,-1.071278780662886,-1.578137578396539,-1.378683003498250,-1.270996600633485,-2.243173718744353,-1.516021713929687,-4.146323231024260
-1.467643610936191,-0.831577211877417,-0.919467096539471,-1.136990059840111,-2.576069665634126,-2.079409134646104,-1.249817626820822,-3.792721055112092,-1.369303459152555,-0.999970635005511
-1.509826778807687,-0.940953880025509,-0.908642230335668,-1.000009928323942,-2.717969892860976,-1.906420878693377,-1.000354640718725,-2.774717364500269,-0.999742662089314,-0.215613423511492
-1.378246820049184,-0.668805958272356,-0.788197269270248,-1.148903875787485,-2.262104120200375,-1.941897311679099,-1.409987557346679,-3.235295210912175,-1.598662859752956,-3.614795255508133
-1.287154897686203,-0.683665937372609,-0.795777789213244,-1.000439572982260,-2.160667979299386,-1.332606386284738,-0.999607469086117,-2.840089873036329,-0.999699576410911,-1.018984054147768
-1.352594768901776,-0.728390278240257,-0.897347234024538,-1.131176014544266,-3.027042769357966,-2.037368634784708,-1.289110731335921,-4.017015316931050,-1.300821455077469,-2.102736191746226
-1.392788382208465,-0.658168189898714,-0.673165599668137,-0.999671091747071,-1.730344961665621,-1.360918038859124,-0.999948785424553,-2.395881588224864,-1.000184879288006,-1.492998398533181
-1.685473823880648,-0.970396832754378,-1.089186452917634,-1.000117052519013,-3.204855536791678,-2.346879016588648,-1.000196979468235,-4.484127578659904,-1.000248016650416,0.192187540353625
-1.880473071085012,-0.957030100194060,-1.021369019342905,-0.999775435215327,-2.551681896163267,-2.241345359922513,-1.000037238489764,-3.019317703878528,-1.000074874149810,-0.458097716695893
-1.327732872867080,-0.590986272660306,-0.660491296515564,-1.070668306867953,-1.651752395253397,-1.555059484226004,-1.306189823987449,-2.360147031957269,-1.549947386764578,-4.058665676035954
-1.536209238597547,-0.799759776533769,-0.881709940565171,-1.042769931790551,-2.343028418775973,-1.886087999753844,-1.073075602103357,-3.507353136738991,-1.096942019187900,-0.999970044507855
