2.997767910169156,2.090741640951273,1.723641048329379,1.390811316279475,28.538646278459193,6.562727365785970,2.047487852590471,18.945027756973364,3.090320888810995,26.106907763217443
1.691083968520106,1.281070110268879,1.185657908881701,1.105506964429470,18.965779551233407,5.477733529212865,2.327221108353351,16.060681778266659,2.958797934535903,23.121778319578972
4.009986629991204,1.993805582644059,1.680002186020097,1.378527464491588,23.126064098687902,6.584235588147133,2.453245596076732,19.642799710666967,3.200472702653700,24.249355746023959
3.445764952882371,1.649954869638624,1.458328015875346,1.264618552499267,21.284027725108157,6.240952124960326,2.519306471264367,16.304446163030040,2.934294830309979,24.302618893359046
3.233595972984340,1.830666242366806,1.565094740888382,1.310776142820333,22.076295306013261,6.288310125232154,2.385121223507275,19.002507538930164,3.143724101826672,23.781665108359427
3.568290146981681,1.675672188182236,1.474961997947919,1.275297755164176,21.489428112736203,6.280345766459017,2.528027024731765,16.562962340379247,2.965213825344465,24.382635082069193
3.407383850779574,1.957601095012919,1.661575160814063,1.388193994769865,27.771883584553390,6.553561591772630,2.183690432013230,20.329038245496267,3.354492316996401,25.424463999161198
2.668918113638707,1.799751819143358,1.532381616291683,1.298860941360371,26.497855225758823,6.247310461778350,2.086465330131682,19.073662492731675,3.167063316500288,25.441885747426944
3.753165816342047,1.861191998157867,1.589803509670414,1.333233812749686,22.506002728779446,6.421036408347230,2.465539005556473,18.816099505801024,3.159617157532358,24.242782744645957
6.590269766360002,2.449986279192752,2.012439328016636,1.580485065413358,26.120953208764401,7.560549324687879,2.737528628406156,19.749660630141225,3.199640083427925,25.975628263229090
3.393561058555548,1.832428764194533,1.567472215627933,1.315396416612260,22.184089295686814,6.321657723896901,2.412873469151830,18.899256882726011,3.148488817811847,23.936855625149498
2.400457790282889,1.799633902290068,1.521925923932475,1.278955298783518,26.285750815108909,6.160590738456047,2.019899836652579,18.422347450703572,3.053650700090921,25.477790390881445
5.024398945100753,2.139513025858680,1.806594305973983,1.454247728905623,23.930257198246803,7.075391408488552,2.630234963307770,17.211552274464456,2.920475489593228,25.097963024970944
3.973166221449517,1.865184678067433,1.595010721861141,1.340323680228126,22.642830951326072,6.474044602166539,2.504754941350442,18.605223379053090,3.154630700402114,24.456084006132961
1.923726926991385,1.563175371771406,1.359520778882620,1.190395570884220,24.449961399945774,5.834066853975496,2.002494150339214,18.015576331265041,3.033576026528342,24.914432935280594
1.000391818131437,1.000265275384164,1.000069651499369,0.999958071608188,19.360852336732815,4.995133074007536,1.970404550476453,17.071577533226819,3.069248600630738,22.451515467287983
2.376066523974659,1.529890704574517,1.357153575306048,1.198918567538310,20.420676203485765,5.846157537282035,2.354622034722869,17.402809820993159,3.048015792446401,23.435514222102803
0.999561376928519,0.999276127763412,0.999817600627769,1.000245467515304,17.094493447463147,5.101149234646551,2.312706912352250,13.892492749570041,2.754016876946908,22.765867195079956
0.999539426978680,1.359986596694411,1.232783792680364,1.112701891491755,18.923096721475130,5.421135312958280,2.179166062454611,16.999933813703567,2.955486702698705,22.352676311008715
2.590747964044859,1.626915927999118,1.428729904734186,1.253503763341116,25.094238258059189,6.054476428860904,2.123643543098864,19.303081255954911,3.259329955019473,24.703163778018940
4.339411285900304,1.932822248286194,1.660955450789780,1.374365722156258,22.801949271322879,6.729183432283402,2.584479184177124,16.721307419586939,2.910762788091533,24.757982556242247
2.179544535199838,1.494810164271193,1.331143677862950,1.194317230810338,24.055470329399238,5.841779076562527,2.086172474372326,18.736773128666872,3.191037266006420,24.513576902206047
0.500709653785680,1.037291153434710,1.039799079117967,1.000015270184753,16.604775269869929,5.134261435688525,2.244992430701660,12.426267658111245,2.483946956177418,22.193492768526518
1.125018497951654,1.253675765910057,1.141616138253261,1.063187238585250,21.883170335914169,5.344119059456072,1.938158624452595,17.065758941952598,2.940183031559998,24.122753741128953
3.043359828002909,1.884945508549261,1.599918984948820,1.345662172688013,27.249577798792100,6.418425419896518,2.138644616143932,19.704977764502363,3.259739341345389,25.530015807670374
2.411966903619605,1.398969968009136,1.285142582523527,1.161568647977058,19.571393002454283,5.810340125360649,2.434574681451413,15.008917628683834,2.808238260451001,23.642677950212125
-8.525887586129258,-0.715708859386001,-0.244571281607230,0.197872892494393,3.026697897235830,1.374526098304041,1.127675846803541,6.154764889022575,1.789668174654528,14.819983430185722
-6.435861079229131,-0.574841243483188,-0.099097367852448,0.277629984330877,3.945591373928930,1.947734543922134,1.446517096066448,4.898215404112081,1.611298094615821,16.306895850794241
-5.533397868709418,-0.616715918692550,-0.209006207578906,0.185653492911349,4.253684288118986,1.608220436552795,1.095686146533576,7.742901921470123,1.752747287565134,17.306659503226207
-5.106815094767342,-0.408481460103801,-0.068946096406477,0.253734507086774,5.677915068515031,1.870506388797732,1.078179281830129,8.033311063506348,1.737165126364152,17.767409127080249
-5.960480746948495,-1.061698937233709,-0.472825500615364,0.108150716920693,1.499578065129352,1.266202965459793,1.312903106251572,6.925879387731671,2.059292321128124,16.132390396236566
-2.936575376620610,-0.089737641334223,0.239807541394830,0.489872346025920,7.519259425597678,2.643830248652744,1.371879811331751,10.407373513565064,2.274932849011391,16.786663629573106
-4.132311511872867,0.147879619725628,0.303819690920289,0.428306649203346,9.265031879192829,2.503825781417884,0.999850705251544,8.169885210149660,1.637185902156501,18.922727982114260
-3.894663034912817,-0.511284746181136,-0.078296973241089,0.349610771505523,6.309713032335051,2.314876992348242,1.509582296709852,9.965782835726715,2.361523918362641,17.972805186369193
-4.856969845508274,-0.313600097020913,0.052725941804876,0.426951405426846,7.448704354531369,2.514403321057496,1.662317003548561,8.804717470308022,2.283242318756065,18.270380940288284
-7.182414802258613,-1.184297807081133,-0.550151139969829,0.051513274314084,0.447466153385587,1.000232792867617,1.391976635734303,4.663658946680444,1.761719020513288,15.979687184032720
-6.433959634649280,-1.248877131771782,-0.615158669872982,0.032890019299069,0.614085070449132,1.028267520627363,1.336162113485181,6.722731334635968,2.025770621643700,16.466811843706388
-6.259456652349311,-0.571531106343699,-0.097773894190171,0.284092098389719,4.113442181513332,1.980313484507060,1.473743231175363,5.129401535517532,1.654985419715890,16.502708394598336
-4.685131704797239,-0.700608427206086,-0.211065595581774,0.260620891597875,4.282981147866646,1.890374402624541,1.398839150475821,8.625439646890472,2.213860733662740,16.933316502246818
-1.000345311840237,0.779560991582158,0.825478264644813,0.880984791446168,15.221616384862312,4.451505047198689,2.029415727347264,14.110409877575849,2.740347072895949,21.134875039632313
-5.080081892554354,-0.741778463864383,-0.274569855777510,0.204695157118683,4.473205677570032,1.780734381649150,1.339115496372660,8.845500022970699,2.061612834414776,17.880771906667952
-4.580310392297466,-0.512296929818916,-0.120261287387321,0.280547398509710,6.110524342961636,2.086103416097085,1.324952213485352,9.409102193347197,2.054675753756618,18.402259734731253
-0.999569983111003,0.665830480011678,0.778822504662648,0.841671509298304,13.941117324657011,4.445683175033646,2.095769234866900,10.832902764188193,2.324546861958654,21.075945130215111
-3.179288292253936,-0.144420935012340,0.201118202570441,0.461431867105479,6.849054704905736,2.506514575729649,1.327984273232343,9.980360616778116,2.215855702576311,16.426579511439492
-9.499180873436023,-0.896676424185158,-0.321548607584467,0.075988243098435,-0.119887931911098,1.000002895474008,0.999766995448380,1.298613622120174,1.029618852792764,13.104076222568189
-6.450712089720227,-0.877035932469846,-0.392276293540601,0.071123570044144,1.891099948162942,1.103435692702799,0.999851466561153,6.544949991747844,1.618342872880310,16.266683924795736
-5.104463124702310,-0.884770910123223,-0.354342227147291,0.190833568904421,3.684434338654394,1.712429766736573,1.445329384804945,8.595663267793272,2.215527250804291,17.549096527462190
-6.499452052654423,-1.261838425209525,-0.622151647586148,0.029634200359492,0.443228728397652,0.999496058675912,1.329879395956571,6.529540122365207,2.024809995412552,16.310198109482805
-6.485622479443364,-1.180346256854943,-0.557428014217752,0.053204212759327,0.340335952252498,1.010012103251920,1.250933809708805,6.102566170347361,1.971706688411379,15.575418543734351
-2.407695776671382,-0.006689922899873,0.255302364730588,0.543356641368181,11.222392115363160,3.241035524519045,1.646437385744776,12.560976655006501,2.515534025241559,20.480803356712933
-5.899133344915146,-1.093627197498388,-0.500311355298220,0.101864486165392,1.756398681498350,1.301519050881420,1.369127816617978,7.311858649036227,2.105469387768947,16.681160715498983
-4.776805328501553,0.285154920770667,0.467474682326937,0.629876936471007,10.646299857035611,3.252470412395876,1.540134231666859,11.794516082343423,2.330349367115764,17.988196162258852
-6.117484331517769,-0.977885125538085,-0.405949145365000,0.112954544802132,0.722709256881582,1.137814174828815,1.142098736726697,6.078413533848506,1.880965856777406,14.776017661738571
-8.859381833861423,-0.956433472888780,-0.414169539970535,0.105049230698460,1.383293531616342,1.000407648202308,1.108140128689123,4.929742449720267,1.728481176081301,14.513926609376405
-4.488624523573876,-0.530450833345599,-0.080245014909123,0.301899457609906,4.093017245508488,1.896321826557692,1.253215584047157,8.250043539259510,2.073728868304860,15.755123002323536
-6.687848352509601,-0.862909327060639,-0.337411939314562,0.193782350315000,3.247696840565847,1.518120118195323,1.458926596468443,6.209493363648251,2.041352726618987,16.691447106236389
-9.394744622078987,-0.672817047962048,-0.155993681964633,0.161150508949740,1.210675408677399,1.379076560079109,1.014538498142139,1.338637607889498,0.983033401412387,13.230305969494943
-2.934461603929304,-0.171368966265218,0.174195211727688,0.480341126325477,8.155800288727985,2.742911455788284,1.501035291030659,10.893309537095776,2.409286840819830,17.855822957301463
-1.431573855439272,0.427569033143037,0.549954001485442,0.698792705359467,14.605208355516535,3.867884470895855,1.667280599932522,13.658314931003646,2.544588099149452,21.678078610431363
-2.733322240529169,0.352560127749366,0.522893009633523,0.700394172212291,12.170853997120059,3.667829376812601,1.858746073978355,12.041824480502841,2.549535441417559,19.871865558560081
-6.416308002433563,-0.637033126477172,-0.180012944523601,0.278021681180406,4.731627798988907,1.840778449999017,1.465180503568448,7.098502060066609,2.084037034704584,16.881826743150420
-6.089276799533131,-0.778904969134995,-0.253955066347641,0.221356639900984,3.345989833061491,1.728528085051177,1.526994343362051,5.640637978779809,1.826973480175353,16.898155212372423
-6.829787513212313,-1.194715044591135,-0.563075644452220,0.067455639460363,0.944778828608033,1.082908569090502,1.467635434269532,5.295947820729852,1.937279056769190,16.543836626537974
-2.069818518755419,0.713633239787311,0.774525879597764,0.834146247505175,14.296951124968398,4.194164688132015,1.870630932676111,13.947088142714195,2.644014080189232,20.185852586235548
-3.148848777544895,-0.263398084417914,0.076549116062660,0.440501349489366,9.058836082247264,2.808167524724662,1.593128824065554,11.549230374497229,2.435869952638134,19.688190302395562
-7.558064319363442,-0.590355993027898,-0.104100222153876,0.239892111986972,2.966188287005035,1.757131988918669,1.277446412715804,3.481276913586302,1.348982857173711,15.098468867677333
-9.061162624695816,-0.454848799294936,-0.062258520375731,0.278003814262885,4.228190128034836,1.650292490446016,1.000672098701207,7.549385065183545,1.737346114381586,14.293338517688746
-3.304839037500878,-0.160147298688153,0.180793796954439,0.512806611363031,8.795020943975683,3.003017969297783,1.887545157616508,9.050231253442037,2.299944628891774,19.560743287854599
-3.671904978280324,0.093383003630664,0.280271790485427,0.456215345564648,9.851971525955403,2.712772726721549,1.185867934162521,9.584126506203491,1.883413247595483,19.436428728522209
-5.475009082546801,-0.782320279737436,-0.268868394718513,0.249345461394436,4.269330653343257,1.851149566081002,1.644587707262720,6.904771102246686,2.132279989945031,17.825684063280939
-1.551191431002128,0.174313715813170,0.411006067204475,0.647360902965650,12.328686220272029,3.574842671427997,1.737730747940280,13.423899745414674,2.706992564885764,20.172212160783808
-4.612705112362551,-0.692983134151720,-0.206679140530833,0.266740271610533,4.506445475150198,1.933992590856970,1.420781838941800,8.803818042637831,2.238463204179046,17.132983560570530
-6.923748234614596,-1.106684311305453,-0.506651322112549,0.102585857011519,1.617938529073736,1.181249468338958,1.453581403016843,5.456536502288801,1.997601024563243,16.514624524130660
-6.144265482011503,-0.014895287789743,0.312755628355249,0.480464331161156,6.920033969770355,2.833720621868561,1.448113167199498,4.834503985182552,1.433948720790598,16.389644407569939
-6.265576146919067,-0.928135082241590,-0.366436692139145,0.106807469493526,-0.062296337300783,1.000349169571432,1.000019534098998,5.425269586532467,1.717598042176254,13.715006662764019
-6.510739850731010,-0.314394948894736,0.043226871560803,0.385631478584428,6.495182779620119,2.223679637491326,1.387465054595021,8.503250105525554,2.084633626863491,16.657495013060135
-5.118477498719734,-0.567948942760495,-0.168614420122779,0.227344842992206,5.083543998899412,1.818574955413605,1.193323716840331,8.473336246050282,1.880271219907764,17.798217474612876
-4.923346031737255,-0.053527228705064,0.277396712770863,0.498315073513458,7.639388285845580,2.924854954875765,1.623856500299822,6.353727450540136,1.725928661638187,17.615138130697098
-4.668657134893891,-0.758214733136797,-0.266636593465562,0.242655993947505,4.819186510625538,1.947772667729022,1.482290553629391,9.295225943898858,2.269225623417254,18.037753113087867
-2.809557070622759,0.237608138180728,0.392458748960290,0.552202971660184,11.796932144525552,3.172042140093733,1.363869227086993,11.131785790449586,2.121803415498695,20.390425454386651
-6.181547540662240,-0.734183422614279,-0.219667525319981,0.232545926890540,3.443985856019150,1.769909778141478,1.505119892862109,5.439201897713703,1.769375335998506,16.734500907717781
-0.797343615432078,0.886622125089150,0.940459088200077,0.919266086390949,14.938921945104635,4.788392189227063,2.091686870363355,10.730540253618644,2.226377495838831,21.072398378568586
-6.462001365106456,-0.789185510877392,-0.285085193791264,0.224916156988429,3.815661743784300,1.649780518890988,1.484671519353672,6.546437045874429,2.072459402222462,16.894615065321752
-1.874818999229241,0.321168266501761,0.470703433331834,0.643406678684403,13.523432865208544,3.628526087977160,1.599980666028227,12.988344005149630,2.448221456546177,21.264678523437489
-1.926560423850409,0.553866838809646,0.665606532757775,0.785668666525261,13.621051033603305,4.037760925722988,1.939140358045096,13.025727651243445,2.640610333829349,20.469623156927675
-0.999682204025575,0.345732352489762,0.527555333554353,0.720912335642665,14.104305953281109,3.919124877173128,1.808565299797355,14.360020900587559,2.794525097904378,21.040793293823278
-3.423463063728963,-0.360883166947621,0.009429909321285,0.402758826437802,8.242331663688358,2.646807997268222,1.576315125154901,11.157783784519610,2.410779178822617,19.378333944482712
-7.560849073511653,-0.430161868999795,-0.041363676690687,0.320672931004525,5.236224940304734,1.905774206265359,1.237486187176492,7.777770206983066,1.940189318081172,15.690675919543857
-4.086330707251243,-0.550774715353421,-0.104740046524482,0.329372717396210,5.760342070656034,2.204422836405253,1.472787958560174,9.583707980540682,2.317348220300749,17.612900077389533
-6.510127711007911,-1.097656381737043,-0.493360932115765,0.110807589925291,1.737633983763483,1.266443184764337,1.512166914292728,5.653809036286306,1.982190958752250,16.855536255329277
-1.248367653054029,0.287414950916601,0.498355536422297,0.690710905638818,12.760424360744448,3.685632737087015,1.722508733553513,13.631414035097864,2.716767699716359,19.905296017467187
-9.023974362463118,-1.456638527619637,-0.763311659296095,-0.076602342679015,-1.905490151094245,0.323107234029489,1.132176015151869,3.099399059410191,1.689021355682732,14.305540582706591
-9.410920621533720,-1.725153641972895,-0.952866334836994,-0.190520246347733,-4.200169487721414,-0.128755588582682,1.037397930760806,2.181912275654045,1.595602081083824,13.577812061225337
-6.654413324245315,-0.999920849975896,-0.417923179924642,0.066626123785740,-1.000041799742892,0.800285901402130,0.926996622728205,4.761742333224335,1.619326612222798,13.152993064355407
-9.787407308530586,-0.999734810833071,-0.396870922296405,0.030126100980608,-0.910079289254231,0.792557026579512,0.957283536119376,1.000289359450365,0.999996894344689,12.798875343628119
-8.570732950888942,-1.494570065750765,-0.787244603422010,-0.078522302466981,-1.869836386075211,0.368551870749566,1.207451000604607,3.433423707212855,1.762458613951962,14.774840384995606
-9.847060551066761,-1.794301053124587,-1.022222825722155,-0.308544445257832,-6.056500077925538,-0.603582768300190,0.744351790825981,2.057898224566005,1.185679518176359,12.599178863212934
-12.571906867838772,-1.000070211221335,-0.454062635763066,0.003570998614917,-0.999741287539184,0.384330014777557,0.515896715514025,4.080037824203488,1.176987241509897,11.002961200700362
-8.825839054355331,-1.510331677949181,-0.833874194448482,-0.204915416817008,-3.833105198050451,-0.137885454626062,0.769550904908190,3.408382904517284,1.277784641187884,13.598605640965708
-8.310799942674883,-1.241338528271699,-0.585501892349543,-0.010391518587732,-0.999814383499743,0.683365213359305,1.196920365597724,3.115473819140052,1.452408515630799,14.569489615460704
-9.456716119274741,-1.734921225064948,-0.959893205940472,-0.195953174349297,-4.324261537685320,-0.154541936265094,1.025992419032900,2.108219318851413,1.584199561856861,13.498641178898858
-9.412545755751196,-1.751423304673781,-0.970261110878564,-0.214363679577057,-4.975166231855614,-0.245739488004692,0.944532788918617,1.922159535449114,1.520697626736498,12.973762966097162
-8.051479582255809,-1.592271243972828,-0.854564480833855,-0.107786231685085,-2.285548064845618,0.342658863009770,1.260356772282384,4.091627397707528,1.826138622772055,15.223871265460822
-8.630261193546254,-1.499068928565832,-0.822857225288749,-0.187580280905603,-3.487596451671014,-0.043986795558827,0.824776733763461,3.733250801989217,1.344038832545737,13.878418166222652
-10.311531522681719,-1.874486588349577,-1.064154083051195,-0.325603788330665,-6.590949399221049,-0.699147487112644,0.784659251220238,1.275484563351144,1.151487885532633,12.244142749945560
-7.750235415337080,-1.540554107864061,-0.826945023708445,-0.112484433225165,-2.145304060183922,0.374972093163673,1.187594103129197,4.954723361366606,1.762017222283388,15.316039118872460
-6.543896090870064,-1.016714456444826,-0.431633670115997,0.074497338348918,-0.502310040820707,0.890621221450270,1.006012778679804,5.144135521219313,1.713485443250525,13.733396078455122
-10.038781801186285,-1.851772174607080,-1.053503989970361,-0.316426805903385,-6.314798399960271,-0.640106517797964,0.792831055181653,1.735443984260942,1.199135590991366,12.519177718393031
-7.162320419102738,-0.999736304849565,-0.414176978280805,0.018251885764181,-2.978605295262274,0.428849767198595,0.665653852157150,3.391475896352974,1.292653958654858,11.264230266952133
-8.000248328880183,-1.515572400870153,-0.798884939060251,-0.073713967566112,-1.665137980140831,0.460303948079282,1.294021569129122,4.066373485459026,1.842070828022804,15.375715257763865
-6.766870125913780,-1.062240145379742,-0.464486851745606,0.051355731931835,-1.000296339320731,0.781634230675802,0.972425246651334,4.791047816399670,1.666936270284785,13.469706394413812
-8.931438428592166,-1.376113493168841,-0.683498132547449,-0.079082296719523,-2.280376509799599,0.371300256738575,1.097467158584218,2.424451133807880,1.348289619620177,13.887791849887073
-9.585014981031922,-1.772684440145621,-0.986633558726401,-0.218553577342126,-4.892477595589387,-0.260684266636393,0.971090551888154,1.830005256939162,1.533328387529165,13.125669112060997
-7.015840601365813,-1.276304620401587,-0.625291709273397,0.003094046888113,-0.827747904296647,0.754567310533513,1.165411210148684,5.199905297054444,1.861362364807738,14.856776544325022
-9.559386875440858,-1.273400188857089,-0.602766755425323,-0.063150785782609,-2.273730409644064,0.401624346268530,0.992803856052695,1.469411885356211,1.145847619292470,13.086988901938163
-8.577589747981690,-1.440015537651816,-0.785961950049920,-0.177045530420911,-3.248944755143388,-0.013677614269600,0.784415918980017,3.725073346191012,1.305073203334144,13.861929100159252
-7.752539531478053,-1.455820220018784,-0.751390685116608,-0.057372530463029,-1.376752878759707,0.553187782145155,1.316596389095349,4.292523300587932,1.771819050938346,15.542271764022395
-7.093631656052345,-1.418488681165107,-0.735005500770568,-0.038891325745195,-0.823412325712841,0.703834361687651,1.289453693435793,5.730463099989011,1.936830833753943,15.911963839854685
-7.990616511361704,-1.596299688358078,-0.857975284797265,-0.110203258685283,-2.315158762367791,0.343771059647874,1.255786562763781,4.223055994105183,1.830681249739269,15.243921200623937
-9.263771898202300,-1.739333251943298,-0.961892752855048,-0.199541098004761,-4.507647799260017,-0.157442471137604,1.009085185416904,2.243300071184140,1.585175639350181,13.415848476456723
-8.681606060488217,-1.644973723947693,-0.893631497534657,-0.140425313008295,-3.071802712072671,0.141799117770315,1.164994412172155,3.174467539376510,1.733110502398068,14.486449363628459
-8.510390926364650,-1.485974827004824,-0.769169874709979,-0.101569346365194,-2.424821862916222,0.317746137751637,1.173853206252245,3.194975678350974,1.525405284036827,14.514062476397704
-7.839725067036976,-1.498554927505658,-0.785854122063252,-0.064627915086820,-1.466137028379738,0.513044480388853,1.318377508848507,4.268225148645714,1.856810771916996,15.551724424772694
-8.825305294339824,-1.672921797778808,-0.913121736030153,-0.170010490655893,-4.006022426390874,-0.014516649006741,1.033070583928608,2.778266030240277,1.633925592986406,13.646239693531903
-8.469129107491693,-1.596134877463930,-0.853871466409066,-0.138460702444338,-2.941149502375229,0.189813553663523,1.177272696443856,3.487490656788057,1.602209874959593,14.656471919227648
-10.286190335717404,-1.803638803729656,-1.006305256471797,-0.288639685764429,-7.333857486400635,-0.713385597836866,0.626377761602149,0.095975415168598,1.151117818275408,10.733411842304214
-8.745309963872707,-1.666128540901423,-0.908295991320974,-0.164018582698916,-3.836658159799331,0.021383195299758,1.054637369075071,2.921757869337628,1.657196342650911,13.801584267821660
-9.362208184240728,-1.695885107846949,-0.928435258670450,-0.210852330937198,-5.365972718987823,-0.285918851973737,0.839232481188053,1.658072811051343,1.418761300559380,12.271092768850146
-12.872830092047499,-1.245753715129535,-0.629569725027924,-0.095672030189757,-2.768841227075516,-0.033237698131064,0.486306015169128,2.478196493090339,1.088524971425107,10.590917290159361
-8.436456471164920,-1.578370442090054,-0.843892096564551,-0.134773953735840,-3.507513003446011,0.126805809039108,1.026707788664524,3.189258775101794,1.651232458070636,13.667530262345032
-11.221313755158441,-1.631816807105863,-0.896338387967149,-0.200155183828772,-4.516995564341247,-0.340768675110344,0.770006229333895,1.000257436168484,1.299489428296111,11.923226547955075
-10.176157509332707,-1.847282331053790,-1.058780558989813,-0.336620814272422,-6.651153192068737,-0.742935073651300,0.702314453934867,1.582975347735131,1.121572597171609,12.212402803325951
-7.556523469799437,-1.473553403871475,-0.783060184216356,-0.092777326018022,-1.699797766215799,0.465235027220725,1.172769392496182,5.305941821110453,1.762012804633391,15.447525953777337
-7.180044546033557,-1.437834738335529,-0.747951914568417,-0.045964026486162,-0.999774083998919,0.666292459167745,1.284175872995901,5.563561061569773,1.930011893767810,15.813267080833818
-7.904460438999877,-1.590733190060024,-0.854387108400950,-0.109814181519174,-2.250357892792497,0.360371940552138,1.262581513862419,4.406828938401619,1.824515709093829,15.349692595532566
-10.570976543046516,-1.878861217889650,-1.086674419450239,-0.373291786180669,-7.375335768104751,-0.934439702145600,0.594017671609115,0.999434789746149,0.999721169083893,11.629072015319004
-7.576974399745218,-1.436098757761593,-0.738526569865766,-0.039795841331993,-1.000733433988078,0.632175900710759,1.354802775260261,4.538965602781049,1.848325614482894,15.800381060490487
-10.477445210579791,-1.878544598530461,-1.064387363628837,-0.329676388770482,-6.727067238339092,-0.729907217503272,0.771219914495076,1.000258659487488,1.114714362361235,12.057507814308885
-8.348864603832816,-1.437829149953534,-0.746364450173388,-0.051912269378556,-1.344400012052038,0.486595420552301,1.243544444907500,3.730263014413171,1.798387605810595,15.031777174698369
-7.533492694045041,-1.523524320671593,-0.809122308643869,-0.083788487062873,-1.702703690356206,0.497838185081800,1.263707027116983,5.068418312432160,1.873361803406572,15.580868326799511
-7.505877251832882,-1.515447949329300,-0.804717353363528,-0.084135270761207,-1.664600420306958,0.502631916150246,1.256609468326394,5.171110831112630,1.861452095948563,15.610795278053025
-13.214636221936477,-1.444540380844413,-0.771382642527208,-0.178763464895488,-4.315974246557804,-0.387171928999824,0.441872559305509,1.211982841602863,0.999744844123184,10.135260594169132
-9.293102418963361,-1.691409639674774,-0.951348562614210,-0.258088740429158,-4.991353433386539,-0.358592136018278,0.807534366959138,2.853314738534439,1.285587898031045,13.231158558549829
-8.253998453714825,-1.000079862259876,-0.508125776944787,-0.094492286812625,-1.504611253003962,0.197256910593178,0.503429546889243,2.980617058634410,1.000445429188529,13.835370518049878
-9.168161775182952,-1.515278334059180,-0.793194376852158,-0.186528655180652,-6.108698733530932,-0.350949434569476,0.597230059272521,1.068960098557002,1.149024874810705,10.616089532494108
-9.674226165123311,-1.491429114868424,-0.790983993911879,-0.106836753379169,-2.559703313525038,0.147297107358650,1.024697610825502,2.507563673564791,1.577994000176103,13.606591184984929
-6.896155711844337,-1.333245725134289,-0.670163638022222,-0.003381895300322,-0.428568656860169,0.815842942124088,1.273372773106467,5.762452815365522,1.960719564095887,15.711124781265973
-7.571002220040040,-1.219989881916611,-0.629505517097623,-0.068033708866685,-0.999691622787314,0.496759524311666,0.918530850983818,5.148557041779698,1.490977943372892,15.042477944012013
-8.801752499210579,-1.351422918354668,-0.671286108833321,-0.150176686932938,-6.248964897013867,-0.310570473125584,0.466527748223661,1.033162853667849,0.999673201539094,9.744319517755549
-7.934271134705824,-1.468632067832865,-0.765377090410642,-0.053838666337890,-1.299205175917028,0.534167315125241,1.308676506306386,4.140899910688974,1.854392726979148,15.466765523098481
-12.960394580015755,-1.967703510510477,-1.138883178782420,-0.376458915310944,-8.208528161707495,-1.167592996743853,0.462064065217622,-1.527274480290001,0.923670594587227,9.726388956928510
-13.983606074900123,-2.263459225578852,-1.379513267442483,-0.671660463738005,-13.459459113692137,-2.475991558151041,-0.113170428216210,-4.154565854366693,0.156153531462797,6.943537475909955
-15.886078937044795,-2.052340919449869,-1.164075704236461,-0.555448800517470,-11.856047724799115,-1.971824347082564,-0.044368780079524,-6.134394180917750,-0.044568139672785,5.733184539559068
-11.791214330720727,-1.955765131411944,-1.116245345176165,-0.424990583754236,-11.082649113546086,-1.487769975469267,0.191130867953750,-2.696654140820326,0.588699588621124,7.658556280615108
-17.700581285370763,-2.672518117059311,-1.684747079508116,-0.979707336968417,-19.690795513113049,-4.068680062323215,-0.836152415646274,-9.761447714350565,-0.679894877297650,1.800646202641224
-21.003652017348305,-2.650149907091232,-1.646864177661816,-0.844932826762445,-18.020574844129360,-3.509135784891431,-0.880012095327010,-8.330390010624027,-0.710012210782468,0.999945587210255
-15.308069799026068,-2.029399951655179,-1.149352766128577,-0.530262568007453,-11.329882971777725,-1.843156250836732,0.042259706925312,-5.439267107377814,0.065230225177617,6.375271368832137
-14.262372345185113,-2.314156056642199,-1.393175140187726,-0.655623137294884,-13.268885107290433,-2.377754810360561,0.005675536870675,-4.209978069043613,0.222658208384088,6.989045356426550
-18.811065246583393,-2.242182802960061,-1.296390964510221,-0.713589655539142,-14.965781776170761,-2.751085122507537,-0.495213364136905,-9.582908297144995,-0.571595701047890,2.443233709219590
-19.445048783242534,-2.603880778700734,-1.578194721481963,-0.904448920672994,-18.448988154666157,-3.674890113306223,-0.731328557693012,-10.767004063082792,-0.737731150059131,1.000142116858263
-15.700543999862539,-2.037001771462724,-1.153176936926906,-0.543896053707644,-11.628147410523813,-1.914764693344186,-0.014596675225077,-5.909877345943867,-0.009853046570493,5.948308068488280
-16.543272904394460,-2.222271829948256,-1.292794454897204,-0.648722560759002,-13.573665260525193,-2.416604249289609,-0.185636782830145,-6.990319261021851,-0.169211776784143,4.799425861199416
-15.708139236490602,-2.119243412004563,-1.343813592964338,-0.839338125182512,-16.932482671135009,-3.568401345864221,-0.978445046088023,-9.489592383148674,-0.767189050830284,3.383386565638921
-13.535927571753664,-2.246398900903530,-1.332899081119948,-0.547961615930574,-12.829090904068583,-2.003006231749755,0.096615376079360,-4.284460694575499,0.447714029710886,6.979227884817397
-13.999229159575176,-2.285395535186483,-1.371422650315730,-0.633539260646451,-12.825762826675007,-2.264754226978088,0.058688948779923,-3.835071937766938,0.283425573336428,7.346512539346270
-11.873139539997624,-1.960675943237695,-1.117292054422359,-0.405118370127651,-8.429839971351530,-1.144489044220368,0.552824694070921,-0.982101927350695,0.789681925289388,10.330479182904902
-17.313893361296987,-2.641638695675759,-1.645186106173699,-0.918006252844558,-18.494223078049831,-3.728987292003130,-0.638329913324119,-8.735163434993806,-0.493116543454034,2.699121141697311
-18.936519894046043,-2.564238227133326,-1.549745976992737,-0.872780919920248,-17.834298729461867,-3.516451133805110,-0.647282080458703,-10.129251173502267,-0.642987201757480,1.617859804743410
-18.742630118801614,-2.542446235423590,-1.533501303625690,-0.857209109189737,-17.535653947179416,-3.439094784026058,-0.611465843389880,-9.875105784124939,-0.604902013740100,1.870362947720742
-13.048371263815394,-1.930061492731538,-1.174672332296634,-0.594558952417806,-11.833377132760123,-2.204369929952297,-0.244037035710684,-3.903317514109060,0.070092606090585,7.581596694632800
-17.634832209249979,-2.512557926556186,-1.610340652965896,-1.012510178818346,-20.376753475520307,-4.357158259857049,-1.160268973945706,-11.364027578047226,-0.988141304615894,1.000442563782747
-13.677144887451757,-2.191301131709650,-1.289541769794956,-0.601171235783198,-15.476174033067768,-2.412831335120206,-0.280565275806436,-5.850660394243503,-0.051703811240964,4.365148452085896
-15.925631249646521,-2.069479772309984,-1.177130854633589,-0.564018126338523,-12.010107139973830,-2.012095684635117,-0.054393680971483,-6.187414683718911,-0.051658268805410,5.669485230317640
-13.585656334874258,-2.140193889457090,-1.306366528722352,-0.645934149384337,-12.892535691034627,-2.386173716747923,-0.170214440919591,-3.981978394828159,0.125467491297650,7.190450620345962
-12.914397483507813,-2.004480108344058,-1.164353952588773,-0.390894640335266,-8.532128396978639,-1.223682007391180,0.459782726548852,-1.694157099730174,0.916343937219621,9.671665789745568
-18.549849078519404,-2.820828608153660,-1.761429848614268,-0.916452335224280,-20.634500313459714,-3.828089264156493,-0.784817268019922,-10.252522356485654,-0.723067512967292,0.999907034164585
-15.591059545929824,-2.481190271713456,-1.505220204271959,-0.751510855240540,-18.245251519469296,-3.097389776524825,-0.522742879636814,-8.061837403559478,-0.388373963097907,2.680366077568556
-12.113188478786306,-1.963847914899255,-1.132185476363793,-0.354949228958002,-7.782691919708331,-1.020056143557458,0.585687887537783,-1.000521474844388,1.064151872999473,10.484052428298789
-17.900040283684156,-2.311085432240127,-1.398066704758615,-0.632645488721229,-13.569194558799484,-2.492762335490401,-0.345205108239309,-5.368885978127592,-0.028085480653198,4.547942642340764
-11.413187954475248,-1.759622391013135,-1.038574226214734,-0.443120843219429,-8.706230985057463,-1.399985104778100,0.140345602881346,-0.999622838573854,0.522018324766021,9.951152987384127
-12.183401869865236,-2.057206352498055,-1.194639099501926,-0.462188553957479,-9.452539206036992,-1.405202014823520,0.456952336932516,-1.319938905951799,0.718651108278946,9.859285173373202
-17.713195770120713,-2.643656876332559,-1.633241207487468,-0.791790807600926,-17.413286784486179,-3.205503167556377,-0.481640587450952,-8.097444303897502,-0.291662195332941,3.184935423961270
-17.211362205063594,-2.534728931707273,-1.554519349253655,-0.724968104360325,-15.814612595394596,-2.881827445736836,-0.341490952655991,-6.999847332149129,-0.095930420124874,4.202467937189659
-12.913206076716083,-1.913189451881202,-1.161818093231316,-0.581902054461323,-11.572216601708991,-2.138693636058978,-0.215474892893288,-3.675619679260448,0.103778503857347,7.773870381293114
-15.492494878126632,-2.412421088658149,-1.458187660941117,-0.726438685819826,-14.765179555477776,-2.748105011246882,-0.171028608248121,-5.851510448420752,-0.015434652541765,5.512324882951680
-11.092623758514563,-1.798991605420355,-1.000072645076139,-0.367770751409634,-10.399498916291609,-1.278284797766677,0.190352233897278,-2.083797130712069,0.599939992146664,7.689308814101856
-11.846563982830752,-2.043109997311395,-1.184306010020443,-0.399764547084662,-9.174539025203362,-1.219465859941810,0.501355479515202,-1.559529064207479,0.966883496792027,9.810736688524891
-16.563828472874491,-1.757410149575134,-0.999658079915015,-0.373272574551981,-8.308894970518299,-1.334475914225383,-0.078850431515805,-1.214510888411721,0.404952099314057,6.779055339383354
-11.347007255784401,-1.982861053196495,-1.140271188190076,-0.358221014135635,-8.180102502132119,-1.000485516466459,0.610546603844775,-0.793857358133605,1.102638034950912,10.577415695749643
-13.112289898821768,-2.072217316168445,-1.212490071430523,-0.425196050090149,-9.305644212643717,-1.379773439683607,0.408393121430269,-2.180985364922092,0.849563047182263,9.279791082084195
-12.678052251388447,-1.674702827686445,-1.014684141639673,-0.544921607036634,-10.870290069625415,-2.076059921454263,-0.389482068555319,-4.524451790766220,-0.082130623040067,7.739705471217554
-18.768203579755980,-2.762918065122226,-1.724264338453056,-0.998361218286979,-20.127155552148853,-4.136553689232419,-0.829160643183856,-10.541392290598109,-0.738846268622348,0.999711308292183
-13.414479920658145,-1.913926581032699,-1.173256123122524,-0.625841399435753,-12.492787396670057,-2.404759410463559,-0.392688061359893,-4.897148295679896,-0.096715871095688,6.929040515691191
-16.560818374785022,-1.910479062390907,-1.109382721813574,-0.435679948494440,-9.507805481241110,-1.599820356849893,-0.087547718619003,-2.308518295507779,0.353568145866502,6.547316292920619
-16.167576628147195,-1.840096959679878,-1.000072742692792,-0.471248833589344,-10.448120535288982,-1.585667200357510,-0.034800841568714,-6.365375695009019,-0.104678277982410,5.710346379328860
-17.286773376715615,-2.692937012692007,-1.664998264540583,-0.838759239585850,-19.172877597202731,-3.455611099851712,-0.603210624401899,-9.099016875206074,-0.485642993773398,2.190434566153022
-15.838196169344673,-2.373641646304860,-1.435586829175264,-0.620856386303107,-13.544248335838180,-2.366074322342744,-0.083739773236052,-5.356154008464101,0.236038915310372,5.950421139039668
-12.515156197226020,-1.816652817382825,-1.000082861198563,-0.362239394003022,-7.914599532294805,-0.999998240697526,0.493559233694563,-1.978538128257580,0.618679887188423,9.643181939327270
-15.892869090523675,-2.488589295586346,-1.510640226009843,-0.803632989169753,-20.145629633311518,-3.418530681725532,-0.768333888855375,-9.180504614284784,-0.733102747938171,0.999593964431802
-11.191685867614730,-1.951024457471303,-1.115072766406756,-0.360514342263061,-8.652695636177501,-1.046518104092361,0.530947685197746,-1.000159087393738,1.016116460031027,10.026827098614355
-15.082453376967774,-2.199816159361534,-1.284373169084058,-0.601457941282885,-12.514659770515326,-2.158900116164550,0.019932962209439,-5.191938531646256,0.111647941091489,6.408603522598333
-21.524080514991102,-3.052942887939741,-1.973381551038927,-1.290570445434965,-25.836733435749014,-5.682015250745001,-1.609649973281357,-15.685030765462924,-1.527989763040765,-3.720494266656112
-20.212228400099171,-2.885152469224538,-1.866686686457086,-1.214482081738007,-24.373861787578083,-5.334224540671333,-1.501127258798215,-14.478198406508595,-1.387012718728768,-2.301837571706835
-25.741403911399750,-3.415854669572613,-2.227657759357209,-1.557762016281096,-30.860343997286567,-7.008935509339982,-2.267020606358256,-21.057322063251984,-2.243081839179579,-9.180418366757770
-18.372101841782477,-2.822456000082328,-1.760733387978242,-1.012795160939648,-24.551696483534659,-4.409802439141719,-1.229535586561755,-12.396953379121639,-1.385751232676315,-2.149219181177522
-23.847443078640584,-3.157018240188465,-2.005109661469008,-1.314980490062610,-26.226840895288664,-5.735296393985469,-1.664838230907260,-17.138956628962230,-1.673511500242338,-5.413436048071014
-20.635621025020036,-3.028806620684370,-1.917781643509457,-1.053013466096688,-23.403576348137722,-4.487550245998482,-1.135179597400917,-12.283786764979167,-1.188402567552105,-1.310529969933349
-24.388372313697758,-3.294413464514715,-2.130053632652748,-1.441957297267899,-28.678745880144081,-6.410231705356471,-1.957600619348907,-18.837117831283688,-1.933679268576004,-7.021879823204096
-24.025052556297378,-3.310103465940427,-2.130050516421953,-1.242620469756425,-27.067101744335137,-5.380298912009811,-1.670403007599087,-14.796067010710884,-1.888430056435860,-4.741992624528643
-21.476226619809893,-3.179867094035857,-2.029421599971414,-1.176574878042169,-26.672413744081769,-5.105112148708689,-1.472531025400670,-14.417485230587969,-1.687910774657526,-3.692728406961032
-24.590284149109994,-3.208496546270367,-2.056457185268124,-1.183604272216187,-25.368472975517353,-5.093703837513776,-1.621098709442421,-13.444509994480738,-1.755966636081220,-4.159239761273761
-21.762068911103881,-2.821522829905117,-1.738841073456191,-1.069963034895743,-21.601492958789937,-4.497889798698428,-1.140541000358720,-13.748908546450506,-1.175443552691394,-1.952146262900464
-20.281935438203327,-2.842799778709404,-1.850526500757919,-1.236114637519561,-24.836500624197473,-5.490338625524918,-1.635130823398259,-15.303018318457601,-1.519641792248883,-2.765077498065204
-24.401286229834508,-3.300867235251203,-2.137429406068003,-1.451032080432339,-28.858053313958980,-6.460952800946136,-1.981632716033500,-18.969156643699801,-1.954612774495539,-7.132799580437301
-23.697090453328713,-3.419691191102592,-2.210594984020699,-1.343820083864177,-30.222696559892729,-5.891174002004871,-1.913395764628711,-16.857339847438393,-2.309606038603848,-6.632903184253018
-21.134591119548297,-2.717078697460655,-1.658156609882383,-0.999985121942220,-20.287514575796610,-4.150453553052675,-0.999907365752237,-12.830767389023789,-1.040762416151255,-0.999755322326018
-26.775323286123108,-3.590252608932590,-2.340145223966261,-1.439357526916103,-31.239466065952445,-6.286174346569713,-2.214577228350032,-17.489172618683678,-2.652880449210736,-8.348862007874366
-21.241767243592392,-2.886580920004760,-1.899050855382612,-1.330080911099681,-26.742731825784180,-6.025666306599878,-1.950147953189749,-17.660450242729947,-1.851597131368152,-4.579315523338573
-21.154664695511560,-2.927315976128226,-1.834651372136923,-1.126993112982491,-22.660486546021875,-4.788338352633166,-1.177779347151866,-13.511285902687176,-1.155868458702461,-1.835467919015366
-24.558924352167352,-3.290526063191152,-2.120724513301244,-1.431664229754106,-28.462447841064662,-6.346715179863286,-1.934257038650176,-18.791198182552574,-1.920419228921670,-7.018072100283200
-19.503902009744351,-2.863108951039328,-1.816439026698138,-1.102940808264112,-22.152011369049010,-4.688804222195903,-1.103582813828452,-12.114373748978151,-1.000002289842808,-0.467541753202988
-22.518790468281811,-3.306871363548925,-2.125206855562195,-1.274804740683612,-28.988353252790890,-5.579599956489145,-1.742998842330241,-15.957768945836703,-2.079860267727378,-5.532418604760459
-27.014804364986013,-3.520725602942580,-2.335777660614375,-1.721817689275325,-34.010480244075005,-7.908374095694744,-2.759622177436364,-24.416435859320227,-2.711956494343710,-12.162424390967708
-23.855279398567493,-3.213544882539074,-2.126110089102305,-1.524253367819873,-30.436888407983904,-6.965864218768322,-2.324145894550481,-20.823527189750276,-2.256078598049145,-8.085455895632684
-20.064575455969482,-2.953356873890761,-1.861849023439548,-1.000234039183256,-22.177918743236592,-4.229486394254697,-1.000253542232432,-11.439098605677968,-0.999580327531293,-0.382695669977033
