1.854937676060240,1.147819547972993,1.100437493501651,1.071867679579970,5.370314920754441,2.093611713162049,0.969814792894676,4.490983674469003,0.895098820317955,4.213078839408439
3.121221450788773,1.093282219935825,0.999768802567877,1.000108349332439,0.853532524465240,0.947121991572642,0.497131869204124,3.020798940329176,0.502024867315514,3.325572584337952
2.179557868108609,1.245760441706711,1.133835901509211,1.076474838097040,4.653172078697394,1.295735811358126,0.687432770261583,3.508337794352237,0.616366071217269,3.271889590731940
0.999853761487376,0.999822145769937,1.019852450067684,1.032315194338441,5.020184624520796,1.365979482208856,0.856377191045569,4.540615769591948,0.670569682838052,3.348219118626319
0.999715559236030,1.048536742894956,1.038275746795922,1.033618000023063,3.233010377280288,1.844373395370711,0.928149518702240,5.683897736437083,0.864241881658640,3.995793636853687
2.217830153120977,1.253278153643222,1.162784031807906,1.112687416794073,3.027505226460499,0.953042046216752,0.604639737844925,3.149336819350589,0.511244613278095,3.200619176886791
1.961347631885477,1.233944369076559,1.160389806274576,1.115284584287762,4.318148882604404,1.964496346055564,0.930436631381451,5.395717936197157,0.840654242723126,3.907263367546020
2.453847542201347,1.245816574310509,1.164447554074461,1.119117993318007,4.521749119619687,1.880465005733546,0.868598315422783,4.241781499698559,0.795918699035302,3.929458305804278
1.035280154298095,0.999965589586554,1.000066844352588,0.999969002798926,2.094014772279746,1.620696303581574,0.844096411462869,5.191060911580923,0.800425521005700,3.891994577017551
1.904240706509729,1.261236021064597,1.177818137846995,1.127234454082535,5.109062594343349,1.330526598142546,0.751456807947414,3.891394211642412,0.609935041347628,3.278479706211948
2.983100661691858,1.308838138022586,1.191731787009122,1.135865764163807,2.576135106614095,1.519293094201996,0.733079066634980,4.250116851315425,0.671243124546344,3.586387186845516
1.505084121349682,1.097914569665301,1.081794945636178,1.071525962533411,3.692949329789138,1.120004644438822,0.737434719488790,3.850554393630155,0.586625801970469,3.267114099253378
2.179208789321619,1.228518781680444,1.149736466882113,1.105668970027976,2.954417269617545,1.700968167597809,0.830428205737356,4.939114094130782,0.758905890710531,3.755369481556385
2.014756174647374,1.103016224272279,1.059445038461546,1.044985892782525,3.539955066839680,1.641146923332394,0.776264960939504,3.715150654763016,0.730467946755138,3.874418369232664
2.761501428557558,1.258200349272140,1.154679467791000,1.107073203241808,2.176794525006446,1.463488508349918,0.720576759456765,4.268017326673372,0.665608351423106,3.582724313521327
1.000038379640628,1.068424453727194,1.050280282517526,1.041913092596871,5.425286381074819,2.191587400246572,1.042741479969278,6.101377219587063,0.954319103192019,4.168241824025051
2.258985563916472,1.145001233575550,1.074591395496517,1.045044311674581,1.574435597369359,1.380353929993963,0.705325468575501,4.279504976039900,0.664508485781457,3.601588728208192
1.146038371287535,0.999754594873547,1.000014264543741,1.000281941037101,6.663508173474049,2.379704229969688,1.111765176620618,5.023654406842196,1.039705737869646,4.604998757404088
2.450040275957694,1.272533678999097,1.152231178935866,1.091302329095737,2.904908290427193,0.927981865592478,0.560909735437474,2.936627508121822,0.502647060170270,3.189301631608051
2.302253126861918,1.113864814258808,1.044551407808914,1.020779736750906,1.228811007984675,1.278890571680801,0.662853234624177,4.045226920378784,0.632382428696913,3.548617040689885
1.950468850592237,1.195493296338602,1.136646366979306,1.102071305684182,3.080478071135150,0.979431684083204,0.643849358884950,3.353892756118143,0.528333959059247,3.216789836957548
1.373734185835531,1.013425388617110,1.000682161565971,1.000049744327534,4.202371496677375,1.842816542562665,0.873205033682130,3.946555320841929,0.822157276646970,4.160998526728044
1.581797417025038,1.000341402955055,1.000364972591504,1.000056987291544,1.304306264080935,0.675255690759322,0.533967413170629,2.952118451314807,0.469395370916258,3.184723430621571
2.180136645449961,1.293672813785401,1.186250282160134,1.125737138582300,4.516770006901404,1.227900095613942,0.690784807247091,3.553935459875985,0.580964205199254,3.249130573561362
2.006346798142789,1.215211769269572,1.149025942362284,1.104836418877244,5.814159298401697,2.189262380722075,1.003898066769914,5.116598483125520,0.910813623364079,4.122954165239841
1.000176764099817,1.000505183434667,0.999849603391363,1.000400288538834,7.060705805028078,1.805980158681011,0.906264324018865,4.798717182888003,0.809110465212371,3.517558168240920
-4.161924936332912,-0.361793620415465,-0.041474264031575,0.369967653098574,3.872775886953693,1.609934008854002,1.112484165789820,7.384280363685891,1.290051764668800,5.757608737806432
-1.439752978969525,0.313818973603771,0.577193856517802,0.742360210780031,9.440694035706571,2.319482193427350,1.197472521361988,7.546967675617870,1.097205280714419,4.276839705914865
-2.472935952289318,-0.575360315520581,-0.193809102111177,0.202203480884422,3.794382915545028,1.683139355581433,1.242631313772090,3.494126753058095,1.502848029320672,8.421125692352192
-3.193893353835473,-0.755103258118844,-0.513093975036761,-0.104849707413455,1.000156417143258,1.000062813880246,0.999813086516047,2.592201133750175,1.254979513758147,9.060797236531682
-2.458202139978389,-0.592244875912749,-0.190004030761983,0.208686402797496,3.849575782705300,1.682812076133336,1.224486543633259,3.662261799872289,1.485847928566295,8.257083945118744
-3.334639128562936,-0.605306141441088,-0.093928625635168,0.319209867362073,5.845849215169721,2.018952411706283,1.266933508880004,9.293056126643069,1.348054767811903,6.048531239672140
-3.393742715889149,-0.573788064516362,-0.072392317389330,0.292369358783478,7.154921563741486,2.075814058251179,1.255842128875305,11.026225097762742,1.232801271140581,5.345019890520722
-2.964405195414615,0.106608974066016,0.397599326272411,0.634593043142046,1.547643189211088,1.552516165377955,1.024356449792031,6.452938170543181,1.134921076294179,4.957229575661114
-5.048619779900938,-0.691332962715665,-0.338942516891351,0.196948060025997,1.800946772293364,0.999889643829061,1.004738404855130,6.363896905211327,1.317983204906761,6.144112682681170
-3.371147231266657,-0.939717025531324,-0.421856432748682,0.111987345782825,1.000019805599046,1.292115399868595,1.118146942346204,6.824419087946318,1.401747406356098,7.169834432980895
-2.668779244943864,-0.100674745301879,0.289564803260464,0.540044927534124,9.927871571254951,2.345143909834846,1.280855196177581,9.687286842036878,1.149107031849317,4.603280184982919
-1.162329411964970,0.593989059709378,0.737030990421004,0.844204413832654,2.526444735635873,1.786610090845572,1.005848843684936,6.372146199701051,1.010235624272420,4.448672282536637
-2.974799516475711,-0.628208815556563,-0.181020106889703,0.224639592007949,5.256112368606229,1.621520501982346,1.169101706029134,9.600617723798610,1.242403345969748,5.067888887436226
-1.649050951113815,-0.236568370531062,0.113011712777091,0.425093747096351,3.608992143231130,1.676194708572546,1.036224937072129,4.971052495128088,1.245616264284117,4.716538683664420
-2.440462682702083,-0.142970489641353,0.091490607590830,0.361256958509276,4.731373171620034,2.139837316567297,1.302287484904961,4.206292505840164,1.410738243547073,7.520038642900658
-5.054541263300216,-0.622824196097016,-0.214791356762237,0.272399645503150,1.000257936433406,1.000054497938072,0.999701565231716,6.102347300486166,1.318601439059392,5.902013139894230
-2.380980005591356,-0.524734391120472,-0.130821421529828,0.248741244347114,4.367046453231480,1.798634990448729,1.242325721098581,3.890314654269181,1.481287076431991,8.000918712607582
-2.643218499223351,-0.599320444031613,-0.141732657394368,0.285876968381965,3.019091890285600,1.611610841868481,1.125354400266342,6.068506881846282,1.367641342304775,5.801437848281946
-0.999711872166721,0.665438449442427,0.775582784746906,0.874585754561232,4.214806389819748,2.048042913204121,1.085141209282706,6.918228680084175,1.059052194989271,4.506509292867948
-1.842156585372702,-0.120322312394948,0.198678016298960,0.466844935737047,6.702887519561485,2.280586931285502,1.279909444739080,5.110609542812709,1.395220914713203,6.585425730105854
-2.513767398160460,-0.034147968387030,0.340973783695522,0.579625449769000,9.992492719694873,2.376624930177770,1.278036715422676,9.343369765895590,1.153082917579464,4.606673254531557
-2.525611524913562,-0.622145632378317,-0.226991338985994,0.217210297646976,2.901017538144445,1.252823822661038,1.096299397058816,7.333880291254356,1.275917369186848,4.867111455621218
-1.662951670413157,0.507810747793874,0.659811640478308,0.804532147697956,4.442581425134281,2.061534760158155,1.120664940204060,7.241798269058895,1.117919062855163,4.695705455352747
-3.458669497182339,-0.344434818667167,-0.004375996699834,0.363347729571025,4.804334812162970,1.827674474197839,1.123476927460799,7.005515756371915,1.262113064891355,5.813822257345718
-3.320097697996159,-0.618367316004149,-0.411689358548031,-0.055417792224719,1.628227910676570,1.258340773103756,1.004157934951814,3.234256574906928,1.184619728035599,8.495524657846355
-3.518259854983991,-0.687254478017842,-0.161326969339429,0.236455557624762,5.856755912289341,1.972673829351130,1.237497542952294,11.080639024807292,1.258416151641458,5.719444362010366
-2.565910513514414,-0.486345464149381,-0.163373101203036,0.207425640220709,3.851883550655940,1.766358093109498,1.276681863423537,3.486734392110864,1.504109320712694,8.470046054375942
-5.079614216939243,-0.623344183699721,-0.246314593983209,0.258925205285041,1.610723512760917,1.060437892405872,1.024308658268579,6.452991339164212,1.332303393198842,5.978961088927007
-3.091100326135087,-0.406434251238372,0.067034143467110,0.418160647787094,7.609117762453370,2.213442839149691,1.287268446721196,9.441958517316881,1.296781973511596,5.500825442745203
-4.259171915737596,-0.251804903604755,0.081890490537747,0.461698977016870,2.612268349959646,1.518346453831302,1.104411262190648,7.226770871527481,1.293249008960663,5.545531561464569
-2.016186416734965,0.091974492090622,0.399046261602506,0.608951990309770,9.125274630239105,2.110758282471944,1.220812416566920,8.454396890064531,1.051881356728149,4.092915887844354
-3.011558818983180,-0.286304979909679,0.159318121782128,0.462218930504429,9.019999305660527,2.315614820068485,1.293978484404765,10.004656287695063,1.221558832738701,5.047357093482051
-1.603324255123324,-0.335836052649137,-0.001452564734887,0.368347308583851,1.049581114479805,1.043723573772969,1.000077219411859,5.873300076658637,1.147873836677533,4.199036698854970
-1.000234321279381,0.308014717729112,0.512784091406060,0.673105905180652,7.763504697725351,2.517106406320495,1.275337771468073,5.668314197767740,1.295329955648969,5.672571456671044
-2.466858634334681,-0.699490547768696,-0.311952502350631,0.167165719457693,1.582013182451155,1.050024752821045,1.045931325162309,6.649076416945261,1.302768788522958,4.973574934849899
-2.629735005689212,-0.499651187109585,-0.183692841080795,0.189427133311271,3.663421430424477,1.731389018614118,1.268501957259569,3.437348418880599,1.496588245322088,8.538498498595297
-1.247688238441655,0.200217652183771,0.449934949355350,0.653997171689426,6.112206662328117,1.687553859599294,1.118247554103148,6.711034931477663,0.987660407754420,3.839548264514654
-1.687226381253158,-0.058605664072175,0.231687601535698,0.487045942873544,6.661981851908293,2.327284281615578,1.319466230334086,4.751174893272932,1.432366684239177,6.814926644734825
-0.999672869565056,0.517542801293913,0.715258612204765,0.827045528984382,9.843733537004837,2.273718142219432,1.162214524895555,7.269554631220402,1.002667303091883,3.985092915369109
-2.993422268653838,-0.951297767691169,-0.484637233005689,0.016376175739888,0.999726631174634,0.999818850568841,0.999804604924785,9.434991880056945,1.268035339223951,6.242023750325780
-3.121766556841485,-0.467266812995726,0.016654352508713,0.390648300169799,6.877523584348599,2.139257421513078,1.278039972970546,9.149878273461240,1.324677016852452,5.692549131500856
-3.316338149743102,-0.627327664303896,-0.115065674421765,0.308718182650419,5.438727624075564,1.969271305725413,1.258355511608269,9.008377252556304,1.361210438912326,6.139567355560727
-3.992980173177703,-0.455039359079919,-0.114358725799039,0.308362619946670,3.820147443215560,1.587946215255159,1.088354981661229,7.033726584217913,1.271323010390183,5.923569875403791
-2.236040260060558,-0.336229697348007,-0.011550561038633,0.320226798650126,5.037859206590126,2.018950424704577,1.314076315460464,3.946353274427408,1.503838259084732,7.877665499373155
-3.032879460764948,-0.946486940669260,-0.467235557432762,0.060145110506846,-0.314120458044966,0.999897646580028,0.999461941005369,4.946572661884659,1.358539774429653,6.756424891917121
-0.999961012867619,0.340478647347044,0.556998741718316,0.723292784155176,6.643575674757133,1.737798997946567,1.107042341600234,6.587299414615376,0.941725322964083,3.750527712363553
-1.503718435143852,0.114848858558509,0.388246780432265,0.612065884182101,6.452162283202478,1.741575409674641,1.144310295502217,7.065817704780013,1.023305666318552,3.926924048853060
-3.647735837990506,-0.895185712837695,-0.348820612446661,0.143073268721048,2.476123770518224,1.611736677819987,1.188004296727823,9.488550319469695,1.346608156296284,6.924219332865793
-3.203509978908648,-0.765046357026821,-0.299955603863190,0.144551562241308,1.768041030435568,1.403854619361865,1.016926526642216,5.486260267546097,1.262541542505125,6.881927061999738
-2.200952396117294,-0.619617191555209,-0.249620062082188,0.212378334692704,0.999767971155324,1.000013366061215,1.026050638526887,6.078878360518724,1.280464252719403,4.713724647110992
-3.014333813609077,-0.238654643286790,-0.030858231118763,0.238970393261509,3.479152222482290,1.913509053580616,1.173653085691076,4.139652739287228,1.260376605826720,7.513911742153743
-3.007105219781376,-0.854179410262718,-0.359924881835847,0.099840197127563,0.999921529302866,1.274871897606564,1.002485386121102,4.982156734879863,1.287175862069702,7.422649665766398
-2.112471546743814,-0.182050452086014,0.204004252319033,0.511394346277981,6.246483060000617,2.063644610257517,1.190290164035715,6.928120930287381,1.284239430804028,5.029746511104614
-1.735241458735373,-0.299499225185380,0.060524667880150,0.388468104027653,3.165164641390472,1.606892132403853,1.022764454798794,4.815640009083651,1.253729070075868,4.779211517561679
-3.649418915513460,-0.986571261966093,-0.445067936804881,0.080809374919373,0.707937796245290,1.372532172296056,1.134999877134469,8.871522567143259,1.344892433517891,7.370706232318474
-1.393991911436920,0.137563620569838,0.390119290062867,0.592503111950492,7.500192520936422,2.445458150400935,1.277939504547421,5.590309119918368,1.330520698096642,5.950204606196096
-3.660914231850706,-0.719514599607157,-0.303828315427544,0.158597701979369,1.824838412645049,1.337805081720920,1.000367221951497,5.923442218726787,1.235513599289248,6.502373673359985
-0.999972509171847,0.349245013231819,0.584022401676386,0.745578061747991,8.039330870069715,2.184972226510179,1.132355822622387,6.512586622493320,1.102655965667228,4.220478600810372
-2.709344932801411,-0.894001003458971,-0.468358933748178,0.015078471234856,1.000447664978380,1.000054517336494,1.076228450603565,2.540155849945079,1.443770809353741,9.394632752287158
-2.992873264676240,-0.555995016900619,-0.287417359130646,0.085810072049648,2.700546039605626,1.541502974135034,1.188468561396579,3.315618077460745,1.402462043351348,8.692522021164971
-2.781062802903916,-0.215512909395920,0.187728737914521,0.464613835078377,9.179198340046998,2.192182063459196,1.263901550415098,9.881181031966440,1.144413466689427,4.545367860681615
-1.000232765976960,0.492344296840229,0.610157330913998,0.716997751911769,5.237151727900787,2.263484483664351,1.153901006298155,4.444947081322995,1.136694365698651,5.566091579460045
-3.613626671659683,-0.864688174349767,-0.316832145720459,0.139710492842791,2.984486144292025,1.691982979671655,1.179818268747952,10.624238556095294,1.287222868244332,6.440826412600808
-1.353986215503257,0.570960970454075,0.716997168358579,0.836982542496004,3.126434364294705,1.883578803330887,1.049678137381066,6.707889074219127,1.051571448660925,4.538406582918188
-4.674614929120581,-0.424053851079322,-0.049968418555025,0.379324999060265,1.766809782959991,1.284039574629185,1.061040725530606,6.752886010626929,1.309984071015367,5.713924389201420
-2.907521527051871,-1.014665971682882,-0.683096582664603,-0.180373082745213,-1.000041894337813,0.375778089958070,0.896247376757954,1.288022626288042,1.294955761271492,10.040172447165546
-2.388911890165165,-1.242630176991899,-0.890309019164989,-0.305361284311928,-6.857180369435384,-0.823939915066298,0.444883145433235,2.294789519788580,1.000236756814791,10.092242407139922
-3.026209395270953,-1.000312624870859,-0.531426804402663,0.007297648566681,-1.157939261046188,0.816273447465096,0.942887157653517,4.391039151326709,1.329962765284513,6.848676675614960
-3.394989872555791,-1.119852583222130,-0.767690212088594,-0.156264992816265,-7.097972366309219,-0.043413990661230,0.670701484150500,2.860868344878317,1.078600787528391,8.261898546298006
-3.410358775856329,-1.000034442278048,-0.543015259818223,-0.013311439431122,-3.102773015630022,0.737843069201263,0.843533035747121,5.031944159266065,1.167643558615178,7.295258500695914
-1.953481073215418,-1.067115050995177,-0.897550559366213,-0.334024149171499,-5.862142423698876,-0.620564292039240,0.240060581195114,0.999709522254950,1.000022531926532,5.015756963672271
-3.210154312854602,-1.035715531346055,-0.548447026461040,-0.026276122783155,-3.628143341354844,0.735258223400417,0.841383883842649,5.351515985260470,1.171602483497287,7.450546199869088
-3.087707798036803,-1.000007341639139,-0.791232390372628,-0.341094431177406,-1.634838699743825,0.057033257719442,0.667170783458483,1.000364461541906,1.000046503554137,9.331085243122722
-2.760632588386749,-1.145957125898078,-0.788346780959337,-0.276661730032278,-4.713382085990299,-0.194777253143579,0.523668332127550,1.000108696311973,1.000062852178056,6.373714157511150
-2.753201954584571,-1.088792233073371,-0.676680488015491,-0.140962399896702,-1.645858715764789,0.310458345221426,0.882665443499617,1.524314403924649,1.327997777757069,10.178721090677799
-3.253438305164361,-1.190653504166885,-0.823993586876883,-0.197039497840280,-7.928890775531181,-0.128686778901660,0.690140043113576,3.132734003601048,1.105657007253253,9.023725818624547
-3.209140945011992,-1.032644054333817,-0.545452427320767,0.012129859756386,-0.999956844868802,0.877310345602388,0.989350184266230,5.068435832148047,1.357551679949046,7.257319935733829
-4.205637612552493,-1.117884578583437,-0.887658796674272,-0.226833220056607,-4.231077790247517,-0.480287362656126,0.537370634957550,0.999827255099490,0.999744954712702,7.393973221299571
-2.218528685391367,-1.016907076568007,-0.720623994151853,-0.113327903206015,-3.907220072170484,0.011748479647313,0.674073676906978,3.024749002962934,1.298521558659900,5.428538731154822
-4.622043094512438,-1.091750752387557,-0.836403260046795,-0.174147768900174,-2.553081483210307,-0.260824535077873,0.616880010479227,2.057629019958104,1.076098292137430,6.972864367043574
-2.360157252914396,-1.192079177596412,-0.880068335549094,-0.290697778920521,-6.349355174056208,-0.731661171268487,0.449772150266346,3.399174134061258,1.015480470792040,8.946096662734153
-2.247925595788471,-1.121417180951623,-0.904523317506137,-0.278302116164352,-5.513706666071568,-0.539599736400604,0.448274698276801,1.010154410331443,1.137954204121221,6.090449031278126
-2.573507358635718,-1.050551580223428,-0.702614116712862,-0.109711783158571,-2.390351961671489,0.197628388356167,0.775918793641389,5.136709671042890,1.283154637118379,6.378506162015858
-3.541423701897885,-1.025122550157157,-0.488270587149473,0.027673554598313,-0.999966004270097,1.227253241759979,1.064071640871252,9.352929935572735,1.275080441088247,7.269140347524701
-2.697543643084118,-1.138018656525536,-0.660713966628537,-0.112802313297548,-2.623310227764834,0.303531203663129,0.833008033581902,2.682666024458871,1.287472819016024,9.760689948644961
-2.550208410880306,-1.103784374801505,-0.763416543253059,-0.167881147417232,-3.413679677633630,-0.042943147050305,0.689490183559409,5.113689895806779,1.216382657589362,7.075794813269503
-3.302740805759337,-1.034630151189574,-0.567023771959594,-0.034048609864242,-3.964477387477033,0.670384989973296,0.826436827921646,5.138294712069559,1.159588393502726,7.427937566103211
-3.007389007390476,-1.031356619007948,-0.514787570146213,-0.008407744752863,-2.299286260451738,0.837639841670584,0.881000820506910,5.165730050699681,1.221742005805930,7.780501842487491
-3.309751453018444,-1.244793725504605,-0.861367285305991,-0.221573098925560,-6.951025190768006,-0.138194567449810,0.715719016766019,3.109675993386724,1.142310948706298,9.291390419443168
-5.166173047658903,-1.000287296610321,-0.526838237933852,0.018053681788513,-0.999840933132676,0.229629225812719,0.734953200862199,3.502132403273652,1.195910553587965,5.979688974315382
-3.026814404204651,-1.046281830491182,-0.587882404346910,-0.040123046408764,-1.876855624266559,0.651421468205610,0.891225604458614,3.921101472909986,1.299640721604219,6.944761395860846
-2.595360636501459,-1.096861468905937,-0.737050659616601,-0.150147094800977,-3.056323490699715,0.058417042967825,0.724247332591323,5.754620128149611,1.224803981751210,7.109423983900918
-3.254367405972148,-1.147263834672958,-0.740136034812642,-0.141601678993313,-7.398220199100490,0.154264608972227,0.748389882208211,4.359055226944378,1.131338059742070,8.478851470159233
-5.324805978348950,-1.153875257889817,-0.797500287316264,-0.157576018073726,-1.118235493862625,-0.229552312045812,0.616518455786271,2.399512397859487,1.135289236605827,6.025421364687860
-2.433170246680618,-1.192212693025545,-0.828073025746217,-0.244879503215522,-5.921813540125513,-0.488214847374922,0.540563537758043,4.533729403350561,1.075077027629612,9.014559534222098
-2.855197479234550,-1.072386790931513,-0.551524646501848,-0.034160589835329,-2.374671347843532,0.704291323039856,0.871431688724422,4.654030664055476,1.249382538571056,8.375713128425181
-2.407186261317771,-1.178892269314135,-0.849931737741767,-0.260520266765301,-5.797053415040062,-0.560133707261868,0.510203216591598,4.146330910324290,1.063325028343310,8.653460905776395
-4.404673635040540,-0.999538518480166,-0.687355445263376,-0.066693033606234,-2.019923346265696,0.229638968536271,0.756199375171448,3.592548061172985,1.150984362548185,7.102454915464333
-3.274749528036690,-1.158338561065193,-0.814077862895679,-0.191565268473632,-8.043409944576187,-0.181054169391192,0.650209841735463,2.603323498352893,1.070145127130681,8.715720891070916
-3.615843328205675,-1.067606286610667,-0.542156639751710,0.020665943615195,-1.000549644365292,1.089592987041575,1.072828681167240,7.795880721600675,1.343292314519000,7.874308862647597
-3.722421420930541,-1.012732273882166,-0.624516059674743,-0.050712505980885,-3.625725121869473,0.449197758605281,0.785231796833261,4.120907822097523,1.141342356275439,7.398163064199267
-3.320374569059874,-1.094265589525734,-0.677397737693700,-0.101533646560583,-6.308480321785830,0.301671784532517,0.751482983288461,4.344079025866412,1.121429683911144,7.891966300050711
-3.279552708061571,-1.044003368929461,-0.511603430294203,-0.011168815487004,-2.287070179520698,1.068899598161417,0.983808827903023,9.615814289586911,1.218027584444193,7.046305536235801
-3.417722962546916,-1.183709187613866,-0.733903341543259,-0.122552250169594,-5.498115590607971,0.368744917934937,0.862651042620200,5.414581802793499,1.228135917940789,8.773658030764368
-3.078775564264634,-1.098858965438225,-0.602654901847085,-0.070516999469633,-5.556167409890382,0.608243242030530,0.824892084648068,6.584253071413018,1.157424266593275,7.621362034273067
-2.688052192910264,-0.999938611500377,-0.614302927891087,-0.049378140918197,-0.999953226413660,0.499128342396187,0.875412266891278,6.466107289467665,1.301900140306895,6.205236361512142
-5.087184898020691,-1.228433119586549,-0.880560090330436,-0.262032893330444,-1.694327099768215,-0.550097750435432,0.455263899506328,1.000252583163347,1.000360160049873,5.657360294440368
-2.975982360403710,-1.105738650034599,-0.593224964087082,-0.069922155448504,-5.101517677118097,0.628969770125740,0.829020698106337,7.048132231903523,1.166129115292916,7.645543066698929
-3.300587040628374,-1.173404847350459,-0.757223273294425,-0.147910551111957,-7.005096511625211,0.174726070617168,0.780882801191099,4.616190361228600,1.162907053016659,8.752272296346101
-3.197408215548844,-1.000288310633239,-0.508800716704012,0.039870168493532,-0.529820324479836,0.973625911119201,1.015056231633742,5.312804396586177,1.369425479549307,7.144604313593621
-2.499735593253085,-1.150871673105178,-0.796864847407087,-0.210470778810099,-4.692500192201210,-0.266125942797823,0.611306395350373,5.280363884462506,1.136239756765233,8.089061629490066
-2.388321606873423,-1.216215688214736,-0.863723837193737,-0.278745919589593,-6.561031061721722,-0.688792982026929,0.478263608162139,3.453292566904700,1.028303393579029,9.531358643227883
-2.266351990425530,-1.150508380224557,-0.946463482970908,-0.337645533238193,-6.186686430416699,-0.839527420134418,0.352916101155920,0.999681220838027,1.000041021980312,7.153437300826059
-2.955554287861336,-1.107997354362050,-0.592875713224632,-0.071201477613769,-4.976804031511642,0.634456085669205,0.833325105592775,7.347017584289382,1.169310040506425,7.641382944892030
-2.661223147719490,-1.014046418729994,-0.636774589288790,-0.064493452495200,-1.351354399129913,0.424672265679584,0.851821410926891,6.166309362105819,1.298476108026610,6.261606047625243
-2.752212650996856,-1.000265883404345,-0.579499603947720,-0.067012332538041,-0.332856282406369,0.656210805913162,0.985321259962525,2.009466582083226,1.394214978184489,9.831992379572400
-3.166914358185278,-1.285276625006004,-0.968376413044770,-0.332379657953863,-7.821357579777697,-0.609928781663255,0.540039281480841,0.999695983842959,1.000094018340672,9.331779094296307
-2.572949154762713,-1.084961199618478,-0.738953475445922,-0.144950114207032,-2.949774396305595,0.063444039688244,0.727546795950198,5.244491881786557,1.243679786195093,6.816997247825748
-3.058201987284698,-1.075756796902675,-0.551882355990029,-0.045729280852593,-3.299836660239827,0.853504619344523,0.911272662808945,9.174366076076691,1.195740474886688,7.226650110668594
-2.964641356851509,-1.054731588786617,-0.555840495034267,-0.046224583381061,-1.676051835368228,0.803059861483918,0.917196305583703,9.593724395431051,1.219932070374139,7.051394807652517
-4.654841015476748,-1.065059925903165,-0.793706402378529,-0.138645766089789,-2.189210392941408,-0.113982448719622,0.665302069373057,2.598976424634505,1.110263988867390,6.970659128992919
-3.271808704432962,-1.032684044763944,-0.498211430844595,-0.004153075678664,-1.797910563179657,1.109485220654349,0.994113231190510,9.898496031899787,1.219816564122545,6.935418398350006
-1.935294328091494,-0.999715830897223,-0.742139789125876,-0.177880127562602,-4.831730718297917,-0.232791563022746,0.460565943889700,3.138537761575899,1.163307747951327,4.996151106860351
-2.934492502095209,-1.061577840487195,-0.567946344653799,-0.053926621055853,-1.838416138089014,0.750389581481857,0.903775203993223,9.433970587297248,1.219066673551955,7.117792104584447
-1.820078647548542,-0.940355761006532,-1.094172132367254,-0.944979448642930,-7.925965785171758,-2.268926916410196,-0.906659759094931,-6.911428849689313,-0.678733287435278,1.582802134655029
-3.537194516407172,-1.185282910896025,-1.138113791539034,-0.741513089925783,-3.653229111332132,-1.813636413684406,-0.363857938439958,-5.263465785206465,0.024675085124031,2.402377954671968
-4.142999798735309,-1.252279971027841,-1.104720373344465,-0.580374215019037,-3.066963413528410,-1.456743144150144,-0.053720462480477,-3.180248250405798,0.436778115206819,3.976350081252219
-2.735215621148244,-1.075369664873780,-1.169966421275556,-0.866202055865200,-6.482941996980126,-2.265601733257222,-0.608406629677195,-7.677718113442813,-0.364693271361672,2.775020509886586
-2.773710866255761,-1.253403296584322,-1.000064739278004,-0.497794474929833,-7.227645407757033,-0.999740960000296,0.214254884312820,-1.195845668064691,0.676599726653278,6.963221739133278
-2.084714135860394,-1.167355741175780,-1.121772192781640,-0.677214060384810,-8.898330410103220,-2.182224462254904,-0.308164240180297,-3.812134935803302,0.166779834466248,7.876638789662426
-1.992033780069015,-1.113168330221511,-1.102028388156961,-0.640596756674641,-8.593249510507057,-1.943133791385659,-0.277509612911936,-4.012442864156686,0.259510850022764,6.547288653165577
-1.787195666088648,-0.949031435299257,-1.000059639250390,-0.708096403293226,-6.244082156692101,-1.261293582022828,-0.448699261067572,-3.091664160840752,0.087514547484633,2.917144700711664
-1.937225977060091,-1.078474163853678,-1.056479211849143,-0.564546113745751,-7.248631381522151,-1.279215439784012,-0.134334853461221,-3.111684487750102,0.548221112210801,4.640348280187029
-2.482368930048133,-1.048084494452396,-1.087703737227080,-0.830719300337365,-5.252631464954150,-1.687417394650459,-0.457095462591613,-2.251317555831562,-0.253997748177400,4.773300892908228
-2.302866902212083,-1.094137567482693,-1.100339977514216,-0.881237800313087,-8.281201390454168,-2.091396236336757,-0.591104827818284,-5.803687998745296,-0.359116819220128,3.773822175764966
-2.677488184792483,-1.096490307712067,-1.058783155166217,-0.707418369302205,-4.821682306220851,-1.345448746639811,-0.123206530070608,-1.519269122549215,0.160150098350401,6.907094970628163
-2.148694691356532,-1.138387349414521,-1.000286437267297,-0.401258142160703,-6.766645379100151,-1.000349340034823,0.216024012829555,-0.900171934543738,0.912832008175765,6.238738149641606
-4.653660315143319,-1.273479886768769,-0.999687613441925,-0.420476678682158,-2.310735206615176,-1.000010364362250,0.209489501188125,-0.999890927198436,0.752133382217483,4.925242349080555
-3.263921067801392,-1.157922856614237,-1.168752538954162,-0.669394269905707,-6.280302236631878,-1.925218306037135,-0.221891953871552,-5.688080574937917,0.174143108326960,5.115150991507624
-1.986882244770093,-1.100579000520096,-1.063053624266164,-0.541251288801025,-7.442432750706209,-1.318393288769832,-0.076913417608653,-3.107304564775163,0.605133291152587,5.143141194749328
-2.427785437795094,-1.269253471417468,-1.013157813042122,-0.458222953415068,-7.151471134659276,-1.351721170391472,0.247043216853044,-1.000037343960798,0.783269519126349,10.484747550986924
-1.911531178192997,-0.955042381683163,-1.109585416612221,-1.020317126781350,-7.670229538116545,-2.500575107940191,-1.046856982405818,-6.204950640116685,-0.932718985877643,0.999634503625377
-2.704385181524917,-1.210658858422674,-1.000129297489073,-0.495579717628619,-5.171808210402802,-1.041012069828889,0.316694999506951,-1.130834762422661,0.766330263900588,9.888205753312965
-3.028513089119072,-1.120144618096582,-1.177926557699448,-0.785645868779112,-6.010780841136167,-2.125076193792321,-0.447549149370082,-6.855644472864000,-0.127628958966622,3.524846100550889
-1.795934724280228,-0.944135374642890,-1.059117596734333,-0.823978570624486,-7.122662263881412,-1.680331738767244,-0.649628017330286,-5.648577869045731,-0.237012331737132,2.117092394737538
-2.140865788437058,-1.148451895082879,-1.152682016645181,-0.792916848106319,-8.480995436964278,-2.355851770183711,-0.494553740225088,-4.532913135493837,-0.125435669465614,6.714171105443474
-2.504748373825169,-1.099954993985318,-1.105207806899658,-0.794927262553364,-5.726974785104567,-1.737161942375135,-0.355547561903892,-2.475231661718659,-0.093951480641130,5.915809677991072
-2.668355546692879,-1.088898099128099,-1.059288455317896,-0.717426388629837,-4.795249491249352,-1.357548630821610,-0.149397168318310,-1.525688467955700,0.124209081322278,6.707544843212925
-2.693288877053230,-1.253976251547945,-1.109122796864436,-0.633953640426479,-8.718883257868029,-1.567611753405969,-0.031023434079220,-3.253199508848649,0.382796086447683,7.228084738474788
-2.735705527953629,-1.220581261977480,-1.147122104361345,-0.635236239543369,-9.417887033547757,-1.796741826193123,-0.075187127979387,-4.512604218536001,0.327760286519690,7.808060113862561
-1.924006171736307,-1.072836437985281,-1.000286434044491,-0.486653993807224,-6.622808399015549,-0.999532758298890,-0.012242711493993,-1.365146605296653,0.720677019476194,4.686387239411087
-2.232248722371040,-1.011325073773148,-1.112759983535331,-0.950127803316544,-6.158212341617920,-2.124875461113191,-0.796706496037937,-3.623791094629998,-0.660837481535633,2.576205789707692
-2.194118332212744,-0.973371276274764,-1.093937778347691,-0.976416841124860,-5.861498126047089,-2.095073433676310,-0.879167742276789,-3.542240055218005,-0.787771788817771,1.545285808719209
-3.111741560543537,-1.217414890224808,-1.007212911878276,-0.369903618957933,-9.182624755596446,-1.000507534305229,0.378549466623262,-0.999615214582743,0.843652298063918,9.186697739921312
-3.587063277564914,-1.174969408292483,-1.066582330029662,-0.435367054113611,-6.692536087022966,-1.306399157887002,0.201568072503417,-2.653005043415168,0.674092469035995,7.398803463419465
-2.792403981739719,-1.153747693325851,-1.006314615725540,-0.554827775793606,-4.541681418936961,-1.000006863784762,0.231763845262671,-1.000339118128148,0.612625927176573,8.970720458525520
-2.104204337100339,-1.142720740272267,-1.149892860131046,-0.785839964036990,-8.653450755705236,-2.370876253858850,-0.499257603414003,-4.648567880221666,-0.119136082385413,6.706390657056213
-3.746535048746257,-1.222677911011842,-1.049691283983757,-0.645816236750438,-2.840883677195041,-1.479320596966034,-0.221971501592064,-3.736912782593727,0.226219110691832,2.916785216986976
-2.520695031719209,-0.935795704943639,-1.000047441263717,-0.804140597226494,-3.766150677634486,-1.264423770894769,-0.460104543907713,-0.999871758521978,-0.340124581214301,3.633439040440441
-2.425236317703059,-1.184964418661700,-1.128789910091904,-0.730631365921607,-7.026437828696701,-1.922921990908515,-0.239962937036674,-3.087061928950135,0.131658837266377,7.713522595201557
-2.283988639449832,-0.982742062566643,-1.113621142295195,-1.007289530777375,-6.988181475133592,-2.377414619912047,-0.897581946514525,-8.238831611269420,-0.813332296852884,0.999888704803738
-3.037579959740827,-1.226007865387555,-1.050287433458483,-0.426554864489963,-9.338217633411926,-1.208444163114508,0.286396218997015,-1.917906229100371,0.749235787564178,9.088526987332733
-1.755703970776710,-0.883169341372102,-1.018405578844798,-0.885078061868180,-6.548490961808691,-1.617235446778817,-0.770984267748514,-5.568296391610764,-0.453506272490217,0.999847706820973
-2.296383388453581,-1.254223463017228,-1.036585374153142,-0.487306404835706,-7.996701438866958,-1.576542420310910,0.129417308954249,-1.154635849942849,0.678437030789220,10.125967192389092
-3.653715978620018,-1.163115023919250,-1.000185105451991,-0.349788697078579,-6.695572787241896,-0.999643302363146,0.346161328306565,-1.299001284557510,0.820666645372542,7.864011850808792
-3.822334261334741,-1.172284101926535,-1.039648431787889,-0.393740966993281,-5.830609541787617,-1.144246482272470,0.271885658004528,-1.858512886891366,0.752514708838374,7.241876231504946
-2.910362673556133,-1.291550627471591,-1.035275431790155,-0.477786753694584,-7.805525220340942,-1.023165570175243,0.283072617116525,-0.999894810682523,0.747438132936911,8.046961754475996
-3.209194134643500,-1.130189605363797,-1.095463235905368,-0.819860838166217,-3.410973543768009,-1.845155949350223,-0.541553693811153,-5.804922903114214,-0.226867407718722,1.000018444928527
-2.272100412636432,-0.891428162180182,-1.010888682841528,-0.920437168001719,-4.280930409995265,-1.608234080514354,-0.797545241591225,-1.928880281231308,-0.755896080712740,0.999847664667994
-2.441592751746032,-1.164993710492772,-1.067782388263709,-0.740618408963852,-8.066067625519837,-1.706703790330462,-0.291462630434578,-3.974716318308942,0.057112055171320,5.031167786504591
-1.894245219755665,-0.999535094073189,-1.124956311919826,-0.925854992421114,-8.359682963061594,-2.457542865964386,-0.858609465736822,-6.421267535078174,-0.613459967116011,2.945818355654909
-1.997428793855714,-1.104767865106645,-1.059789149451637,-0.529872647158110,-7.414106484464877,-1.295762582698112,-0.053389305486454,-2.961655111919090,0.633625511421993,5.231708264823027
-3.226838528536121,-1.134426444661383,-1.075272983591956,-0.802844763760558,-3.222555496567936,-1.774976120751498,-0.518913160350063,-5.499057655867578,-0.193284817581287,1.073331988239111
-2.651344644849207,-1.092835141257347,-1.065459610291567,-0.724718997555960,-4.914844818050164,-1.401413916855288,-0.167877499090800,-1.634291450362599,0.106995416005644,6.667013311591353
-1.990093096304437,-1.102979124286640,-1.089126177987003,-0.598317497080761,-8.088736525956865,-1.664211625891853,-0.189477486444473,-3.836594933460769,0.412743868609812,5.798917871107921
-2.281400170734766,-0.857203011455456,-0.893966033778968,-0.999942990766562,-3.039492149176042,-1.708459698249572,-0.999774718365264,-6.325124589458810,-0.999710175283610,-3.305356696377705
-2.272286093447070,-0.930745875446897,-1.073984480229207,-1.055167842722647,-5.809425331196528,-2.311143729191405,-1.018264504946326,-8.374041172166535,-1.000446285586241,-0.999420524028764
-1.646062967496301,-0.491666176464397,-0.556376648630812,-1.000210449457220,-2.519119717325091,-0.765239013471917,-1.086733674349418,-1.828955480007094,-1.368204015708421,-7.271706032525227
-1.834280697306281,-0.691095419603598,-0.796406543502093,-1.122022963536677,-4.454078672543682,-1.774364335996133,-1.293292052054231,-6.057027328026013,-1.530313100086921,-5.124333508259966
-1.687900387147683,-0.575713789338017,-0.717383754393109,-1.117313610423575,-3.510298738834027,-1.321916352055237,-1.345345302173190,-3.385368734419297,-1.647351213557889,-8.399695818911022
-2.129207409700305,-0.879399456926335,-1.026607239571781,-0.999949658998355,-4.889499846554956,-1.885925364358017,-0.999739935623731,-2.899510219451658,-1.000332213729001,-0.568618072211981
-1.821829125495765,-0.714819492172363,-0.898660919061154,-1.122415371199468,-4.553302534856621,-1.846350225924305,-1.368018349245890,-3.866642552340379,-1.563746703111682,-5.992270563119146
-2.048953456385035,-0.847014089244998,-1.009071697605536,-1.035217011961912,-4.914722722388324,-1.934382693768347,-1.107562105972214,-3.199197678258581,-1.150231371594779,-1.793049333087043
-1.929572097761091,-0.772933102344763,-0.902617698783652,-1.134637248747348,-5.196480802585066,-2.035867619232363,-1.255672669541446,-7.124280915019835,-1.426985210291520,-3.844607324986947
-1.731700604136555,-0.706540509454192,-0.900849177463578,-1.160997869422340,-5.247919600350639,-1.897166759717463,-1.379313123357880,-5.572461027811769,-1.570322179675116,-5.738847666349498
-1.799325678178177,-0.867374843542046,-1.053995606919542,-1.061189821941382,-7.191144687351909,-2.312708744498493,-1.150626467867940,-6.847945582070082,-1.101351325745695,-1.000128114007131
-1.737669962625782,-0.648892799453982,-0.824314454499407,-1.146202130941736,-4.248386784531223,-1.670616531279494,-1.408339446552453,-4.095453916695856,-1.668599572169821,-7.508856311943044
-2.064310022229473,-0.776421747550322,-0.875723177823627,-1.098705089475456,-3.592087171605724,-1.825353012982095,-1.197091524789989,-6.945696851113349,-1.339231745512440,-4.930634701517148
-1.713905294584340,-0.769346416734515,-0.952251532294532,-1.057672691440485,-5.919930886765851,-1.762306090568622,-1.117198825068581,-6.278065541690427,-1.093096615002344,-2.333055682592664
-1.654261391363390,-0.575844931843993,-0.692591719562203,-1.062377595506701,-3.460118266427886,-1.039438379574996,-1.132295856493206,-3.323616949740651,-1.328164152747254,-5.160919505387779
-1.671062023101157,-0.671774927296727,-0.802121147590900,-1.000454704214032,-4.270606542371363,-1.167056355362908,-0.999936233113342,-3.780518665872452,-1.000244209440342,-2.274988701383047
-1.715685730993833,-0.637931705005470,-0.811553905634613,-1.154832532899762,-4.276595786316643,-1.629945076977357,-1.403063116365560,-4.361409914372594,-1.670602658157757,-7.540919494345218
-1.674961155906158,-0.537986486839042,-0.652127257189388,-1.069603010578154,-3.021221521575695,-1.111384955454961,-1.272804687750637,-2.609863587474631,-1.579894187132827,-8.641785382063791
-1.759046970604833,-0.583245106897689,-0.637790810419257,-1.047492377267107,-2.970470945789019,-1.284501375069266,-1.238030155688837,-4.504742148819973,-1.537251662249959,-6.737555426174744
-1.810456925616667,-0.651880179628473,-0.746104706327786,-1.113654568339851,-3.858374715631585,-1.624834349524335,-1.303522407114755,-5.698510355402652,-1.576585163659196,-6.022800634195505
-1.697478117201283,-0.744643066572230,-0.908867538715412,-1.026636658115753,-5.362202703176661,-1.517248442421077,-1.047088834479209,-5.417030010905785,-0.999958996884659,-2.053745795838706
-1.655805511713222,-0.555446104685611,-0.672465273813816,-1.086818964256174,-3.323675644679659,-1.068450526085189,-1.203412896449688,-3.287931318427305,-1.463651480879178,-6.647565982276191
-1.942196132328476,-0.833983714728513,-0.887581547453544,-1.000308568932113,-6.027821490380902,-1.878512066863564,-0.999774716828850,-5.287646052132549,-0.999916902042910,-0.999678042083889
-2.175714534026939,-0.888842190331421,-1.034964334783459,-1.089231975916587,-5.572645280963799,-2.263744698564986,-1.102159680188253,-8.255709883036445,-1.141924815074508,-1.965367954239695
