2.745109269641045,1.751987557803376,1.499498656015245,1.280470357876468,20.265820901667926,6.487740808661722,2.517417037943606,23.115802083022281,4.105747691362740,24.323329484159348
0.999636452461406,1.044031004912371,1.018447960784578,1.024214243866506,16.133851653907957,5.242655585259786,2.271625665140320,19.389661912671549,3.635332483966437,22.314474289086565
3.522919610211087,2.190406545204836,1.700952531940422,1.415908441478822,22.223881221030158,6.844491318014714,2.392141644567754,26.187029776024524,4.420506765208033,24.945658910338825
3.266718409446934,2.026422053882969,1.610132508994995,1.367975953803770,21.489511034755512,6.662901228914040,2.409027786143510,25.269961287361575,4.328796873275380,24.669962721833105
3.268315961325651,2.148992100670768,1.662082374195905,1.394406918086383,21.881506416818670,6.718301927776625,2.338465459312584,25.962049702148015,4.383309370806392,24.707713698797210
1.765104290931152,1.608315499695920,1.363646460082648,1.214030396281097,23.575890572676006,6.329354142585689,2.567890905652114,24.901577423955864,4.391102632985405,22.798033329450522
1.084471087026076,1.283518428135839,1.141802567821168,1.091824791849256,21.024526378079063,5.796567858677053,2.454235815990022,23.054719199454262,4.150244063960820,21.943980760256199
0.999925218869684,1.000441358367974,0.999696195087334,0.999568743407984,18.632998302689007,5.159643172758254,2.236532556848290,21.844085744430622,3.846974634202823,21.070411024764571
1.000057741301131,1.328612062967145,1.117941102402464,1.100316641384566,17.170447440439407,5.351796786804047,2.099640804145434,21.321949256574435,3.836353239109439,22.272768313765727
1.833468744290844,1.451921491730888,1.309125177439954,1.164283646024266,18.474115548371035,5.987878221083849,2.426860494727412,21.218462438455440,3.867305961730718,23.428666920296809
2.261194895500449,1.680995167890315,1.374317893375931,1.241743951947287,19.477777874055423,6.056422103002912,2.286117726985232,23.369934407210103,4.098424782373140,23.612362450432006
3.056715727803013,2.016331822676067,1.586895907110369,1.355472751138457,21.278277218484309,6.564782997432270,2.347949574174591,25.233495659568057,4.310375758756386,24.469781593119951
2.411186756323591,1.658455649510585,1.433616240849444,1.258587080884193,24.265237077154925,6.379488701715334,2.555610082651721,25.784796909744209,4.421455271634581,23.205310173306447
2.437192278362973,1.852289553017546,1.539819304645351,1.314784620951551,25.635973953747484,6.725717890498788,2.650672443631221,26.468208037030017,4.574696202913913,23.540897927109274
3.310019424415355,2.220797396372003,1.840134607200633,1.422083841774371,22.563082812455068,7.334500249649653,2.682166916704880,24.617919393402921,4.300003210923734,25.253329745724518
4.816071861141349,2.574010892414710,2.044030671232271,1.568028459552292,24.685077947090665,7.857043774769141,2.757919135449704,27.376562799622256,4.625783524113736,26.422926203189508
3.169492928138471,2.005727375106624,1.670540402724444,1.388139707084102,26.988612905235843,6.917903413314622,2.659558605789383,27.746744467547209,4.663917345569258,24.108164515837263
2.967503303083927,2.026538948319677,1.584213845937874,1.353326314175269,21.238763812468651,6.533734822741283,2.316223736953122,25.287777258217538,4.307988948820741,24.394892391329638
2.797430507667860,1.936338021822558,1.608351263465297,1.355036657479833,26.410795211703803,6.850646921328152,2.669541126975934,27.143787266247550,4.634280565097930,23.860889800428044
2.030747165934045,1.522735109250557,1.334586795259512,1.205282132909124,23.202080197913038,6.182273202933582,2.526519481005386,24.931716060064609,4.333554006261188,22.830627280105904
3.367195816460860,2.011862001380715,1.616158761930871,1.369729123557956,21.536452643580933,6.712508421772948,2.456647238508445,25.140484195210483,4.325405859244633,24.775664281293320
2.106059588186948,1.750594438901337,1.526274533261740,1.252021741672385,19.949311065766469,6.519070753181540,2.523967973757115,22.133990913215079,3.984433256649112,23.993441718147228
2.980596542832739,2.006671461160907,1.691290194218392,1.354336125271831,21.503190242466449,6.963572576121865,2.615269335033604,23.788328460788357,4.194214069825851,24.816962868520609
0.761115159443282,0.999605857412895,0.999728759556407,1.000176745032686,15.809454671446110,5.181531256411101,2.263911472619959,18.871788487940584,3.566360385650071,22.145642339914406
1.312662968861286,1.552351449040851,1.247230532576621,1.167764535106258,18.267746930998758,5.627639321404909,2.092477076684186,22.541273513194533,3.963874314708065,22.704050575940148
5.461932019235132,2.779065298630393,2.138949209177648,1.637277247614729,25.647850357773653,8.027903759628980,2.710392978705303,28.997285896543353,4.788578478512544,26.839732802978251
-3.040681109594392,-0.519711642068348,-0.064462019555738,0.397522417403303,6.291908179469635,2.464853683088047,1.649715045155627,11.913612268747151,2.621994405150740,16.013613209266300
-4.702210551216826,-1.239820655988660,-0.562074181905782,0.144241410689012,1.048300370881895,1.077682423412194,1.373398475156167,6.622768070540523,1.972131507418602,14.810456177563101
-0.999697270422775,0.911742308696916,0.968113572194872,0.892217920586352,14.386945502182277,4.916715339666889,2.128654413156521,16.445819059427599,3.227757827110921,20.848944568457927
-4.874064941523184,-1.106224123444986,-0.478460530103846,0.150147822095504,1.228534440922464,1.277751146781692,1.343749507602244,7.627786779047759,2.070196352627850,13.614973560817720
-3.377532199426618,-0.539953376745934,-0.136685162408072,0.347841253532694,5.924155506027125,2.408794006736893,1.623297482072212,11.365843969859206,2.581132279425827,16.108782906723849
-7.265951545367187,-0.893011641549110,-0.308688226287509,0.070371802312342,1.000405236506969,1.000334863877749,1.000150837364803,4.230320943355927,1.482753705750706,12.934757785554229
-3.896863638203740,-0.553734653802091,-0.083687512596453,0.297588976669716,3.896632953993650,1.901986427085315,1.287440239913656,10.283130971448990,2.233576013073922,14.159339963527675
-5.199328484911963,0.007634718888205,0.337496849301215,0.442953215141342,7.339874561706756,2.887149910512423,1.497090810086725,9.366872180838122,2.231752746551056,16.248617230973782
-2.620890821052765,-0.276688254424065,0.129255792042260,0.496875551308546,7.506435707407922,2.812061278120498,1.734728914884190,11.434478482713352,2.571471882638075,17.997150795492320
-5.752082570144690,-0.592964731966814,-0.088747033913897,0.237157996923085,3.700129045356197,1.774373619534212,1.273776920465675,6.825373889302504,1.867109264546229,14.830618521665105
-5.471503645664313,-0.945988499237623,-0.369347713837808,0.102524677826189,-0.059738350029955,0.999740097671061,1.000202680208190,6.929129162600296,1.770200843207831,12.048376495523502
-2.165650400856560,-0.233095065373207,0.130586205835527,0.521827866540333,8.943346807868272,3.078922907461386,1.825489444261333,14.028420040001542,2.917212223792447,17.316038934575676
-4.132933867597654,-0.813962382827993,-0.246497361848865,0.268177687078105,3.650879998891673,1.740251319321938,1.460570121230537,8.109812246050005,2.103619524480543,15.992739494766187
-2.498877039129354,-0.197278930305737,0.170374977207943,0.481886510910577,7.746518800887804,2.772153423710857,1.586105520190872,13.374638160556792,2.691324254951979,16.187701247869615
-1.070344597583503,0.900521068131805,0.783774443054360,0.901825524316692,13.897221361363711,4.355949293548103,1.768261758176526,18.462741686469080,3.448706157666091,20.150454109293168
-3.197674136015664,-0.549720821776409,-0.084028058892315,0.378519702335612,5.856665282916913,2.362356217596282,1.605707800332862,11.579927160210609,2.564976223515217,15.727329078621683
-2.124019874238746,0.250539979607929,0.377758334736187,0.611072235907551,11.324523213600093,3.721760895027667,1.874968762569472,15.459958185327586,3.149603144689443,17.813621918716667
-3.597279895264911,-0.806827884721381,-0.275755277241259,0.297649744868791,4.489517905576156,2.048227271321134,1.606111077285785,10.333976907947026,2.457871322811030,15.615735603519187
-1.227140676785442,0.150038482406498,0.406597364886626,0.663280925157202,11.698199826689040,3.676505624951171,1.915944565740602,16.359666154615006,3.169494318984324,18.273573774877963
-5.597310914733402,-0.249262713643764,-0.038455417023601,0.398847788460582,5.340686080756006,2.012443312133665,1.128125301686681,10.452635351041003,2.414347769457418,14.971914166681206
-5.802134275999364,-0.646298279200864,-0.316489673231981,0.091958306047107,0.999980949021255,1.305379936376592,1.000295622198783,7.080907812065951,1.925417314639055,12.102871802646991
-4.250282469802482,-0.765781791386853,-0.211004963757898,0.272324799947279,3.809721820480694,1.783497307715552,1.446938188239303,8.066179755553712,2.085724766987223,15.954461433430669
-4.658228401214796,-0.565391200079241,-0.176910990269938,0.356016944229397,4.450660886139621,1.896875217780585,1.353213364350751,9.599765543229346,2.376851244974528,15.350914625115497
-3.995398401064190,-0.679093140805844,-0.212687442505708,0.351548698694933,4.430746948646833,1.936651498639757,1.486590545318737,9.555860472508634,2.387669542933615,15.925098594477294
-1.000106710148149,0.428365592792954,0.541053727681178,0.746317029630061,13.950709781167040,4.273034116558345,2.095427996473992,17.676385227565952,3.447025185761579,19.304694112457145
-3.969607226453899,-0.935686902555139,-0.362787066768762,0.245881789889197,3.387044250500286,1.785097155185976,1.538582603258121,9.420754486074024,2.336986272235997,15.083614721162821
-6.769814251531610,-0.837742554148388,-0.412754349085700,0.183620406814607,1.432753348543064,1.066924498876101,0.999342211551973,6.848843330052367,1.984305530831864,13.040659263610127
-1.288228299125148,0.756627957373898,0.697256244472657,0.856103029013469,13.118621476795658,4.159889983640023,1.761110773232818,17.665235728162820,3.361975643151048,19.814451039652131
-3.389190772531084,-0.588187917961505,-0.110094802282101,0.355002101079512,5.333537174946320,2.240101153436139,1.555158206214743,11.172168621900191,2.497535945087396,15.398445707778041
-4.989952187901778,-1.282435285951913,-0.635797780136815,0.067774088188019,0.301617328035297,1.000333708212490,1.297610661232611,6.754059844569773,1.943785838687336,13.936327257038574
-3.741016055863554,-0.782202446206936,-0.289637683925955,0.273602945269128,4.352326647596476,2.018707370632820,1.560831620306343,10.138086263610539,2.419068160551326,15.613819037830257
-4.858894373847999,-0.829942130789801,-0.334905528958745,0.272623877328306,2.981695966842755,1.548693201355756,1.346824931728433,8.307333222223455,2.223723540250894,14.874682783185580
-5.247392586424386,-1.006026758794817,-0.409675392846633,0.127125157910551,0.558737375854809,1.134137338320651,1.153710645051008,7.242380320330589,1.910411182383065,12.655777364739283
-3.734184791787822,-0.814725473868240,-0.253207207060823,0.299007256987960,3.973871830114012,1.833320250286699,1.528671135114722,8.734343506540135,2.222376985404566,16.317725552656629
-5.015646414399896,-1.318908767796639,-0.629926431468458,0.094441912297689,0.315347634302417,1.032564809765655,1.360351315986472,6.778356749402909,1.998391708110414,13.763976298247730
-4.577212463764759,-0.878690744186934,-0.392380135319376,0.169601380388650,2.485921930676488,1.574454582224528,1.345088292373765,8.515948151679986,2.163732687074468,14.393265832317201
-6.493251754840418,-0.787946993855284,-0.374234673085328,0.210445334867184,1.904440446706734,1.191256640127729,1.043865386728841,7.282261649554292,2.044373712158240,13.362390621177742
-4.876374871158209,-1.233609994487413,-0.548300136075046,0.117555215153052,0.871616016752545,0.999599154436079,1.312986943987953,6.149052622204684,1.853584038397358,14.731993847511962
-4.670878904026740,-0.750883757190985,-0.282267060268668,0.303270809749323,3.526624615030561,1.685509483431455,1.372662865201690,8.781792939581742,2.283887619595710,15.145924451502669
-3.689899625149895,-0.803629008555839,-0.264543713747046,0.320716968850878,4.079695334787550,1.864743073124042,1.544374433586201,9.139122221508096,2.318403700572802,16.237052651202379
-4.657869072878110,-0.592382559176957,-0.086297824332379,0.294786089356198,4.436476551075293,1.967811225007639,1.416116861610977,8.041470133170655,2.056907894545322,15.826448769080589
-4.726503741590218,-0.158872680141582,0.046824629059236,0.463185163237006,6.407014221841086,2.325474855430808,1.277116111304585,11.426714924666094,2.562086284395594,15.814839030766411
-3.900941944073022,-0.750538896678957,-0.202137394939865,0.299288301334754,4.159159695832932,1.880786272905719,1.502990763800776,8.579980693984730,2.173390121691309,16.283233243619993
-4.648712695361830,-1.146035399663262,-0.507597455007363,0.157384684867105,1.518306182654475,1.336695196878561,1.417005234573994,7.836360452330317,2.128107224448275,14.135353711367106
-2.325272971035456,-0.303521673453633,0.077206131714956,0.496001799303641,8.481006915459863,2.979093618065245,1.815346125862472,13.620621902216435,2.877036498474123,17.203478411415535
-2.825028632334124,0.110524580169909,0.261952007602317,0.519237443242520,9.493332031765226,3.316203982535373,1.719933684496002,13.965851809808036,2.938294347555576,16.784828774601483
-7.496016878779717,-0.652607937749466,-0.138105408771028,0.134445297509904,2.269139965900626,1.387520190852864,1.044271965271683,4.838331715796747,1.571823254675582,13.141440250414593
-0.999728648475843,0.267284592460805,0.495031444930996,0.693421418913001,12.182401880262580,3.760839070663489,1.876347812537968,16.891017004079849,3.180984298162581,18.311567124436198
-4.616186719118719,0.226433195744921,0.262560317034386,0.569119921878505,8.380177917907281,2.763833666929382,1.221824334266858,13.382430434374946,2.753666318917064,16.512734385598510
-2.831011945236980,-0.478153635165459,-0.039054909035986,0.422743860224208,6.892806215815915,2.607877758461394,1.710813697156812,12.366791760625965,2.700537911813488,16.421821579699913
-4.889975086818229,-1.307804374614203,-0.623974976550249,0.101156259574865,0.528399453435701,1.078469989613889,1.380170649625235,6.963554485854892,2.021297011966187,13.985661868767938
-2.358606726875287,-0.296469497647981,0.066463959160193,0.492004098880498,8.581964203480572,3.016732534696227,1.832557433844446,13.619870615566064,2.894305028020362,17.361911367787133
-4.108197078515488,-0.634513723433362,-0.230360592200158,0.258036550312670,4.248592477462500,2.020266319705743,1.444142214762740,9.927993616645544,2.363524111185789,15.031680900612532
-2.537905751277510,-0.107289781121943,0.236832992738142,0.470688145209050,7.320409690319286,2.659686264257696,1.424873864053352,13.335318783240545,2.564212125963119,15.736918447493014
-1.640940393438033,0.475347368082226,0.530761945613985,0.768485094933263,11.622910509821997,3.789806739816536,1.756565487595100,16.148638599378550,3.196054408880524,19.225348463970040
-5.266874383837216,-1.143560381402219,-0.481777449787833,0.109600746980897,1.000382815105899,1.008167473459866,1.240363857191426,5.771272515041168,1.757670453454182,14.482844429614165
-7.302991160102767,-0.832555209997846,-0.265607741860279,0.087319171504584,1.332768450633500,1.099589294079972,1.013025960570500,4.400517763960514,1.507283387203497,13.004232676836541
-3.278305055856608,0.181833179593519,0.282974969343654,0.491856405802659,8.933360029799564,3.224384887652302,1.613973659863692,13.410403359410161,2.860357432967771,16.026665235169862
-0.273385892062816,0.919815427118922,0.836083886199869,0.942468674089865,14.557526888153665,4.604386840211826,1.935189572482350,18.878812001967326,3.534690445416363,20.837549265778097
-1.614818803148932,0.008500898509382,0.313825367685573,0.630865658942901,9.601707661584419,3.377977039424226,1.882963327166884,13.576549401520019,2.880552780975062,19.105908611263221
-3.848617058439263,-0.051670869237756,0.297508726357349,0.489106100561284,7.844841142443931,2.975961026656793,1.629837166243821,10.561669541993574,2.407262161435295,17.301301264129524
-3.839495434842551,-0.413489752991311,-0.090765717933632,0.323775945137042,5.578784985119944,2.361114672562276,1.495858238666804,10.946228290931963,2.505449870380911,15.367101448980652
-4.756421146042573,-0.902389714449344,-0.415061122956801,0.147425585093532,2.071310510880527,1.474790380604811,1.298876729973086,8.159690327813273,2.108274252925018,14.114432059103951
-4.489631415251726,-0.591105150599169,-0.085380003222978,0.304468488686581,4.560510103766239,2.000774864220698,1.439078020429386,8.241915413273823,2.089016228420910,15.980106170409631
-1.000176716378260,0.685279612622044,0.674704111555263,0.850839994461547,13.018924363228370,4.174070928897637,1.840386618418757,17.445530237712141,3.357037299427596,19.990793836515554
-5.772794564299854,-1.282357489922380,-0.582842183732479,0.039756002823441,-0.175809930071490,0.683878143127966,1.136944945332909,4.745222356231856,1.603516823466709,13.786007527092824
-7.047191895858621,-1.436166494698852,-0.826172175375390,-0.170770570785671,-3.982422981584387,-0.062984879720301,0.723054354883782,2.994322800990452,1.318940917133769,10.534326269149933
-7.053937663657784,-1.699831709549233,-0.911786415843671,-0.103567265852094,-3.861046186038914,0.002435065282849,1.001309667262587,2.953243012006218,1.490080434236702,11.048888657972061
-7.346687739470219,-1.931662928890625,-1.077060906741535,-0.252995677009349,-5.498843612636586,-0.674954774034252,0.751888300987323,1.000422942747085,1.059290533897624,10.983057065696261
-5.867396891948946,-1.658345694102278,-0.859154513443725,-0.058830562470500,-2.301794547214934,0.200060710083828,1.118053237738733,3.863520524009508,1.540248845498784,13.133864691866183
-6.303224741373743,-1.446876873928606,-0.746706619728879,0.028397925621158,-1.413515668389517,0.479804226254724,1.139012334233161,4.621416415392381,1.747671428464088,12.673386331463593
-7.069266630194186,-1.728838950528806,-0.933320490171410,-0.105733055306637,-3.893302623349167,-0.030925936200707,1.009289866213512,2.842938928372226,1.489639210135355,11.158057920550636
-5.901292539326239,-1.100037936634869,-0.480872679659259,0.051587664469264,-1.024301428030493,0.771081368637435,0.980280534441459,5.976053335897567,1.688395863339192,11.631351839273879
-6.250074224053893,-0.999732475719196,-0.541774208163770,-0.016971491080471,-1.069419257632740,0.737720722876861,0.901023538745205,5.434300701156352,1.680710311857297,11.574845211506744
-5.586274609605592,-1.605928490567957,-0.838010132173349,-0.029810847401581,-1.803946600154485,0.438577802982262,1.206925341476113,4.857630385790734,1.708046971071233,13.223490570634130
-7.410416324532800,-0.999615161298592,-0.385811190037461,0.030060253811686,0.275503048899144,0.789380073733670,0.950697952005736,3.713331907083151,1.406915221720037,12.613124246901197
-8.955857137018182,-1.551529087614818,-0.896419152085652,-0.127502009593720,-4.278773840162865,-0.304828353839885,0.670773147430940,1.781478598220636,1.320180792755856,9.808869818665830
-8.478390597041004,-1.266039672289012,-0.792056804884192,-0.280436700696776,-6.253857807804161,-0.518010311630836,0.306423560110122,1.000193269814125,0.999565783377527,7.550059468512830
-5.984680687368428,-1.645228103993980,-0.858469395413384,-0.026977607998286,-2.207620344950750,0.329211103241941,1.190493130996707,4.263086818468358,1.685514232718564,12.792448425439620
-8.741462754793687,-1.372201585481770,-0.662286507104855,-0.155742843285280,-2.885449886673167,-0.115510474459296,0.657080277927417,0.999983866631104,1.000509267239359,10.623726895180898
-9.072431157114412,-1.696286209837046,-0.982623202661184,-0.178400963886138,-5.271512203750456,-0.510245002495655,0.656824461965019,0.999542730340685,1.222210419960806,9.392650079664822
-10.155101627611227,-1.000395182720434,-0.629208396250499,-0.023398408496990,-1.830008306381581,0.080099536830043,0.395929521286668,3.674625560357121,1.447077084030361,10.062022303503017
-5.710312027832355,-1.545613371999245,-0.787994759019263,0.017736010360122,-1.399466927869833,0.498258211278535,1.230348991430686,4.801021367188176,1.757550241069147,13.287289281128114
-6.226210216347166,-1.418157216645790,-0.682786297180876,-0.026690179278928,-1.316826293389307,0.371983517663156,1.039674547119313,3.791994377211089,1.460993218509181,13.125110506924120
-6.839673310029902,-1.854634939350702,-1.035407890179674,-0.205940497440288,-4.762536682238954,-0.395164515465429,0.859827173713063,2.099628220885214,1.238787150337636,11.466237374486600
-6.155243097493475,-1.082016666054842,-0.470843417115955,0.020603452268983,-1.724434651467016,0.618732330264176,0.850802884869017,5.543043826007355,1.555640265231192,11.086596443619857
-11.923731912481916,-1.361595571606313,-0.894837809101753,-0.214191295534519,-5.178182242468518,-0.762752985781593,0.111739957183796,0.501114516866145,1.000531203158465,7.906134222671045
-5.908240246727953,-1.557011121754687,-0.800832930280792,0.008015547112920,-1.640207351087918,0.444101394656836,1.203485497948778,4.590588802761935,1.736293592218999,13.020544111478348
-7.152815213944230,-1.704658661815207,-0.916505292600356,-0.111448264783669,-4.025525973352240,-0.033400666808181,0.980125981036661,2.813611373534335,1.466586881506632,10.893543498416438
-8.012753099269631,-1.515293591362691,-0.794815226314809,-0.187583810036125,-5.785767515692408,-0.340536022770739,0.565333134485933,1.832248503901659,1.080190154052346,8.818932327779198
-5.853122653688391,-1.541058400362590,-0.771602636535353,-0.031718306995458,-1.666504252314690,0.321660371844426,1.107819867733564,4.040155920298779,1.535921566899493,13.335870315560800
-5.746352207728997,-1.653470572926451,-0.860924951383273,-0.029032109603810,-2.062582600671670,0.364139844057585,1.212801640435799,4.487296872596906,1.694285142097474,13.078557807725605
-5.885382566944109,-1.080973976457089,-0.467415207442001,0.053577781710025,-1.000174501140999,0.778488587244236,0.967482328123927,6.028692301523100,1.682026007027797,11.610311768739979
-5.628652154234246,-1.281441681886315,-0.671467301385782,-0.002899236415510,-0.861795404974908,0.714572302423984,1.105341039806042,5.718360698615405,1.755334206906774,12.906804161107647
-7.435660605127758,-1.741818828028003,-0.954829059952073,-0.118630783474729,-4.178282765158508,-0.145386089490491,0.951391668564890,2.393081738228878,1.439117732259859,10.899425150182328
-6.953250039443041,-1.610156848275945,-0.847493970331742,-0.086261783949846,-3.557116369015797,0.110296678137782,0.989637967368239,3.334252954060324,1.508868511581568,10.970744032579791
-7.708957206311492,-1.790837459951718,-0.988971424673547,-0.153381106527346,-4.853918361486615,-0.278353706653736,0.895750930542388,1.895353539089277,1.358083117138847,10.383634645826891
-5.372469755404129,-1.514517080632495,-0.753830806088695,0.022335407930308,-1.000425215421695,0.549580274591800,1.239040404989364,4.973554979345002,1.726289321054977,13.834108551665867
-5.525008536655847,-1.579940572138691,-0.813156471479174,-0.004636687643879,-1.508120963091040,0.533031012233873,1.252446817383838,5.111224839485820,1.771246602640026,13.282428662605543
-5.343425010284591,-1.479904070134898,-0.743098026879683,0.034666853949654,-0.810384491796152,0.733523966466090,1.299065526949825,5.766007332660755,1.866366558587835,13.439788396257558
-7.297047683737560,-1.238848527495806,-0.593364548901013,-0.120502977233975,-4.625674762922893,-0.030745241999928,0.517087791991814,3.304509652400546,1.129873335413370,9.331796378860094
-5.460622074376058,-1.385060224589296,-0.676314071126774,0.055705715409880,-0.580313143679485,0.823103968289710,1.278099942117395,5.992823464173788,1.890432573768642,13.076962590979310
-5.407188251422525,-1.524223320228435,-0.786066336421607,-0.003049405177928,-1.236674411220827,0.594818390506641,1.237587399135901,5.397610279816312,1.776965176747861,13.430545149466543
-7.000853470257873,-1.846328424401209,-1.042049412114764,-0.223986748379924,-5.053376223636826,-0.456734732905649,0.807787119559181,1.906617302099042,1.198368354100815,11.146108370707584
-6.223014163931012,-1.543833933776051,-0.845380227128156,-0.103804901944631,-2.806465907827909,0.189311910141096,0.976161721480157,4.030545873178020,1.511208593932231,12.117293361529182
-7.073017128315541,-1.907770278283425,-1.069371601247366,-0.233736581129998,-5.238781472055360,-0.548421770255193,0.806765865216152,1.555419211609368,1.152615474470405,11.196944467286944
-7.541561613951608,-1.924984748555602,-1.109184271285841,-0.289704552392156,-6.199264743393849,-0.768957775119223,0.666321856857849,0.856201915070350,1.024740884228119,10.307630417307355
-7.443851484598898,-1.764705953535401,-0.964663167047898,-0.135244142480392,-4.492478153846003,-0.176777431033504,0.940428951161577,2.282642668323823,1.408816072197481,10.663009412381729
-5.436663591080386,-1.498387846453917,-0.755513056408492,0.026934826416538,-1.000480673654091,0.687921153406573,1.285494291823314,5.591091353557935,1.846003967265982,13.306480980374904
-5.774330637052387,-1.652433132475805,-0.860025434672950,-0.027620957283783,-2.071806208075567,0.360302135654119,1.211520996381529,4.454418050888015,1.694197838801827,13.052081636980706
-7.491143154161723,-1.751449746606328,-0.961898033626613,-0.124862518932842,-4.298804096827633,-0.171274064555026,0.941141217168587,2.296720790460134,1.424637837168745,10.809584702496881
-5.853300269665883,-1.504001452113961,-0.766645673357497,0.027846343385133,-1.306313410498627,0.519378716316392,1.212535891161377,4.823493571526504,1.769641911310245,13.142594285854916
-6.334676009583415,-1.000305031378721,-0.416041597090541,-0.012622948740202,-2.541607319158937,0.453633005043325,0.643472013570000,5.250539691637349,1.362931457119961,10.484848985956848
-8.792456973808552,-1.803443147850638,-1.007975443587192,-0.262176496367336,-7.093328296272910,-0.714207338390698,0.578624077849307,0.255277650913562,0.999718584430763,8.324101319604910
-7.553586770932423,-1.451177244227629,-0.790969862431700,-0.029778372524257,-2.535874528202238,0.163047174985702,0.919036251920680,3.464735753731410,1.575891109476860,11.338457633601838
-7.871177805648173,-1.712078950051164,-0.930998399517465,-0.172118176838995,-5.296420081233771,-0.298977464713023,0.793568905175947,1.800609844784666,1.264971273399009,9.662302582076354
-6.519279791894693,-1.504597365544712,-0.787883550504571,0.001176639291198,-1.920465195386294,0.359782012817827,1.104809998401587,4.201213452541018,1.691580130171950,12.357831172991627
-10.530609146265068,-1.230394481133697,-0.771283404811802,-0.108151568691320,-3.466388371026108,-0.286011384883683,0.353754142781494,2.179219248880762,1.269782934555447,9.229009143227263
-7.781717008046744,-1.343724883151292,-0.672522211120017,-0.175164749510692,-5.688798021566038,-0.277577331421828,0.435782640968631,2.346439762690856,0.999613440928213,8.724303827470710
-6.631916120202334,-1.743327880773139,-0.971484360059996,-0.173155185178408,-4.136316653285201,-0.191596685044492,0.894459699545298,2.794665043899776,1.335409532171713,11.635810016925706
-5.824421408905799,-1.014737393552032,-0.420601260839542,0.059998660445744,-0.928380847166489,0.801238897598945,0.920392654631494,6.212911701519196,1.657225030229908,11.543833031982064
-6.687179855234003,-1.678181054707747,-0.896118718936053,-0.063755265273731,-3.070541956961018,0.122552774602805,1.081417000928447,3.420394806387484,1.583120756137010,11.878829987830404
-6.870454963795851,-1.298373621902540,-0.598576322377774,-0.031712685459963,-1.124653106474080,0.398307267083086,0.952404611256306,3.336888137770010,1.366797247061949,12.647280762954910
-5.821429931395091,-1.314583785883730,-0.629799057046022,0.042541497161913,-0.999616961650498,0.747554833000119,1.163128735562747,5.696471269199313,1.800799789034947,12.297709225817943
-10.312395535507306,-1.926933066702812,-1.116410279326419,-0.427910643353823,-10.390059297664118,-1.445315802688772,0.149587448677830,-2.395077616670570,0.474985891781188,5.981752409377481
-14.307090273196899,-2.525616718249358,-1.571556818492232,-0.856097817322110,-14.978712385501831,-3.526305180441011,-0.654010066611807,-9.585244315829705,-0.631409971613717,1.597684773378449
-9.523166717037075,-1.939473898671956,-1.116291714259177,-0.328600729070488,-8.331542686389037,-1.041389902154497,0.474573775864460,-1.000299926573754,0.846718364871588,7.564291299885798
-8.612486641738936,-2.003208936101416,-1.204236476056752,-0.409593980022171,-8.344575947630711,-1.313019697575737,0.369451833727833,-1.000490652358118,0.713564907627969,8.420838632531190
-10.017578007339733,-2.149788306117058,-1.346991753452039,-0.567985026575746,-11.244418675437055,-2.071396537222914,-0.006046731838794,-3.598343957458447,0.295367687347561,5.941689293815801
-10.846381667771023,-1.999892004194255,-1.212806965422742,-0.368648041953219,-8.813805286829814,-1.344889395537952,0.328055908736427,-2.140930888147360,0.751197249880832,6.962449360813838
-13.321277570643971,-2.245784142170637,-1.435175559553106,-0.579010057432125,-12.532932739263936,-2.284894386871348,-0.141856891401643,-5.698329710431786,0.179614615102609,4.128342826879435
-9.781809563107316,-1.927826895410234,-1.220933252919076,-0.516529853854817,-10.450553393972848,-1.767245451380011,0.013141728365410,-2.729931706988233,0.424577933170880,5.924262828930654
-9.078508982074251,-1.834252557835695,-1.005223364026330,-0.324881378226977,-6.148829020351480,-1.000399297892170,0.460768140769394,-0.999744772078949,0.705420729128025,9.342011332839679
-12.064793539141398,-2.131856928157574,-1.288192798178954,-0.626993395892857,-14.222641391371292,-2.307541911218810,-0.311204666011034,-5.567087633839557,-0.123527833289792,3.533901597132245
-10.207929567612421,-2.279449808884225,-1.414907451367936,-0.596188660015361,-11.621564644277578,-2.250269353792480,-0.014596525927457,-4.161819694091442,0.212765376748852,5.979424785878581
-14.053063848638363,-2.394442711174095,-1.507736183112136,-0.846431754973648,-18.286796376531210,-3.238988064184785,-0.778555809553690,-9.106929285972747,-0.756695764352436,1.000504067873709
-14.996073322077187,-2.571453384842719,-1.662885535358249,-0.838653581291413,-17.643962166507631,-3.324095079906646,-0.626081535035507,-9.729960077447068,-0.568879798311764,0.999528608887846
-11.652608934630894,-2.194654120248953,-1.332686649179682,-0.528726273062331,-12.091902440828642,-1.956523565290401,0.045015649006735,-4.474840673791570,0.294900429352736,4.907686713504535
-14.852553958406080,-2.077162490549132,-1.397958571511613,-0.585869233061797,-11.992606692138247,-2.364049687615950,-0.392051376845623,-5.777711117360192,0.107192536825542,3.712765615058646
-14.568064277710931,-2.380853630106724,-1.553674355298333,-0.691808845482962,-14.505380762190009,-2.774653927617966,-0.385280299602918,-7.571567144991442,-0.129656744492824,2.690491767033410
-13.348837215286125,-2.353483881926354,-1.468337761701314,-0.734104966425675,-16.065753283567201,-2.807070417415095,-0.461225769617945,-7.616583721299159,-0.356180414809115,2.275594601686936
-13.481253426859080,-1.646669430754041,-1.109630912690877,-0.377029015765727,-8.024455386080911,-1.473818418787677,-0.150585972487425,-2.202039262510604,0.605547970790271,6.034623335126827
-8.439861452156737,-1.773335406653011,-1.076267041111294,-0.361656345293107,-7.537518096723966,-1.017430891316683,0.373676194278085,-0.145166306614734,0.833316419524173,8.337081660699841
-10.107548982892848,-2.308026242217643,-1.396561636450738,-0.566003501074902,-10.849917317621726,-2.153972596855508,0.079625248157800,-3.971690086077225,0.249589134958153,6.711479129180719
-15.228498771628036,-2.425381607957714,-1.496789480812845,-0.856420081966993,-14.564011013645279,-3.469188234365338,-0.713304445113669,-9.990962937591753,-0.684075344344287,1.009237563392634
-9.980711457193717,-1.819753104312923,-0.999748683569601,-0.368933851731207,-6.678159036684542,-1.177647038827655,0.325460101998505,-1.971126409439031,0.550023761562890,8.407622435770481
-14.592399581152879,-2.182336539044609,-1.304659456030883,-0.728879946654763,-12.197330153255985,-2.808988166363453,-0.484803961219370,-8.206647797114165,-0.401706697017478,2.536681090393830
-10.615087586521003,-1.926844179987576,-1.164670610599996,-0.330473183698858,-8.070084343314841,-1.187353371571281,0.375608469254782,-1.535436303795515,0.842067610724765,7.399405356883011
-12.419549441901918,-2.200720524281733,-1.304573820593479,-0.632192417844657,-11.090877642694659,-2.433790595270833,-0.198279692299918,-6.123813648836241,-0.091992804606623,4.785414370693633
-17.573603454967664,-2.349950911353166,-1.646383997381194,-0.814251504017195,-15.680301391468470,-3.333163438283127,-0.892472481633173,-9.450693373053760,-0.509619028874591,0.999926797085794
-12.009272670105542,-2.047460988514149,-1.184424300005526,-0.553931255981364,-9.644141100628554,-2.037647963481089,-0.065049576534445,-5.041539117685894,0.076646857153946,5.673719483489680
-9.770164167935462,-1.773737529841653,-1.000303530261903,-0.384106073075505,-9.647092351376921,-1.228547567047106,0.152860398999824,-1.438059608653313,0.526789143759453,6.399630615323662
-8.657746732899067,-2.095654177945275,-1.210869260379066,-0.393258729131774,-7.810314952490581,-1.340678886913712,0.446166743620955,-1.317805646102621,0.676812343053946,9.123111203249341
-15.805717204376077,-2.241743025741194,-1.523092817721355,-0.690706774144335,-13.863007846715414,-2.808906552796931,-0.571875001041662,-7.515400563331533,-0.163654194327462,2.486733475710781
-12.551559332220574,-1.796348705786780,-0.999450084282529,-0.488021404787658,-8.117710643999851,-1.631709370919173,-0.021530901510927,-4.522001585421614,0.164320602097177,5.789760884725086
-9.761379858382398,-1.840715360477748,-1.047377777982113,-0.371136593359423,-9.310088694506897,-1.187084344827444,0.257628872709311,-1.412208601261178,0.624997724443910,6.671320552791957
-9.928574688258021,-1.912406676455367,-1.132755982288815,-0.293349926889886,-7.453044413350392,-1.000162028524433,0.499294542401340,-0.843673133960075,0.953851903280664,8.034965143871677
-10.156372228709341,-1.902489626479164,-1.223918567715085,-0.549659055994811,-11.136801057514527,-1.913508263907109,-0.099840723616650,-3.308409408522558,0.332175430413436,5.095353006501244
-9.673444061851150,-1.911956519397664,-1.207483710242351,-0.503581075441006,-10.208756372328901,-1.703325914630175,0.041706153588731,-2.513307121417321,0.458608091049409,6.115902033437254
-10.926363703556735,-2.250956265219499,-1.441452063118492,-0.670115294412020,-13.126051261328394,-2.569195913147785,-0.247126525301113,-5.301534680178812,0.024492477754783,4.304559623686276
-9.977981401150785,-2.020082640565739,-1.185252072130830,-0.357913843385867,-8.821494633851183,-1.210442641206019,0.434948899035890,-1.652943142376622,0.792008857871895,7.275420388755964
-14.409533046720664,-1.964896832199205,-1.319864711580196,-0.525807441261485,-10.870040303652866,-2.108983757906036,-0.310072207605346,-4.764127861481549,0.255331400099607,4.395134242711964
-10.961734128131472,-2.033763355559885,-1.330795655440740,-0.647727694556219,-12.963425775953135,-2.403705915890495,-0.311253150983642,-4.952482595911371,0.074807085530104,3.660232779555730
-13.373025595187034,-1.456625005963072,-0.999922786451439,-0.312538347498241,-6.660022540603189,-1.199163619183044,-0.143660958279236,-0.999801907481989,0.741312739527641,6.692802301845307
-11.390873577351119,-2.408821679889236,-1.471898960076378,-0.667811466500642,-12.373511053578875,-2.655984250760260,-0.165689848032697,-5.912776973292531,-0.060296506682761,5.103758772681107
-13.198913424384855,-2.655896825022024,-1.732615470539328,-0.918362242179780,-17.268376299313470,-3.844461940666922,-0.746669121827374,-9.598319479815650,-0.650189531346946,1.000282515964858
-9.482372562158041,-1.968557755513608,-1.141521799430719,-0.310748737124925,-7.915671622687990,-0.999449513788424,0.541040899264384,-0.851778352530865,0.925022565549817,7.959244503711164
-10.619488387974048,-1.880524963348564,-1.139149997566204,-0.314299333350124,-7.731043683725455,-1.126302936765971,0.376564852100501,-1.293414400317894,0.874131058745988,7.533715141941246
-12.143748601726564,-2.083486911896697,-1.409262664063808,-0.771457569465706,-15.429735604074915,-2.999222507346052,-0.651276348494836,-7.100793612509798,-0.261066654727703,1.159171916556391
-14.745489981109099,-2.559287227131053,-1.600758855422319,-0.891198407183771,-15.523232815493282,-3.690513665005835,-0.736730177823066,-10.196101386792925,-0.725488380225510,0.989155198678094
-13.694334788956159,-2.394261716566507,-1.503086419925825,-0.771957064572598,-16.766937410915457,-2.967114949844562,-0.545750611335034,-8.222343641120069,-0.468143065613003,1.824040446485202
-12.946526694231714,-2.281705400860062,-1.439512888609835,-0.582043850227692,-12.754637948066113,-2.271656542411482,-0.096157371132609,-5.680894419281523,0.179130174573553,4.181938986837696
-12.813089694644805,-2.631939282885675,-1.684415292422684,-0.860075729673792,-16.012031027603509,-3.576298576206900,-0.590274125060242,-8.769562196295574,-0.515752688854225,2.147717173946392
-9.743006203105308,-1.653417993999987,-1.067373295167913,-0.470118562680157,-9.783810005461214,-1.483544751004527,-0.015525984873319,-2.061677546086067,0.525509240668690,5.509681327549532
-12.596989740019474,-2.380342884557882,-1.585826740869927,-0.851824940954636,-16.579520090186090,-3.450371165377907,-0.711622337516296,-8.366520365292736,-0.460884680567603,0.999756869984156
-16.228727578374041,-2.687552370283528,-1.756405426776816,-1.065039500562304,-22.121835225582540,-4.159765654104821,-1.211134047743048,-12.753232597872007,-1.359023034511513,-1.490666922982183
-18.904191412105792,-3.205196889461413,-2.178951983706520,-1.415631264698923,-25.064525351467037,-6.300872651530907,-1.919236598092166,-18.363715056401652,-2.020074033923770,-7.615379326603471
-18.337874272065736,-3.074915188319565,-2.051286126905436,-1.305458407662142,-22.809843765352380,-5.734383570518372,-1.660804306649746,-16.738295232185642,-1.754793978272986,-5.731686257979942
-20.817900523354698,-3.385423300311939,-2.360611585269631,-1.621111722650741,-28.701987612599705,-7.323046877538244,-2.445379022455796,-21.750412700539137,-2.560885392053656,-11.703208262787125
-18.559729774205323,-3.131877078520666,-2.214269173133922,-1.490437277637325,-27.706646287166759,-6.683770006424553,-2.207934177061697,-19.284523772757844,-2.187169102582448,-9.944624145670428
-16.231000757968722,-2.651221057747201,-1.682484321052806,-0.999823706957388,-17.145458267812980,-4.190459977676729,-1.000348936555241,-12.127439025085160,-1.020391283892355,-0.999712675875100
-17.301295173583519,-2.763852432853355,-1.859250019436426,-0.999921930599733,-20.105848095222850,-4.047536987901272,-0.999848977514816,-12.546629259428364,-0.999501891030086,-1.000265184098095
-17.295568380330568,-3.096062217857969,-2.096886424935012,-1.307641797815710,-23.674413759499057,-5.782035630978013,-1.657891645755459,-16.346297244395494,-1.710594505860026,-5.591038510763139
-17.836076748004583,-2.830374503012272,-1.914806625362357,-1.059209278642470,-21.157926048987033,-4.287109129127392,-1.124858145530388,-13.488766882484875,-1.172805354280678,-1.689729447272879
-20.667721924149571,-3.020506217954892,-2.126813175827591,-1.257718990195941,-23.954048432761706,-5.113468159265101,-1.617847436642371,-16.722688893917912,-1.733429854537050,-3.998205764920255
-20.924486754905949,-2.869869523493035,-2.054465370392120,-1.185926657700668,-22.116461442333584,-4.841483209593609,-1.574517288429766,-15.511604478285058,-1.527837730221714,-3.196052475645144
-21.147733457272594,-3.410228957134846,-2.426686740861149,-1.709537179906681,-30.814604847779176,-7.783465256239553,-2.717112025592588,-23.108002002914198,-2.791518079692928,-13.876295496325820
-22.296273688540197,-3.300721896718337,-2.340077537741801,-1.515626379957922,-28.671731328412786,-6.061356487805040,-2.128967622791292,-20.627606088151602,-2.534960383988231,-6.722901717043709
-14.741387165408678,-2.827875955065336,-1.844463522299630,-1.036065497135370,-18.858488290221228,-4.444138935892885,-0.999794989898446,-11.854163222891039,-1.000434640308274,-0.745244961688951
-18.742607722061457,-2.977879428494409,-2.025102890103257,-1.207388328061848,-23.992680693579782,-4.847639387032520,-1.435435797555573,-15.692674000541452,-1.638428424415365,-3.322324077657965
-15.406375115745465,-2.839462310145842,-1.933576205955345,-1.161391635666037,-21.839975581468163,-5.033338847311374,-1.369786447802538,-13.646199708747709,-1.292406802300128,-3.571209231895961
-19.333695813660299,-3.251039301756108,-2.290840395031378,-1.551980695346254,-28.427643700165415,-6.998448495357800,-2.322626270397132,-20.367473771098908,-2.356272003312462,-10.756306777794048
-18.769076200279748,-3.218598746627273,-2.200281354733671,-1.429800718957316,-25.539040807578626,-6.380839436157292,-1.956051269587265,-18.500471687939530,-2.046630534232687,-7.868892858296346
-16.389254706730942,-2.999570432131015,-2.036937965162338,-1.246542852662235,-22.981897527774404,-5.475211107161440,-1.531124071942756,-15.176912161579658,-1.531070201936782,-4.671736977582083
-15.578795475733962,-2.791427253834908,-1.924123479062725,-1.183040714996428,-22.455649602789517,-5.126443015775284,-1.466586283107581,-14.004134595941373,-1.349916851605986,-4.381265584504132
-20.684654599964091,-3.170218627512232,-2.205402484526726,-1.388803795980797,-26.890655100095810,-5.566066212157001,-1.837720181083358,-18.584917513852879,-2.169792316055764,-5.337653619600968
-20.757056204405654,-3.341471727443893,-2.305438498695314,-1.571323453597398,-27.492223236474242,-7.055089607634053,-2.313432903525374,-21.048119904708535,-2.440193516926335,-10.719643559275578
-19.605124919495903,-3.302274438484944,-2.299021260952727,-1.542521465990661,-27.771573644529010,-6.947726372358372,-2.255849537330887,-20.303223233543186,-2.338344792436306,-10.183949900147677
-14.639445527921286,-2.831431870440009,-1.865704509364191,-1.052843179087055,-19.409713327093268,-4.521669214293380,-1.046210585838491,-11.976997523606038,-1.023460361945990,-1.092127012179373
