3.419235722149875,2.115950652232704,1.826196242818170,1.434690371203315,20.430828819613680,6.705752103174041,2.535462163112593,16.910273762197921,3.303320788919946,26.669300066731715
0.816466370540599,0.999515062414225,0.999784198344716,1.000087424903116,14.124325517446550,4.856610252732202,2.203137034875583,13.680892967075597,2.798571355326092,22.116182137859845
0.999856677361883,1.287170138187816,1.215359775294718,1.105434630107342,15.409691955082195,5.212370848787521,2.205678037567072,14.195504430779774,2.889950225575012,22.985429872125131
3.127892361029694,2.070539998668498,1.793791222353557,1.413428814927818,20.001226500396228,6.575083102846839,2.484946093311198,16.637647624622740,3.265531579557811,26.365596220899782
2.994069150980771,1.951336942167833,1.704599745702858,1.371304016842813,19.493202633889979,6.425200904132260,2.482589945732643,16.437733583600394,3.228501358657211,25.976124931203252
1.744719948973692,1.796764612993006,1.501599677274968,1.292182833291778,21.070324150683490,5.867731011470233,2.484413808478492,25.162085312626527,4.148066263785375,28.918111713083498
2.325597408812424,2.088922962429887,1.709656609318384,1.405872589238908,22.766510727175870,6.231896370722104,2.585087874201615,26.691418651161438,4.289435224966518,29.970579549856744
2.610475480817822,1.914904956236443,1.602956404836197,1.366766389239278,20.880192096081572,5.842845017498326,2.455298198716165,25.517575350071571,4.179968008329650,28.796252806325604
0.999436563999868,1.007019489415510,1.018804454648188,0.999599868627715,14.855167246859423,5.094986056806852,2.316359908711629,13.642710023995978,2.757439524143591,22.869333319664086
1.833554629936572,1.376323199656214,1.278515009513997,1.151892165811281,16.445542951873904,5.533439165209649,2.352506323325031,14.934193400395873,2.985315214140611,23.774024321117984
1.000108963318251,1.052351986458889,1.017890284131203,1.027107864674723,14.050678756741576,4.267469837425415,1.950750129134972,19.975543032213910,3.537281203411899,24.160023461835372
3.153977569769605,2.008079146126973,1.681915974558872,1.414918610399865,20.546562169456223,5.784606849516684,2.414544436810958,25.653236307293422,4.173608656041574,28.638803842975527
3.411930655367392,1.960418719594324,1.710274068009366,1.383334836527602,20.008173897349877,6.585683935007871,2.577316041462034,16.782357639698798,3.267927577398931,26.349146279739692
2.172100361120062,1.672617494235560,1.527058821107020,1.260009419562878,19.563801418286857,6.454371940100180,2.603207006915282,15.462907759944034,3.026983409686729,26.234388482677126
2.477728434468414,1.626103221963710,1.423793326395347,1.265250717039510,17.508362535905491,5.099363951280586,2.193065354213734,23.212406349821187,3.897016734714024,26.647749367839445
1.000096411429066,1.000150173704630,0.999948047350229,0.999783038988637,12.301852615750335,3.878918343055239,1.788322432706684,18.910377398008375,3.361845313509429,23.100477024687869
1.323196605985085,1.563430054392956,1.336850709104188,1.203291838169904,19.605093813540435,5.544979950008332,2.393320042420320,23.894996643555022,4.024211879171994,27.969269334769955
1.809113402999618,1.258002803197559,1.195920715883710,1.107759417536315,16.235271116771457,5.489608362451157,2.400382292913148,14.701877070157710,2.929357543151126,23.740121565899948
2.305033044851594,1.669251337152085,1.438789755576120,1.277201005257642,18.844728597974807,5.389439171690731,2.309369764069757,23.952232195865857,4.008342542100736,27.463744787338918
2.776217026425396,1.680245988255860,1.515609854395402,1.274555857140690,19.187045357016444,6.352910262205604,2.597729806420908,15.954395128282297,3.111622151220323,25.880447129018556
3.285784752656671,2.104951057160093,1.845050373730631,1.433803834466509,22.331996132098652,7.275057850269554,2.780087412547937,16.872912408771743,3.252719126765195,28.190999162647039
4.790746026631552,2.470570226072891,2.096732147378762,1.584961630308444,23.954560074148219,7.771458318900051,2.881368703595328,18.344956119387152,3.496777575391417,29.267656240025097
5.348433413574238,2.677051832084402,2.240356391392228,1.660380383392783,24.442068332302711,7.922120832644402,2.858746306072774,18.866310023719546,3.596975741828646,29.592680443981315
1.825260805504978,1.526956730575257,1.330948928200460,1.214900865448752,18.423772035361168,5.285527468859718,2.292875540752008,23.361046292229599,3.957503496019945,27.151720681975370
2.295317323653656,1.638278027768963,1.472702362901697,1.251516886690310,17.786436487825654,5.920874452113600,2.400222992332358,15.590228985020335,3.092972353800070,24.724302661280966
1.249628995640439,1.055192265300520,1.048817700720409,1.023557221046376,15.042097659455294,5.147342100241395,2.328780078291416,13.959379948350151,2.812461502816897,22.946312270802899
-4.458691161771345,0.052810403238440,0.218096227918746,0.419744225498354,8.493318747197776,2.980345352224737,1.591088197570538,13.572070712341574,2.735112610053049,21.066858926341887
-6.838449203030560,-0.672015346478954,-0.204343858931743,0.254342606453071,2.339638455271797,1.367937900928303,1.068379775867225,5.126575860099461,1.591312371831313,13.361868823374285
-4.679331524809459,-0.546711313178347,-0.101035389036613,0.283635897139924,3.772612021283607,1.939183195353059,1.410927223896989,5.870052616441352,1.591594409534488,15.458877271755588
-4.396674668366668,-1.019636146459051,-0.499954262026638,0.150125855221029,1.282975688157166,1.267462150036869,1.353919022815464,6.444701255818327,1.791272560573701,13.696506477620138
-3.185508693429501,-0.350651072767835,-0.037079409556741,0.416610786290206,7.166182612421238,2.605930712878950,1.592251523685652,12.962176616871101,2.777455522806231,19.233834853365941
-2.493874535012967,-0.138186910790165,0.184451455534400,0.507873270123781,5.594140634744434,2.164122798209070,1.295050208811723,12.305713259740603,2.573271599994050,17.861906040928226
-6.773390377885651,-0.863784472215675,-0.352417455854430,0.184066252811062,1.428274743981035,1.123174161807305,1.061527853431736,4.885873405144974,1.566123117083406,12.735224516194100
-4.488443125213184,-0.538784007912422,-0.098895188281156,0.292291016294295,3.858031791689684,1.970344937211343,1.432488311426333,6.083500294249472,1.626872302950208,15.529426241499342
-4.457543996337638,-0.865315129353699,-0.397568192304004,0.209808731446545,3.488409504534645,1.657100323307851,1.327449293921772,9.762242451155846,2.360972480522433,16.225882214005331
-4.676225078025791,-1.117624389791324,-0.573461848997883,0.106229171003733,0.624093366070128,1.089638837526059,1.304098120928435,6.068708306279898,1.744989902385426,13.312078476290386
-7.891631797148289,-0.714545273857137,-0.169644294094909,0.137092596037954,2.382733812405775,1.403889000561469,1.054265710140853,2.649662857297034,1.074090310540176,14.176985387474948
-3.827669550547188,-0.508095142248842,-0.066364097516325,0.330902359706655,2.243413009147816,1.324180510872572,1.000445170786079,9.353509803860401,2.156729317767779,15.394962779994293
-5.561375474410827,-0.871774433862003,-0.440646316118509,0.100963792070765,2.279932043868002,1.508534352631648,1.247762299521897,8.653422986125602,2.182068889091836,16.523608094749896
-0.269975620018887,0.886555999163481,0.920721687895484,0.941106442426117,12.892266804410099,4.471319953360342,2.023846650817140,12.718766081880187,2.673379826635272,21.147538426013874
-0.999796080246256,0.848016521625696,0.940996748026563,0.895813413509382,14.241573869524075,4.879304722440032,2.175128471097521,11.671767580376429,2.436335018762327,22.572023277551487
-5.206338220036603,-1.048247780113911,-0.505548175279774,0.129980074964512,1.578051939342601,1.108289655505337,1.110709057958724,8.022478827354067,2.099835576544463,14.452557935235083
-2.429360695122934,-0.198994801600423,0.128006469585857,0.481324584897324,6.598978994932025,2.761734522549836,1.730322403672225,8.840922485347765,2.056151158489114,17.334557966638634
-4.960652529404943,-1.040670181956159,-0.510768202000912,0.146686032021572,1.256047136553292,1.184240863193685,1.286133076354318,6.231662973775403,1.779573660775138,13.237904194672998
-4.999494030332787,-0.245258204215111,0.101916444764002,0.446384438424205,5.241022028190372,2.214786881923380,1.337929298499377,7.343529207793328,1.907123822785915,15.507581406007281
-3.633247257430657,-0.530309919649524,-0.122844796241199,0.351360861386919,4.607727629012146,1.885573668492149,1.294964486062801,10.930572789777489,2.461687106886709,16.889980113228795
-5.383431418189847,-1.222173623714352,-0.662800650524170,0.054875546358385,0.999400480475544,1.057705691916886,1.194637552822243,7.590168609663575,2.072523588843018,14.388209712417753
-2.398072726914382,0.179881471680494,0.328280372351012,0.600813321008570,10.784683423701068,3.519146779705387,1.836533172543310,15.915528993994325,3.126409563650777,22.178537637458383
-4.123360765020397,-0.740296248568781,-0.311194041120879,0.260225172446752,4.408555499974483,1.900981123976982,1.398378247744629,10.576434700741469,2.470307007474509,17.012250602751259
-3.306504089277883,-0.234771133821474,0.091626285340854,0.480340992254673,6.063126284544467,2.505426269851404,1.571172468869699,8.757911155984726,2.109039162467158,16.276700115390916
-0.999797770104980,0.655920154496102,0.751130699468702,0.845694524186852,11.443328317868804,4.047156732832383,1.918290849765062,11.847440718354886,2.547171894289024,20.091800781542950
-3.104875217149800,0.185444081035516,0.320939932345463,0.551519026431029,10.402992418576872,3.442720063642475,1.786160040601327,15.405410001372640,3.027233579946035,22.172456119452384
-1.644876106072179,0.449458554723141,0.599278786349472,0.759926043141498,10.149632363401935,3.670027690775135,1.824174039538329,11.060907873036708,2.434186565721321,19.151445592338540
-3.901122124887447,-0.064028324000880,0.272432286252914,0.486729723362688,7.507524362006365,2.949716323092651,1.645834749014444,7.503363515447166,1.811770127773816,17.927583922970051
-1.419956460934575,0.206644263802661,0.404595949842441,0.669593423502827,9.427712557934996,3.111802823198381,1.644772778579826,15.413064613104059,3.023280193041212,20.637914599848180
-4.526408045886644,-0.739868511537455,-0.334782632141768,0.216509326067966,4.151377237589628,1.926660171337665,1.411955016273294,10.330469559427197,2.433574327322751,17.443241259379100
-3.229102736632317,-0.418271278420601,-0.062967003401598,0.403108994002101,6.213243012278355,2.315546818451259,1.472106193438432,12.236063001370805,2.664789822385169,18.210610217579152
-3.794903101421159,-0.651790999966446,-0.208207404343329,0.277337559806728,3.292951280820234,1.850327717140636,1.478496883451218,6.833598670186962,1.776037972369564,15.195193707297014
-2.498581557127000,-0.311833899607513,0.035957253042838,0.443800136043762,5.882448456611968,2.561260160825817,1.695185994536658,8.767939445958074,2.063703613448214,16.803308298316914
-2.146019630695978,0.298353588796587,0.413223926930603,0.648643167812516,11.604106176743898,3.712556334509904,1.888844375282989,16.606666788237067,3.206947526909153,22.753363317833212
-1.408995466763802,0.697774300028996,0.787019684199922,0.853241382706990,11.402565565601378,4.021298995083220,1.855318262638270,11.579561889338084,2.513326984842730,20.045481726953334
-1.021466278993120,0.329658939300685,0.509542606366075,0.717460149672169,9.169332057415915,3.062333840692722,1.584809208765300,15.521618879757160,2.995940447092247,20.546392614746217
-5.744286634256131,-1.213058445049546,-0.677753090796550,0.005570842227300,0.331392401243733,0.999958153638466,1.165202487626816,7.123630526042003,1.997223853031193,14.705055074058484
-4.861215711913520,-0.799543479707379,-0.325652923417509,0.242498940961915,2.571454671314911,1.514663752445450,1.322128815672304,6.662613263842506,1.827958766443820,13.866273534515605
-4.249481557046142,-0.525636402317816,-0.184952131102124,0.288352202572408,5.529749856107486,2.276733649747661,1.491989863168758,11.444473866747789,2.567779928436112,18.596918332453605
-1.250565178150627,0.826968496284568,0.884473363441550,0.901980658008754,12.061358746737739,4.209200912403054,1.875140666787660,11.870060383327388,2.557850390043902,20.534303542669498
-4.874642510511332,-1.108272204683272,-0.558445128372953,0.083938440795135,0.151419883476564,0.999667459475098,1.258960292691482,5.338184756585886,1.603543147715057,13.213846068908557
-3.909890929771269,-0.624113272797789,-0.200876148271986,0.323256965320965,3.825755085644773,1.897426090868414,1.464558970731906,7.680546159819468,1.963817513059022,14.877929396834835
-7.076405338816958,-0.921151125937585,-0.392776940984482,0.156814907936539,1.008718932049562,0.999919922628044,1.016626381128526,4.528210281962874,1.515185426878989,12.420197372803861
-4.049538478723864,-0.714738312497722,-0.253502121425702,0.245837994244776,2.792637182167113,1.712560445699871,1.434428999723939,6.456618787477861,1.720668968141850,14.878104094692977
-3.365014706322288,-0.459513928594617,-0.083134222237993,0.385363790569559,5.581831647018902,2.142534608044307,1.399553693243185,11.729995919993744,2.585250057354069,17.667596478508493
-0.999871248922108,0.374770362731018,0.515047841719175,0.740849557698240,11.007025685669561,3.505045823702708,1.779757429655476,16.700574903581096,3.197714316239248,21.820709954681853
-3.480258710823765,-0.490337653253222,-0.099617338923906,0.370757158410641,5.131332050856798,2.022624380574263,1.349945592197731,11.363919762699002,2.528107602106294,17.302064611808383
-2.416974005325830,-0.004596805773755,0.208039460334902,0.554510068620342,9.563496079199496,3.200456078105169,1.753465822054238,15.005462679862593,3.028820736254171,21.068209743202736
-2.983154521609752,-0.255939209767655,0.029189159610256,0.453368943946448,7.830600566102447,2.774154078529114,1.638491465573047,13.525961689496075,2.847923746911020,19.763313634512222
-7.205268776119073,-0.566463447494220,-0.118642094332608,0.286771549818797,2.691121446053700,1.454955971174150,1.028072923060502,4.988045667318776,1.564796292319463,13.625108083195320
-5.999448198541668,-0.370606389458297,0.017348503447865,0.381718816124091,4.181515603311453,1.895586354489587,1.198098497035941,6.315133398468998,1.757974177511456,14.720635819411674
-4.580395998752760,-1.050836597622331,-0.523030358895748,0.141449458477511,1.184420868845934,1.214921183366989,1.330927498591439,6.399659300681794,1.796387242113076,13.495406122601386
-5.469139145943704,-1.237112216177760,-0.667653856247382,0.052128341771707,0.877364554027480,1.000500227505404,1.166426062140553,7.437193216584294,2.048870865795058,14.149830481117325
-4.666006665186782,-0.723777453437629,-0.269544358630519,0.274410244220016,3.034462941788917,1.644832024042478,1.354473740536823,6.933547143297876,1.863338260906231,14.177308497684882
-5.127252287675336,-0.649447484581579,-0.281670156244878,0.189582181316136,3.946483460592646,1.914444524377706,1.352887482307244,10.013784333088903,2.355475339799606,17.747977215367335
-4.086759746184303,-0.675198138057336,-0.227997855976686,0.288639211109868,3.700451931985726,1.651441771885536,1.232134842351206,10.068525180304558,2.352641824093111,16.164595381590026
-7.132463771193361,-0.765115324976819,-0.371573066771853,0.009980326168863,0.999980817291857,1.181310539742277,0.999851694243272,7.192910370141082,1.890308205973249,15.991072570992307
-7.498709232471409,-0.403748067290884,0.010555830002863,0.342000915884621,3.353664964732645,1.632827722010126,1.000360347686957,5.027050487662056,1.563724159967040,14.171876140139906
-2.789129743544667,-0.249812116653153,0.050096961102798,0.471770129436056,7.585078892560119,2.674126252891603,1.587397641335768,13.412138868603240,2.822755994467839,19.336589216617561
-3.584238573115268,-0.409638778901622,-0.014759578458124,0.367716531632030,4.937720285569043,2.288833642072666,1.561449367510722,7.254808693407728,1.809624919954358,16.268343266085274
-4.748971470230817,-0.592849573828383,-0.238377119878690,0.232771589361901,4.660979619505866,2.081224105893631,1.416821886454869,10.655561711530066,2.450532849627598,18.154351649921772
-3.544701887631771,-0.702667092574115,-0.263261522645938,0.290727792892787,3.411837356022972,1.841387903939427,1.505431135908720,7.675308950100987,1.951779668137077,14.957269148095426
-1.815714028374966,-0.088028826620298,0.199922155115066,0.544592605066021,7.443364424984367,2.991596838243516,1.809797300991212,9.773554098553543,2.209703429961574,17.788651874243008
-5.080438889095550,-1.073828613900742,-0.542042590864784,0.122964255650755,1.929739895694155,1.241313281066289,1.204609957291737,8.351730838482165,2.167711322924527,14.885258693909938
-7.576000393232821,-0.904689669089743,-0.329820542080667,0.066534878344685,0.730946998657857,0.999915827567697,0.999851667361733,2.373861986200520,1.049996949598184,13.172788289601746
-7.471016584329295,-1.668963290510396,-0.953469583384027,-0.143572545014943,-2.776079062430454,-0.044307999274161,0.798979349979765,3.756107412349766,1.505395721974763,10.688510900638695
-6.046686014878706,-1.437399596864170,-0.833670240828199,-0.069753373547698,-1.203190680006429,0.597451046402205,1.086412133154752,5.805732280501925,1.810962481448960,13.270216102215974
-6.420989518737823,-1.393868188993489,-0.765158335529321,-0.011129113734794,-1.034258064459180,0.503071549875307,1.052644564763124,4.573771520054112,1.571366566744674,11.542406325106660
-7.697067953770972,-1.710159776741984,-0.988392385801351,-0.157607622531994,-3.100365961678022,-0.112239421070307,0.819407426894491,3.122320423506241,1.396646609784947,10.142016962883778
-7.590544911618938,-1.375823558211015,-0.649677360145383,-0.119949468285560,-6.447954661418834,-0.835600140823083,0.193235267895021,1.585714383059393,1.000245738792791,9.190833168295134
-7.124363546361298,-1.425938658193584,-0.779613913802938,-0.035157405438217,-1.496589119442688,0.338340687807011,0.954113746448932,3.827548173938897,1.457526020128273,10.972405043097657
-9.436655066904226,-1.766581241662869,-1.008059930031591,-0.212702033695727,-4.345472094650830,-0.510720072955814,0.591375259454464,1.000339667039345,1.048212060450068,8.675797226009442
-5.844346115181910,-1.439696320099163,-0.812142425505452,-0.027136465355474,-1.148767532209575,0.543513910518505,1.121503195317642,5.083288800932980,1.657863261221791,12.021627729696226
-5.869671083419721,-1.179193399272084,-0.592474124558559,0.012892898332763,-1.000531582771458,0.675234879142841,1.099144255520235,3.728890853418793,1.331383406885428,12.458074585852975
-7.166631524577856,-1.440727651513020,-0.848308999077643,-0.164025172442421,-2.755022961422611,0.265452337351099,0.883980608340573,4.415631275861191,1.590652886851987,12.907237489704150
-6.916336311803779,-1.613020144126886,-0.927942306628303,-0.106250784672217,-2.229722425482037,0.166254537116351,0.948884377245178,4.092226908229780,1.538645317301536,10.988276497704211
-7.372322469643823,-1.659252229911621,-0.948872794397283,-0.137194964392087,-2.639441696994396,-0.001580837164078,0.822153281521194,3.893991050122164,1.526771598370273,10.806090758516481
-6.222816550520523,-1.550078916473993,-0.895663835001195,-0.077837769621914,-1.649649427325442,0.388303136291433,1.054749336122084,4.998442938655980,1.679147299670180,11.913493681027282
-7.264074553185257,-1.580081773286999,-0.881479863847987,-0.110498372892282,-2.392162564814299,0.045451413586568,0.787670922072315,4.183616814686719,1.560477096977567,11.076802941432808
-7.747556067532077,-1.733253891887496,-1.001797975045905,-0.170791385822164,-3.229760987556602,-0.161562022928472,0.779364856581880,3.212673548265026,1.422622770587703,10.208558024589953
-8.157517588640591,-1.714865270235071,-0.963236391788031,-0.187466424469961,-3.990114274613489,-0.396678496239439,0.593673872248089,2.632600836536280,1.319189651999763,9.787493784272348
-6.466257758300248,-1.226516090913072,-0.695085426441879,-0.057000940080637,-0.702230268424813,0.776175905088116,1.041773101153195,6.168212349217956,1.842950865968947,14.371436988309389
-6.070073456731624,-1.538666429465292,-0.892266709434876,-0.077776079163749,-1.673969010064837,0.417922642844366,1.075969361944510,5.081005561706515,1.688445995232267,12.106413405576424
-5.422911147926261,-1.365219102665920,-0.760271460712779,-0.002509122405841,-0.923131791465124,0.661097350882051,1.176313592609039,5.249634071144524,1.659687025249254,12.406835000200109
-8.956698696219181,-1.576448556507687,-0.870412890949237,-0.128750420825252,-3.132526310610302,-0.172172481505805,0.690773024967129,1.770004090354913,1.146056062506946,9.487378721063484
-9.663981662810844,-1.886660858803253,-1.094648882378930,-0.265606969589614,-5.104663850028686,-0.719674971973824,0.528774121161119,0.583611115957463,0.999823866846713,8.213199081732474
-6.382404335031875,-1.313990689340542,-0.692318201397539,-0.055472712164350,-2.136186604951063,0.368694506393388,0.998610186187662,2.945879207531138,1.223242664483570,11.740031452848617
-9.049886215517819,-1.841111666047569,-1.037122162314517,-0.266502883195948,-5.740081157199342,-0.860489306158493,0.381703886263765,1.000176060380415,1.058417280177504,8.498047811945034
-10.808099730097442,-0.999773432738406,-0.406167516971566,0.058006400334867,-0.999614877908555,0.364928666700187,0.536677528688816,1.223646864715984,0.999956728610303,11.018409960861922
-7.720323792642585,-0.999809112411915,-0.404132683407766,0.024328763681798,-0.075845477283422,0.787169490409872,0.946947990067659,2.000750033115462,1.000325521456241,12.648668175403392
-5.487474144583334,-1.381737289927907,-0.772235341553363,-0.021680936062991,-1.324144943306777,0.584053841227337,1.152424709432054,4.899633512114367,1.596746095840880,12.305378678287658
-8.002249105592131,-1.755455301783961,-1.010385940735748,-0.187781679497233,-3.582742242773207,-0.274208798532237,0.709697472554492,2.902766713810418,1.376126676399418,9.959159649216778
-8.222050233436537,-1.457120261350769,-0.863832969819195,-0.247205653340034,-4.163075439787718,-0.085801183523579,0.682380926957384,3.036570745752381,1.366371283199782,12.165004253309709
-7.786651690327442,-1.472335578933214,-0.806166180951772,-0.065443444823532,-2.039486426851652,0.163174710764458,0.859588428039288,3.097046796065715,1.346829207450102,10.438014149201669
-5.759273474701676,-0.999849509868013,-0.408200022544298,0.094891510128163,-1.721026658983959,0.304804929694320,0.653238010844407,5.638801011819492,1.636748732987601,12.363910093678461
-6.064958413494271,-1.538685694468975,-0.893712802633225,-0.079975125130430,-1.682557042254501,0.421921487686240,1.075957922719452,5.120676549743916,1.696554381898234,12.179023534173345
-7.843062034008494,-1.820818853620592,-1.092237534938737,-0.302466779204415,-6.110397767366322,-0.640412139332050,0.682633062815508,1.000334965734399,1.026574026155791,9.641127857275157
-5.965200086204629,-1.414028935237340,-0.788834276110368,-0.014957110768627,-0.999520071438297,0.557486417999491,1.110396277186666,5.003893072704589,1.641766538437774,11.907850963471921
-8.843969398842436,-1.769576831225122,-1.081945593281383,-0.369968897931051,-6.673461979063489,-0.735249328650263,0.514400910654823,0.921354458706592,1.066178326157845,10.161442525012850
-7.302302723462478,-1.505897076213039,-0.894087750787740,-0.190521167825234,-3.289797771834372,0.129273600751879,0.849150091314845,3.965274820695750,1.526118469781543,12.484506127580991
-6.000761376140364,-1.482968624345297,-0.853604037287854,-0.056239603821221,-1.057018314038458,0.559606608798425,1.091254238378365,5.756443200146169,1.805330425374108,12.738387217227134
-5.792494616938161,-1.385510409413693,-0.781596185138252,-0.014048048861241,-0.235366341342029,0.751868548479286,1.126269540106753,6.492885133572496,1.916660249861066,13.387403836920177
-8.680707097567652,-1.528827444264723,-0.914950003068202,-0.299088671851315,-5.128702504496829,-0.334076978924082,0.582266324622219,2.163651141397519,1.234521523318292,11.488112971896063
-5.707362547265237,-1.016081516573460,-0.431263872856688,0.100922599462786,-0.999857452708880,0.460001034585367,0.740839136542943,6.100496384850505,1.730682400792946,12.732610136885588
-7.488931557852187,-1.755057051698796,-1.061295715628971,-0.265851136724087,-5.079239026094655,-0.347733515321885,0.771268233348708,2.349265363920071,1.273857349641203,10.727574713554437
-5.960247738669228,-1.473774859057615,-0.850155184581436,-0.057197613469945,-1.061426365519622,0.577745833149783,1.098836820662379,5.804270237106561,1.812045563761180,12.871678446648181
-6.050399865686916,-1.462095663596514,-0.825778080172800,-0.036145434445461,-1.266791662552833,0.488521116207244,1.092487371714115,4.919045787870527,1.637792046571880,11.819660170307676
-8.587463099900393,-1.000423608682349,-0.539200639002998,-0.158813658994113,-2.065157382689420,0.398719159608397,0.685418853993916,4.443667166687778,1.476217558835093,13.807185983983024
-6.019874916748993,-0.999808161974475,-0.376993333098331,0.052885005431596,-4.309103059471482,-0.231893893820776,0.376852686509517,3.960571796626776,1.312308130573323,11.081741024470622
-7.758671436274714,-1.721694490472534,-0.995996201552629,-0.163474675677346,-3.188490415971074,-0.139339179489263,0.806948922026366,3.051865052245215,1.387568748762347,10.079818342927771
-5.991018296851539,-1.425064900036799,-0.824143631630200,-0.061366247725564,-1.045777998526517,0.632214496820843,1.097501289242427,5.936997963527244,1.830909906582223,13.351326696910084
-6.991170161070134,-1.321942281789751,-0.764839471820053,-0.121092677505907,-1.882392142673637,0.487090172313692,0.933782204837051,5.129466340302162,1.688669655104852,13.615381909578806
-6.592265934307282,-1.252161336617906,-0.713816720862261,-0.073123085754529,-0.999759963941500,0.703608598424871,1.015789950305692,5.908720656553275,1.804775352309476,14.179244456879948
-6.083331712505757,-1.073950923454920,-0.458393075800611,0.056942856419239,-2.427911329819693,0.126155452957156,0.587439318917972,4.994496889334602,1.541690700629341,11.845288970751104
-8.352003898010668,-1.851192278541302,-1.132465541959266,-0.352609627939463,-6.602767744554939,-0.733044805608778,0.595413375993836,0.999430061010198,1.073690162800157,9.861869146601995
-7.676155683941769,-1.803175220815662,-1.091402794696963,-0.290712818491098,-5.658807606967315,-0.503153758324026,0.724893566667237,1.738669991500988,1.170034832167146,10.214914159983797
-6.101536363158917,-1.497457592565020,-0.874073851555038,-0.086850690845024,-1.600980635559807,0.487896005065955,1.070080855013069,5.426656663132409,1.752814318514352,12.813945388541830
-8.059333499181623,-1.546302076001941,-0.798922285677108,-0.161848690070886,-5.431169412060996,-0.696532689711824,0.333827526680627,1.851377724943685,1.117257777502643,9.297561552728515
-6.008797685286272,-1.413039845458888,-0.784894165908708,-0.070653303030191,-2.341084707575674,0.338751805222024,1.043788550322212,3.645562791880710,1.374342051557650,11.750646889377455
-5.906036199796166,-1.064033973488166,-0.464593147495931,0.077687458205338,-1.390359267387935,0.358410755408705,0.705963013827402,5.730262353042573,1.678165092302389,12.429345409241042
-6.762211028534839,-1.487757666615927,-0.832848046440789,-0.053235145330249,-1.625917498924280,0.330089008719887,0.993792286011231,4.175187795541849,1.523510405549959,11.141772730008276
-7.370667419265605,-1.682233899297031,-0.970179541125039,-0.143486349777814,-2.725539083063750,-0.009512553705115,0.846268779047166,3.760159051726635,1.505538156533148,10.680557270030041
-6.661599129429188,-1.455007560071502,-0.808979695190459,-0.038776933245636,-1.427667294606891,0.387022920071224,1.012088106519217,4.293880122487128,1.536833296677431,11.265149896551881
-9.969202621053117,-1.410309716106927,-0.830543409731796,-0.365821234054305,-6.077452089583488,-0.615214039932988,0.339967775245501,1.000403800651614,1.000244930612358,10.861321809355806
-11.250988459531346,-1.781646979001618,-1.092263584122342,-0.552323926244880,-9.726715565667774,-1.563728662914138,0.015551543142365,-2.171765698331602,0.551915775687130,8.074026236816641
-13.543482186362429,-2.486138907970991,-1.488249864374966,-0.600591609611393,-10.906497749917520,-2.324980055161583,-0.168188529455864,-5.034949187026800,0.143625091208871,3.953917717372027
-11.097506651867153,-2.050752204781662,-1.199880505925881,-0.361185431710658,-6.757387956723363,-1.198297763845425,0.308139693498329,-1.252954680795423,0.717496459725217,6.874483287076165
-14.607171550656457,-1.998903276913994,-1.122518688493588,-0.404433122627544,-7.908555686187754,-1.583281460616129,-0.073036096209798,-4.276192270867487,0.194542210341839,5.880499647239750
-15.487818258516153,-2.318363426144674,-1.352643413147762,-0.553305001717781,-10.175573979636113,-2.199760539660923,-0.256542984361649,-5.962990233214978,-0.047839475639824,4.216423093550722
-11.597583772678053,-1.993518480679134,-1.240598094943090,-0.627035063948588,-11.279964055348188,-1.969160011401180,-0.084313372326246,-3.468890650769471,0.379119591710830,6.849374188709836
-10.344837294814599,-2.091610675499481,-1.225301446525540,-0.376799880221850,-7.098586496350350,-1.258753699721859,0.286223805084007,-0.708553917332847,0.820084667521981,7.087272150492955
-9.882544479572392,-1.919992132117442,-1.061487351083812,-0.348213558871743,-8.359825667419244,-1.480572466866442,0.058620407238149,-1.114134544011837,0.686371671418540,6.950163476424299
-14.526217054832482,-2.699691230179170,-1.710090374354764,-0.968637693539764,-17.842927596447481,-3.881603891642066,-0.745249259963572,-9.886676059226776,-0.610113877141033,1.000001988903383
-11.201702832563786,-2.288283403143154,-1.416734628057053,-0.635862055439904,-11.997858349211327,-2.257332618056972,-0.004504265059366,-4.523271092246080,0.189971591898842,5.451173806284848
-18.655993544257225,-2.843420259434632,-1.708912821174412,-0.835906232257489,-14.754331390276661,-3.442927588410833,-0.771685103482610,-10.371414890005557,-0.738205055759068,1.010207123691563
-10.340573788966591,-1.997816398627647,-1.168613087621568,-0.324903464694417,-6.087955484653122,-1.000326793155033,0.409688536867291,-0.347141507600473,0.862660692586327,7.473354795865609
-14.009486315280530,-2.479883477240558,-1.483173780041889,-0.601564269623254,-10.860212729984653,-2.333396715078160,-0.185305026752798,-5.333401029635137,0.090582439401390,3.862184957796577
-9.657104586244873,-1.796066238300916,-1.102487682572349,-0.436366130022286,-7.808692127972591,-1.031752700189650,0.348471073548417,-0.183153858184145,0.891688401236547,9.458543240328046
-15.933471061508630,-2.438607520764725,-1.437304545849990,-0.612628153435144,-11.112363087307244,-2.452618255937730,-0.343770160286798,-6.729054164998619,-0.161604453335263,3.546587347117358
-15.542343224194934,-2.847997913055924,-1.713094089775727,-0.830058992464965,-15.645332156405885,-3.489729120318068,-0.697122899521702,-9.087951607205635,-0.516564631150126,0.999729297763755
-14.625140223652149,-1.837009545313075,-0.999248746368321,-0.338340325324582,-6.976473428605203,-1.332847010498335,-0.039808825135492,-3.828918445114792,0.248661051449459,6.625160731683783
-9.647758077672233,-1.974978455174232,-1.223135304435176,-0.476500186119058,-8.785423719408499,-1.299588928420882,0.325826222333752,-1.000158757688102,0.773618960820628,8.496192395320028
-13.586482268311759,-2.558472072582681,-1.494308021052809,-0.702594766436676,-14.620744211794346,-3.094112167422176,-0.585891388503558,-7.271064070204520,-0.271953545520867,2.356145748314608
-15.876204477984022,-2.792878647128675,-1.689289506460773,-0.781064917315376,-14.057653817510129,-3.173044038500472,-0.547408853741685,-8.322925509107119,-0.379628102304822,1.669760809215481
-8.941063031026051,-1.908193563478303,-1.134623318819639,-0.381528486857861,-7.624266195055526,-1.094261875546601,0.477357593218498,-1.000174594737328,0.683456423972969,8.300176319919180
-15.369584980512446,-2.569037254732986,-1.542980184482967,-0.866787394525850,-15.309666004117418,-3.518318762308433,-0.660394673333848,-9.989255909615931,-0.745693701601229,1.476095929976870
-17.866005472804201,-2.517748568735739,-1.475625586075102,-0.677271922391580,-12.222546031567077,-2.780872007368765,-0.567012422956586,-8.471982326355675,-0.457655560021928,2.841397314392813
-11.236205293974937,-2.165776856233779,-1.356824632726416,-0.635705383220890,-11.690740311937162,-2.083807017073434,-0.022570231638795,-3.730135733552207,0.355967053005535,6.365071016262979
-9.760743828726550,-1.857654501318760,-1.000043786878321,-0.343578912362717,-9.227044175319207,-1.631093707842830,-0.051518691468838,-1.548615423316317,0.578540752538248,6.696347213989915
-12.243206240512261,-2.292653148528888,-1.444457731585227,-0.737296155489933,-13.550630984266405,-2.598280300191839,-0.249599880238012,-5.499264390760789,0.083481637531608,4.905346651198235
-12.191456126149777,-2.020667358328809,-1.150106090866043,-0.525933131713221,-9.500318485360566,-1.852852546299538,0.014789347933787,-5.039752218379771,-0.016955675869041,5.960051267047126
-15.192559314082704,-2.545957459659972,-1.527314750933869,-0.851043095877866,-15.055052553063859,-3.440659483516179,-0.625646874516626,-9.736328618779620,-0.707047144684576,1.695333833350238
-11.025573591629307,-1.972305067229807,-1.225807911039663,-0.579070737777265,-10.448290930612274,-1.739566194114070,0.041542760768607,-2.644881099477243,0.513108702364468,7.482097992876922
-10.966242191450885,-2.257227028474035,-1.395503505658537,-0.613322881606533,-11.601025814231349,-2.145065383104531,0.044292477386847,-4.139171437844727,0.248639941744021,5.756349743125517
-12.592332913497504,-2.034567923240497,-1.152892494563300,-0.542054207154937,-9.650733787871189,-1.926201675088770,-0.035897748655568,-5.445362110389578,-0.085753546459509,5.736352653309515
-18.987295156682162,-2.839346167482947,-1.702855445323748,-0.838369588593489,-14.789695177040642,-3.460457998847098,-0.799178771613321,-10.575942950099201,-0.776670755842116,1.000532902658639
-13.782172399747534,-2.242905442677886,-1.411293375450515,-0.848631147067334,-15.340229847852328,-3.105060762880094,-0.602715070533798,-7.343032435489025,-0.230924153328542,3.472010366794981
-15.849005669844605,-2.613066505281528,-1.569489089282842,-0.899648319017849,-15.781245021396813,-3.679897504361798,-0.741493517974810,-10.585453392742370,-0.841069042459244,1.000322594024189
-16.345234467338404,-2.508515955850944,-1.469198915175625,-0.854766076801058,-14.495004072725493,-3.436038737879806,-0.714695097350346,-10.439891384319292,-0.852169140199583,1.552516375328215
-9.280244557436742,-2.009425408860624,-1.217345749315938,-0.438373008677314,-8.564620824627156,-1.320965638375918,0.396265930222185,-1.469509837952398,0.638499126387825,7.845539912492674
-12.210799390785663,-2.389616769328263,-1.472695765957754,-0.708494951563656,-13.252375969765268,-2.668240486298765,-0.188655330992687,-6.144122352993325,-0.082218421321215,4.191279829843571
-14.096610266627440,-2.625198051861081,-1.514762644569767,-0.786573210114789,-17.504610877117273,-3.670718401184467,-0.886301703224255,-9.339774772467763,-0.663005841671546,0.999656440860823
-11.142478590184798,-1.990459807874751,-1.238405455156320,-0.591918999933079,-10.689236697834900,-1.804960231915424,0.014530271294609,-2.868526907121993,0.478937201225155,7.294031304612210
-12.275844252738690,-2.379247613151648,-1.460041568813907,-0.703116835505806,-13.134951084472988,-2.657175807189469,-0.189385804023950,-6.209790457280068,-0.101998029646434,4.173660749485540
-10.447930926510967,-2.023782817518503,-1.132295917766725,-0.403932165781770,-9.332913017333254,-1.734020599369907,-0.039073013604994,-2.068270678937321,0.540972755676097,6.217045848641780
-10.544270424821409,-1.797723339092750,-1.000216719667933,-0.383730254358705,-7.251062167380411,-1.173935183112058,0.307992600939352,-2.782746937576189,0.326784539626851,7.764585612606103
-13.993587586757979,-2.646734396885053,-1.663237932086416,-0.903592330141472,-16.682549038780309,-3.596961397161089,-0.599360920860159,-9.039223887466921,-0.497816368775690,1.723059623824517
-11.359529024438931,-2.189896447915772,-1.247895893678907,-0.490497822465355,-10.727135578413737,-2.106413280145198,-0.177914660919080,-3.497966963771529,0.326329263543210,5.121500020180198
-17.087366985334430,-2.572172942971208,-1.506903793692423,-0.902144037813250,-15.120794893162298,-3.660040302783607,-0.832232660819607,-11.279368880437826,-0.986477010683097,0.893712612762235
-12.788677841169633,-2.067786548220905,-1.176390369117337,-0.562136622731105,-9.985226781081991,-2.023386175689432,-0.075016910248664,-5.736873263835417,-0.128980732574248,5.478399844304837
-15.632969697203190,-2.274645009267494,-1.288514277549247,-0.723216048412911,-11.965971660173551,-2.762753963702317,-0.484889291053765,-8.808365824143831,-0.624270531773587,3.351683236441906
-13.385302834709304,-1.870463303665440,-1.000222899922777,-0.484215340091119,-7.968295451040973,-1.591544188026597,-0.022179313568780,-5.443711060590669,-0.123874753830388,6.501960664810460
-12.113663693253219,-2.290589482629525,-1.295327006345899,-0.581013382630126,-13.404163463387590,-2.693918676155314,-0.467879267505079,-5.594877975325875,-0.046866780740019,3.662284842528399
-9.562392488305452,-1.779076640882082,-1.007103424191752,-0.347678703930166,-6.888846560641099,-0.999651559497004,0.433768049143980,-1.690379354867201,0.516306489355300,8.300640831453526
-16.943737623220404,-2.634691668029473,-1.571845660695163,-0.715624535277479,-12.782770405159567,-2.903553921883209,-0.520889636407819,-8.251001185235364,-0.395907598849491,2.370326487883423
-16.014711050620452,-2.890928139504359,-1.828473733117520,-1.092149733413150,-19.943839995504476,-4.563786859732567,-1.041519015118509,-12.287653010763254,-1.000411019084239,-1.113998477500994
-22.527091378132130,-3.488645967441028,-2.143950010603133,-1.199789354509944,-20.809519219896544,-5.015425873541440,-1.445586712142353,-16.200340116516820,-1.689147496469358,-3.073217880544158
-20.447981727847580,-3.332872947255528,-2.135783947530892,-1.528895688706349,-27.544905841042947,-6.828878690226724,-2.169683855392925,-19.671201633518773,-2.163178212326887,-8.302026432634628
-22.680391810125624,-3.572291578220527,-2.257250169900614,-1.626565247060018,-28.329488305743752,-7.383963287079887,-2.428017810460155,-21.893709372846264,-2.561411221469539,-10.179264827782371
-17.026366202823194,-2.961001022199661,-1.891662608004340,-1.211726568864632,-22.122719055193130,-5.121654033369475,-1.343260371665471,-14.015729402136326,-1.249923380177774,-2.727064841395739
-20.554875459158918,-3.342667300706034,-2.100219483281945,-1.426137145003826,-25.025826563875199,-6.338508421148924,-1.907170390567188,-18.563921859055139,-2.031044761695108,-6.762893042774502
-17.282294176386788,-2.941994470470508,-1.882299462049177,-1.237987856701311,-22.588415479573968,-5.237668105250628,-1.429684466888890,-14.391545244919481,-1.309703375632273,-3.100113705004881
-21.591161448252119,-3.707770979202119,-2.282462311938276,-1.359603893334696,-25.093640595312195,-5.837611716274531,-1.760145681010772,-18.539318348419918,-2.104436006452088,-5.302018602702342
-19.866995149794054,-3.196307655202602,-1.982847032749106,-1.310120419078016,-22.754232760924339,-5.742673948150519,-1.653934040564957,-16.924406262107720,-1.797693102527228,-4.996437126475692
-23.136298246047712,-3.631464420621296,-2.314322565759855,-1.723742441770158,-30.341289001392994,-7.903418443406843,-2.691392418008535,-23.340777393027015,-2.781400402957025,-11.968726174432144
-16.041406113486200,-2.876974712337010,-1.805995862976815,-1.067745331771908,-19.401835583587371,-4.473721834211340,-0.999982226088804,-12.154904421146323,-1.000559019960348,-0.939418295046815
-21.217821964623280,-3.444591267133142,-2.202172752315215,-1.580497640576879,-28.258614889700453,-7.123125320981267,-2.291992285833036,-20.702110528512694,-2.334830472270613,-9.257399974278750
-21.724731691216729,-3.486890808959196,-2.204743792033079,-1.554004601398580,-27.268778780089150,-7.002764595937827,-2.227454529660271,-20.607938516777661,-2.347410236314406,-8.884594603904342
-17.986169713347405,-3.112873395305055,-1.982736445312526,-1.284699139268372,-23.293496228181738,-5.549968309822952,-1.511986193927362,-15.521026287539225,-1.499868661170610,-4.104782874533706
-18.162357782764087,-3.155727815147199,-1.926027862255664,-0.999735067478842,-18.089014203325519,-4.192603908755992,-1.000132294543424,-12.129610090947583,-0.999626481193272,-1.000332763160410
-20.423223865859246,-3.350089694508152,-2.113000055577062,-1.436313919206174,-25.352389044396404,-6.388341381884964,-1.921038220548569,-18.617577861832149,-2.029121498544618,-6.884521752656818
-24.649586881220213,-3.936184703446228,-2.444655632501968,-1.471797375810487,-25.727272448649728,-6.180420311141284,-1.948628977075594,-20.546759155784347,-2.434707036428006,-6.189017454254023
-18.710652118975883,-3.244433764358941,-1.983565531341404,-1.055060185237361,-19.140460044173778,-4.449467880464433,-1.115885655198616,-13.103615866541301,-1.162145193341144,-1.671497979251209
-17.469732635644842,-2.741895889309913,-1.642535800874632,-0.999735098647785,-17.102179330684720,-4.165631195499082,-1.000394759929542,-12.454056306470914,-1.144735310271593,-0.464793750822631
-23.433595716873750,-3.927336111474779,-2.432633330592266,-1.489425866323766,-26.980051962929878,-6.339550713115394,-1.999408213492270,-20.772799150384280,-2.490174454610754,-6.655624376866465
-18.333339032603778,-3.016733747577099,-1.932583862415180,-1.338102234362220,-24.338512797741231,-5.764655961216527,-1.708370606343659,-16.136866293202534,-1.595274015769129,-4.841131081690358
-18.882085478556274,-3.209871758235094,-2.033091269719946,-1.333940746980569,-23.919452293369631,-5.840806295406133,-1.643722855076520,-16.643075008677169,-1.697155228018546,-5.083187400723412
-21.973346052714394,-3.591075626153136,-2.216066868118405,-1.258870595987087,-22.205389412427792,-5.296719659796701,-1.522317496710791,-16.836826233689006,-1.786657836841745,-3.906042388305858
-19.485113394077100,-3.420224723987177,-2.089807506875923,-1.182433654047518,-22.086554341513931,-5.090998254239630,-1.415572791310339,-15.426767458827729,-1.571409115208536,-3.295657865383285
