3.123495143051397,1.308829893324829,1.116611070806684,1.011597983706629,2.200297669314512,1.284858916831184,0.576642601422561,1.521632276240613,0.547944572995770,1.367545338211887
2.351666440491871,1.149833558385272,1.054321002551377,0.999918250698685,2.420173870253526,1.526436359448392,0.714512834499481,1.815004209024880,0.647081296208042,1.447375771741525
1.178747858319387,1.000366601144769,1.000394455578405,0.999918252869860,1.896816842564859,1.088227857763773,0.705411648280219,1.611197608154113,0.582804468531432,1.401240644024574
1.339388707512732,1.252159607186000,1.197655814270397,1.117557203986296,4.064650469093101,2.193324860586789,0.924013575880994,2.887751790355959,0.818350308181284,1.562499495247464
1.460937249616774,1.294490567762071,1.236786952153805,1.137194255739798,4.587294659839755,2.351531934735044,0.945082651351753,2.971533901768529,0.839144353449383,1.581325395781704
2.074594052349938,1.302632506403428,1.155264174478786,1.076644282479409,1.908846414309769,1.028344025117381,0.604268216613680,1.432410631243241,0.560132128567271,1.367521098057315
1.753796732666371,1.249184711093762,1.171056439814132,1.094786365813018,3.410626852022664,1.947298978628225,0.850820288477585,2.474052161918815,0.755080634011092,1.518942684016151
0.999894846901220,0.999599131363599,0.999702600075986,1.000112198687586,3.049059721109344,1.890986713822265,0.886812386954031,2.457061108688859,0.807456391257837,1.586828067621736
1.000180534234496,1.041201509787168,1.042847324185779,1.038934637512853,2.505514670206871,1.294357076474687,0.784714951510991,1.933234302156901,0.640410800749406,1.442339162194947
1.445918644239609,1.151921155184342,1.096976486768618,1.061351726768790,2.121020529937269,1.132666146256676,0.692869270257610,1.631855962960255,0.583580843700868,1.391166638890489
2.587014361954069,1.366824681174629,1.223676792063914,1.111009240479577,3.061608819153444,1.737524704079142,0.751188190840285,2.101508264303872,0.666663122299305,1.445203980049999
1.676455360631186,1.330950966964832,1.207910832232283,1.129603235868099,2.677768763187959,1.327788223635225,0.721807870472915,1.858740503154433,0.640607331565715,1.418767094974264
2.329889108759592,1.421840245104465,1.278002647189352,1.145502525159446,3.755156524345357,1.988566878116524,0.805129638846717,2.357169150132495,0.719598988155087,1.486719921496753
0.999776777727770,1.124822945311391,1.126490148157897,1.077991631681872,4.849520489887984,2.493171186691272,1.010507643583339,3.102191090892053,0.919216030449893,1.691395418632641
1.077748487100501,1.179482336186984,1.168919125138210,1.101183718234657,4.874106182719543,2.479438535413877,0.998366790949944,3.151591647829648,0.898003526131377,1.649094002011283
2.287105300151372,1.328307851683393,1.173226977065685,1.064174602421796,3.152135607314466,1.738522806136865,0.722203677828752,2.023765452087850,0.667656930378959,1.462421829860084
0.758617811277645,1.000153797563736,0.999856679397634,1.000152728211090,4.334707649428556,2.368260003458872,0.992261774469137,2.830320927294126,0.927895249857257,1.763305347464227
1.854257868709219,1.350455167300799,1.202837577469514,1.115437184199995,2.662818698887218,1.368241829427216,0.715809968887132,1.893234689962545,0.677497992751984,1.446942462766956
0.855291833944810,1.000395167189732,0.999948969962681,0.999538006596397,3.072455902787642,1.787298822091302,0.894733258633749,2.631952621673368,0.921615078825349,1.698898756783524
2.533246837069553,1.204460230558654,1.089793582941855,1.020336177779865,2.464874534306186,1.523848758585461,0.703547506363963,1.811263733353920,0.635569714348361,1.434969256824961
2.246948952942213,1.405136169520377,1.266859763635405,1.138956965089424,3.795280553396695,2.009915937322114,0.812584014435763,2.375933299081144,0.728583232557044,1.497244032370002
2.280424795850329,1.224994425917951,1.122085570034050,1.049763911742784,2.761191552783830,1.665518908477999,0.754732052572673,2.017994693866296,0.675825574462489,1.463212011658457
1.734350843287024,1.235689074067131,1.136981169655753,1.078865283068143,2.032935334442018,1.082584825701077,0.650523090326101,1.530658269527495,0.567691424135289,1.375206479889103
2.267914298515688,1.250739730719178,1.092525304948478,1.000307459816179,2.693340955105453,1.532819848320780,0.655843652943901,1.797840568473308,0.621215400545749,1.431201549282029
1.757002259786828,1.315526830509035,1.223120794925776,1.121091815625800,4.205097376746899,2.207442385713441,0.888148527415527,2.629736501425359,0.800520664914693,1.569434254994300
0.695363721193941,1.039587126276421,1.046941765971995,1.037039804413670,3.623157414492703,2.106079936640441,0.950285926122316,2.872968704694685,0.861636599348969,1.623235962436503
-2.673758898944996,-0.069540744626784,0.252843335537653,0.586495656548835,3.805731122469773,2.172673838238331,1.158925997566170,4.617856172601837,1.257826247378084,2.185904515572336
-1.314491233602447,0.069205276093511,0.375626974014701,0.641198674829318,3.905473945631909,1.870353651261918,1.156614208889481,3.984288937757012,1.069614317020890,2.062427050558119
-2.091810220878993,-0.785838782781806,-0.264750114357248,0.221727606213028,1.501180664052325,1.455666518336773,1.019401892900053,4.285751597749158,1.273643638024273,2.525635466251668
-1.245157273053880,-0.103221982931439,0.292720382387487,0.601494709065439,4.313652370143898,2.344790954195745,1.183728641623648,3.818608129332618,1.246405250798101,2.311920522047466
-1.836741654965397,0.064820999760612,0.399907637186020,0.646109825317986,4.746413405769440,2.174612564888261,1.209259686620974,4.603374836530483,1.110073643987359,2.025957802805323
-2.017711331619686,-0.471304459275710,0.005421878895773,0.401105489813610,3.280602657810539,1.979911285794599,1.110657890718006,4.417534113920553,1.263200263540939,2.339723991091746
-1.130713716964462,0.150993358248905,0.435394393164530,0.679578067239873,3.810182052882020,1.832510927151358,1.136587084612664,3.774486134844051,1.031358759346412,1.997478961541856
-1.476040650554597,-0.643567549285741,-0.264127636059704,0.255623105505203,1.386137767019388,1.129322161851983,1.067468276159343,3.623946650361191,1.274661441472669,2.936676815342014
-2.910483487314211,-0.605767409147767,-0.078561929498330,0.385135137638412,2.098279050961676,1.959816925946167,1.252416719575449,4.523644467610072,1.325696693752340,2.668660878000134
-1.391419811005148,-0.036216214362729,0.133941171196120,0.506650176405907,2.833245780282368,1.926980476662109,1.087300592578090,2.657828419483008,1.140675440915445,2.472762581703194
-1.066901028481137,0.026590918763679,0.252776472142373,0.605200523009958,3.354391302136151,2.155572351155818,1.172737339136681,2.854245446813241,1.221345182889521,2.508453713248950
-1.646716252921965,-0.718626379055216,-0.324456356461403,0.208817848988406,1.335685879333556,1.138099764900036,1.066465041893211,3.972129068099733,1.324785020922543,3.071389747000265
-1.498646378993080,-0.453676197596209,-0.167307751396643,0.362348090508203,1.934463378955557,1.544885782465272,1.118753551887320,2.271899246777810,1.253284104831002,2.926454576307571
-2.968042962208869,-0.553310489567734,-0.155969168647509,0.323472960476508,2.407517731348974,1.638066855023580,1.073486934783678,4.518972131929764,1.308133004451760,2.458059551463857
-1.741940209411110,-0.644615522844013,-0.239182393165973,0.257851334078177,1.908943474408138,1.333281783993279,1.108759027223705,4.282495085815594,1.315189619857684,2.913336995197393
-1.724361570147538,-0.511948130414113,-0.298516429440879,0.251785196206847,1.434131797504619,1.263347308103778,1.010084647027016,2.039981982803408,1.144484552234692,2.881541013776401
-2.390588094169968,-0.938380948899157,-0.405255267277240,0.160503458121143,-0.622533123593412,0.999734644288676,1.000449475543465,2.694973935157679,1.291146359363798,3.163722984556100
-1.678727103761918,-0.643536549211357,-0.388671392293312,0.209921026026540,1.000027528379137,1.078003937508795,1.007866538509082,1.786330645103866,1.174468768332217,3.049355354268783
-3.595945065890913,-0.713216526306217,-0.362581352640786,0.236671817419413,1.225022881211156,1.108465278540010,1.021797282304413,3.671817843057633,1.360623951029269,2.685334032880081
0.093460868246458,0.756834136847130,0.796970523193133,0.879857097944989,3.988642645376832,2.304776637425055,1.015915800715170,2.792775280148712,0.977175069107220,1.892829716418440
-2.799301158230282,-0.437928637257807,0.059454586205806,0.467344069780861,2.820078598697950,2.134239980207258,1.269119857792668,4.674535682237228,1.304783171810932,2.509595884766079
-1.208795084220414,0.568538313623185,0.774563338961270,0.890161637579862,4.717150871353065,2.311319252533802,1.150901935158922,4.000604142314947,1.046408077708934,1.838073598766612
-1.582051732348170,-0.922093077932753,-0.379053737132683,0.177574520668628,0.690644991142164,1.092097895178486,0.999491522111069,3.021753401409607,1.293721506911834,2.985642184863582
-1.871346345304163,-0.869811790760846,-0.321008577513370,0.186619731143387,1.000027733495005,1.303570592789028,1.000221600648278,4.014287588628174,1.279743273661341,2.655776911216434
-0.999819045386846,-0.006452966737912,0.346659398830885,0.647386734998097,4.292370423934546,2.376915901356687,1.199674185909945,3.518441912383103,1.247779336779333,2.354930000194320
-1.330672561861146,-0.419018840466612,-0.067455223986868,0.427826115903737,2.418027772011730,1.738882899062301,1.165168248646672,2.540493170355183,1.299774380507735,2.873589649296478
-0.999819032605920,0.466201998046302,0.696504975714913,0.847141727581917,3.686846272905505,2.207693940798396,1.128984294267510,3.732370049917550,1.134141321627558,2.004565408800828
-2.774953680241840,-0.584593570513023,-0.071690482264887,0.340235988773820,3.304347647383363,2.068894243653194,1.248464045580987,5.491800074303560,1.275624474654381,2.406147201269562
-2.945765078596742,-0.995832561254776,-0.446298107867631,0.139257299921743,0.064526091263822,1.345250246680738,1.144713806289897,4.110123761818406,1.295765916667443,2.974183517244531
-2.450719386019371,-0.098644238772685,0.309020167238046,0.592546803742203,4.660925410631939,2.360767588336707,1.263882432124900,5.038367417590874,1.186636009196085,2.112898612347154
-1.091502719154374,-0.112352190727944,0.261059341175666,0.565007961639517,1.571365536173225,1.693361698057345,1.044412362579960,3.112535416460533,1.255555106349698,2.428402791771735
-2.052079798964784,0.080694561741705,0.350414479353096,0.669608543391612,2.322876817915848,1.757757847461005,1.072129264130921,2.953838506510134,1.136488320733115,2.046904884141668
-1.664121409259523,-0.689993838872686,-0.421483580198363,0.191983918497464,0.826301295076787,1.000195222502027,1.000221603429485,1.684931145197797,1.178825815270570,3.101633949861421
-3.004129732740546,-0.900209160177640,-0.344963653601837,0.202951869249635,0.874227853125266,1.587882212859124,1.193128344271690,4.482203612691862,1.307543952416005,2.840431462499424
-1.916658986211155,-0.784200729235261,-0.246412053109954,0.237545326946076,1.631255159663198,1.484556691517925,1.032790755580973,4.108267036254852,1.279809285355239,2.576995908644174
-1.483804801296748,-0.886769162540078,-0.405230346227623,0.193727293150665,0.668655901661726,0.999900843369646,1.020412424037858,2.181369069194175,1.289604803307380,3.180961273764593
-2.716550500017618,-0.276204633470670,0.183161001467467,0.521664649852314,4.063353888802552,2.317297812605565,1.280007953444945,5.104744918092269,1.239203112148746,2.252609779751872
-3.369233220849853,-0.451532254450204,-0.100592917625777,0.418676206550705,1.696078441317569,1.411433247625570,1.089952429709625,3.377996527247757,1.320232450077541,2.439006928226431
-1.931756136240081,-0.954470888558912,-0.487852926406235,0.051843476037445,0.041103434106061,1.000111294356291,1.000162411580379,4.867520903094003,1.376542015507353,3.235536983437554
-2.575229079443855,-0.969373383134469,-0.421067141978732,0.109740647631559,0.334843009614353,1.395146533190567,1.116346201279648,5.062226724226621,1.293732231370615,2.740537596183237
-2.145978840195088,-0.540152251726348,-0.047332106730050,0.399741141328978,0.999794557392956,1.616776547781589,1.124965660202283,3.448424417115191,1.334595875531438,2.787954965660926
-3.193052058801866,-0.287781537723412,0.044349849317289,0.499668395832690,2.337357972711653,1.681488117697178,1.126404126604753,3.783281648015224,1.306734216840065,2.352402661046419
-1.000430146996291,-0.478486401766924,-0.125823781481510,0.329583786224497,1.000614285602330,0.999820849355710,0.999794597267271,2.671724771675973,1.082435106808403,2.481110131762841
-1.406380828390886,-0.570101460644193,-0.104470568612015,0.381301485800134,2.460621660311009,1.700893388966917,1.137082047781184,2.985733176850063,1.312199622716202,2.807460838436298
-2.383160835938939,-0.233242057751994,0.190284030106324,0.508076292404418,4.488142213422740,2.217745542023537,1.248405790216245,5.177112214862535,1.201811004190037,2.189982746860852
-3.227320427861519,-0.608422382917014,-0.232931767729987,0.335818585849303,0.720766343393322,0.999988906283420,1.000055489510831,2.302648953772572,1.257636995304679,2.419651861627491
-1.135198709861041,-0.182278523456245,0.207090427801828,0.528996414188346,1.363504925379224,1.623770168571923,1.031501130278849,3.038472497763111,1.260604988032772,2.475411541030677
-2.160244356609859,-0.647321613530726,-0.189321351448551,0.264096937855481,2.597627907140843,1.649737805349107,1.162883983479196,5.142442092902828,1.322679272963672,2.721442165763753
-1.383511462626967,-0.501483569099361,-0.042274988342048,0.417042414703978,2.788914526834076,1.822009950785109,1.151034622264721,3.136081266387627,1.308022321786473,2.727914484668098
-3.527404492888985,-0.641523004078556,-0.276180141533270,0.312917695530358,0.999821940348797,1.078811545025564,1.032571753109193,2.919931251577271,1.325424576609763,2.540897512704979
-2.641364523378017,-0.384670224869312,0.020385195329128,0.422757924368596,3.296946557557026,1.964418266268716,1.114762468231314,4.700976831496004,1.276348634746959,2.301879874273631
-1.051070362064666,0.625959862596895,0.774305898991859,0.898018265900902,3.964113787993128,2.295605004008804,1.094804303938948,3.684059623957529,1.054722966554696,1.842121101581847
-2.773226824988717,-0.334666599875054,0.141070145060016,0.506316269049459,3.573030946739463,2.265060633511119,1.280800725175459,4.943386342582164,1.268194268087459,2.351798796333853
-1.308162051301655,-0.410195225244931,-0.048268727891521,0.438346451471382,2.521681891202103,1.775385567627191,1.170101035958556,2.606135565470227,1.303583672745243,2.852159179154055
-0.424591261225049,0.795238342760237,0.891343320849386,0.960088127177508,3.897944100786702,2.256465976998568,1.049061821716674,3.395732621116426,0.984397454792619,1.755051298886053
-2.979964447071557,-0.492270735445835,-0.102586156745696,0.359403607836086,2.661168196024527,1.728151604922301,1.091267450956000,4.573513892751628,1.307368584798486,2.420968382263038
-1.058312046401713,0.153730887274767,0.485323758309103,0.710640191795809,4.893137250536837,2.534790477443418,1.181941600750116,3.973439999332621,1.195137542722020,2.130527129025660
-1.724963604777288,-0.830808283506032,-0.429243724127540,0.130436481835306,0.790353810921593,0.999582820826241,1.024127503538449,4.089831341983340,1.361950773945514,3.274796837588869
-3.614130496911562,-0.758738775844709,-0.411219864448251,0.205728120748947,1.000105493278146,1.000497378709908,0.999740922625042,3.528839490327132,1.358462131627529,2.723578917014297
-2.378285592405010,-0.018653952235929,0.371827292941969,0.638171940464047,4.619240172119717,2.391059121424094,1.261380314154702,4.888592351759767,1.182981074238015,2.096855015232460
-1.554463721479015,-0.526408480609885,-0.033820212740775,0.399903580904399,2.960034784387492,1.871930087073913,1.129793862922275,3.642016713540010,1.292023541419455,2.580524247924696
-0.999784285674022,0.291627220971979,0.544107938755370,0.745767721402619,4.015373410263742,1.879099205610734,1.122045204366813,3.682284711814909,0.989599653708141,1.897164381275820
-0.873016943679098,0.565503871946138,0.716587819976905,0.865651928864644,3.169067312890130,2.043695391480862,1.043051397347897,3.096916321227776,1.013763980143549,1.825131569056734
-1.849912092514864,-0.089754461702917,0.309038233244260,0.621903639565357,2.603074046095470,2.073323048551525,1.186441708549949,3.920196050132867,1.282231551432996,2.398620815645609
-1.120034876244704,-0.373844156593161,-0.020710490274373,0.405786844485150,1.761688854953259,1.253513283536038,1.074717366860054,3.202294810936124,1.128835079215375,2.464953096094297
-1.206305662933945,-1.246055265465931,-0.876721791063038,-0.253958860076237,-4.486406998764993,-0.836690952975186,0.448452907290669,1.000333785580922,1.032371916390902,3.956303034228799
-2.039304509030207,-1.164176135055585,-0.824021846612175,-0.149471439859482,-3.675155964431549,-0.205164721908487,0.695616249727183,1.424055136563909,1.095616969678814,3.338499406772033
-3.214365987642278,-1.218590112342989,-0.954148952418453,-0.229968717471157,-1.886988026421258,-0.701429312776573,0.483919712709229,0.054388936301135,1.000079794762109,2.661270533693350
-2.885774389373470,-1.080594492090536,-0.545563510452484,0.079692509875571,-0.781030957786484,1.061495414325760,1.084595620351102,3.519718630044073,1.276892942093506,3.152468920892856
-2.828890892603876,-1.000280971480562,-0.683148407386960,-0.025485120940461,-1.000348012995348,0.289500299156188,0.787869974459762,2.630311479144982,1.237409788213027,3.007883894419700
-1.759484882428522,-1.039813665548230,-0.488529354783224,0.061998335403684,-0.821528007401021,0.838740677852700,0.906662481051926,3.932744104217560,1.267626533411356,2.820835676934691
-2.002192934947533,-1.097794202924965,-0.676067268235871,-0.054267830959444,-2.650447786103305,0.290380512841066,0.802874070368497,2.906670887997946,1.190362692382151,2.995188117314580
-1.602578110462473,-1.013039562281576,-0.641531914960960,-0.032391165835463,-0.999987472708324,0.448216429191144,0.850156047890910,3.545994624794246,1.356267526429224,3.731764406548172
-1.271425278139382,-1.185527395515074,-0.816348819806726,-0.214507837061385,-4.073409977398486,-0.499171627501082,0.539112615787265,2.143130368164638,1.157005664606344,3.975008027474955
-2.583969627568530,-1.107558538090686,-0.886081051487763,-0.192300287295073,-2.433204138167927,-0.455165354958213,0.570196941860430,0.999638639533605,1.087748021985167,3.232137075160528
-2.974156596067504,-1.058990164802818,-0.796219842236968,-0.102567988083547,-1.405713621086583,-0.070452770936319,0.693110982049892,1.894199446978333,1.195099132419420,3.100520563508187
-2.218001293336355,-1.051655647872256,-0.517583961253159,0.033636771495631,-1.000032369740878,1.033657981827476,1.016105328860902,4.803063859684134,1.283981225307992,2.839218432345145
-2.152445115726459,-1.203903297143640,-0.840441247177953,-0.153883564198921,-3.704357568482243,-0.162116991644015,0.728300332109903,1.339850735107138,1.089561137238119,3.440725311639563
-1.531644318912717,-1.010805113259476,-0.631733712667392,0.051156699233222,-0.624166000925557,0.369390288457866,0.887055342664702,1.000173185265010,1.172811969749177,3.427600046952797
-1.179719594387953,-1.178568179163932,-0.909348674367126,-0.308284426374130,-4.532296354170589,-0.901996052561181,0.358717486876124,0.999708195134393,1.015594391668917,4.168283880240517
-1.461624641919055,-1.147405073912230,-0.627324753364092,-0.000155753371975,-1.503425012954946,0.292608561908769,0.824465298560137,2.170539033223719,1.232253836429900,3.391237808073360
-2.320930943479080,-1.303574966502711,-0.855638792477403,-0.202229358553680,-2.986686646559356,-0.209616422370594,0.637267240146226,0.715238070681600,0.999778632020239,3.534018944542535
-1.444283944643516,-1.096295250671952,-0.762753370611693,-0.143188994804531,-2.432032195662179,-0.035211035521421,0.679824547395633,2.813074445474615,1.281380941043247,3.997214404282190
-1.296154906041413,-1.102624064294466,-0.862594271629508,-0.202741102379719,-2.440927605880302,-0.335161453245526,0.547221523366231,1.508014972867795,1.159688162705714,4.077924473543129
-1.238812368705360,-1.114790004170078,-0.908690923990351,-0.251578909349827,-2.720785647979889,-0.517320610224883,0.455767110020652,1.000372983182809,1.079550838084455,4.085265949634630
-3.495416232775760,-1.091404114772971,-0.757500726393087,-0.034154430550353,-0.999863022398122,-0.072336599636040,0.728010009417845,1.139067574633275,1.188909493920664,2.709617927188047
-2.492258077497176,-1.202632701159587,-0.750558084722017,-0.073390786943211,-2.689499357492142,0.333075527581757,0.889280433487624,2.276840143269614,1.173296435042438,3.378305634169757
-2.300407168196692,-1.017454066113936,-0.615016588805217,-0.002015833859220,-1.422189682321947,0.480594013791325,0.828077431381945,3.128494818177117,1.223370578919884,2.892853987946664
-3.321504094864341,-0.999505447467378,-0.625897144451631,0.061161122526176,-0.772988781667083,0.136213563086931,0.783632081123375,1.008764762072863,1.172327150299055,2.547030465190836
-1.209485875934745,-1.261545297770101,-0.892796531759654,-0.260073469206523,-4.455839932143008,-0.901886815208488,0.435271297869994,0.671553179218808,0.999780822799341,3.935843277387262
-2.647029223094665,-1.037298731371541,-0.498465349682912,0.076965562937402,-0.448944803924209,1.192376196050064,1.086779358605663,4.414303624982194,1.273867421880650,2.879548206803057
-2.055585049451537,-1.121520681807597,-0.770167617482841,-0.112882996671628,-3.170581055338193,-0.052498798919988,0.719522446972834,1.931698833444526,1.136499330429331,3.188642331881494
-2.218695903069042,-1.177998596886769,-0.758479990939675,-0.094082702171373,-3.138999820953939,0.182520229047087,0.828038586094941,2.252815622637111,1.154718165979530,3.282602682725993
-3.449652072950507,-1.147426239962217,-0.858165159895981,-0.123638057082081,-1.317059259257632,-0.307174563667640,0.643051874020662,1.000039931772265,1.152061549715884,2.809481437047253
-1.800273072451778,-1.059936958797709,-0.565120549149814,-0.016834792754246,-1.409000739617659,0.730886816509488,0.920038605618979,4.756118391499759,1.341407751508727,3.230988114723318
-2.617332086283642,-1.046760072684193,-0.509856948439952,0.100334368662641,-1.000068560307096,0.885527980892493,1.001227470855081,2.644405501207212,1.279624452113780,3.288487629697260
-1.450970979308534,-1.172861008089997,-0.644765663631566,-0.043944126459695,-2.305985469146489,0.222079448870728,0.782905996381028,2.905462966246477,1.242032090532792,3.340403917335909
-1.643892137136366,-0.999841691471683,-0.746773128595647,-0.052581674178431,-0.999689884589794,0.054920848522993,0.751905813673110,0.508201692938493,0.999911863070402,3.292374374521742
-1.124618582564040,-0.999975651557967,-0.751042744855812,-0.122775350888538,-1.215347839788912,-0.116033406470251,0.574434239766970,0.999542968761647,1.000103468676396,3.343399806768432
-1.191825501674904,-1.141274613904895,-0.944002444040847,-0.324473078674632,-3.839915565188910,-0.837524682690503,0.330821912007690,0.699333171148580,1.000135586887445,4.209736412297699
-2.073382773423528,-1.169609127973542,-0.798975201027742,-0.129033100397032,-3.548009896465420,-0.067567177555470,0.743083933217647,1.748000166083714,1.118201605102680,3.311086619498353
-2.048756647256041,-1.127208756055551,-0.779518223673574,-0.119437157573308,-3.258663765834614,-0.083699530295449,0.713174784666296,1.842068572624102,1.129715145284713,3.210936584642060
-2.313825384909407,-1.058281464232575,-0.534459096104679,0.056145797077557,-1.316281443056296,0.651569647815440,0.893364454073220,2.141161184568216,1.224697438295912,3.266559293642535
-1.633222218339373,-0.999846202809819,-0.619323072463810,-0.016630022100969,-0.812615451410247,0.522901647950547,0.873920986220854,3.690714094838932,1.363762256885700,3.679065260439556
-2.391155073766952,-1.271388729567421,-0.879957260300989,-0.173968967268869,-3.547639243344917,-0.169420374183505,0.737572603775174,1.000154802625904,1.066934428041563,3.620548101838353
-1.262624098918274,-1.170691959367305,-0.840492467447415,-0.236971354733691,-4.057655876618855,-0.566866868078851,0.500717338516321,1.932656567705873,1.139956402970222,4.074759908634367
-2.349986328282265,-1.000253745432082,-0.594614897317116,0.013135930943120,-1.170201111898083,0.548638178759609,0.842266444061680,3.241852790060544,1.232002389021432,2.864110789444625
-1.623132953946206,-1.079702778054433,-0.521703800990715,0.045073673781372,-1.050040940392687,0.698333740686152,0.886354623362766,3.559895657534754,1.270976523736450,2.995227976630629
-2.237735935343234,-1.187111901581958,-0.773362851188882,-0.102602996083420,-3.206520904540057,0.138213633647001,0.818739864347965,2.093965418218930,1.145841326996136,3.324428160527872
-1.662364668933427,-1.000110098491982,-0.510381430474614,-0.001787207004374,-1.385919770333804,0.343894818100191,0.688653844022999,1.457819185298016,1.083946587752417,2.993147208163420
-1.866219846008585,-1.155128572372331,-0.677379220140392,-0.125305847679390,-2.078223525666668,0.008167273867793,0.601343007546536,1.000205597513295,0.999866821417531,3.146659698484152
-1.485725933357637,-1.000479628193242,-0.527129114694462,0.110573224779119,-0.171945882049499,0.651003598030557,0.946146668512245,1.753508928601001,1.254475017874055,3.334733016366756
-2.077448492140007,-1.008417335062728,-0.527719173119182,0.042707830269995,-1.043682020085180,0.756116866190465,0.884911101195417,3.791680591231470,1.242910641136568,2.748814869666204
-1.748057755095754,-1.107819242265646,-0.585299623835607,-0.020288567218530,-2.295449576118652,0.600279500247147,0.874902902735642,4.210507188144557,1.260464411643144,2.919186946707978
-2.276760931850398,-1.134161706384624,-0.936937201008984,-0.248313204962086,-3.257803963387976,-0.711455164277287,0.489993455982179,0.287878121608249,0.999738883994464,3.344376432960397
-2.563390307671776,-1.037809710099393,-0.502028073729471,0.102151350340634,-1.000020699029353,0.872153234132802,0.990211037691967,2.592595279732492,1.276480255933154,3.277404775543657
-1.308949429442436,-1.018457903391275,-0.731021064641838,-0.069481167633131,-1.192361209464723,0.093460439802719,0.726400573390663,1.967789836307539,1.214570871057429,3.721310165866552
-1.469929515343464,-1.096610004675148,-0.635052936189236,0.029710197894317,-1.000378315494314,0.301955121768311,0.860028722922798,1.344115914546440,1.206662749593671,3.466163239981174
-1.916394931807761,-1.078345383578766,-0.551024281683595,-0.002190452179696,-1.637662226868410,0.821043580335928,0.946303914435099,4.770031880237236,1.296068470312097,2.944741773504139
-1.734542152973063,-1.089971352594856,-0.583968000100814,-0.031719679272108,-1.910809611751645,0.635782904817228,0.892442812394484,4.625941099485581,1.320110811565931,3.189012593881033
-1.909199961525153,-1.042692276099122,-0.532201661683493,0.031564018334238,-1.340523545347381,0.737314799040193,0.883680451112425,3.924845814226593,1.246949328450883,2.769155367150811
-1.960115542923962,-1.082745201509963,-0.556010336364949,-0.001115847008054,-1.717867747760727,0.818614716005703,0.948574507441874,4.655687249048586,1.281910183377525,2.903038037366668
-2.569164503146817,-1.000221215677527,-0.461898382888773,0.131604941687621,-0.781025695642008,0.968909764029443,1.015570708859165,2.741444873778591,1.291692673986474,3.235929028957973
-2.927144446758013,-1.083180226031540,-0.839486892817586,-0.139440729763207,-1.672969050117487,-0.226397783095144,0.644596880209665,1.561525580471629,1.161307059474393,3.131698892006712
-1.486232037595909,-1.270288626768977,-1.082125136804384,-0.710093655485235,-3.854785378811694,-1.702634624837679,-0.290560543308103,-2.343582438930831,0.001129355104637,2.345029381633324
-1.405751868950045,-1.182559089480572,-1.071582600665264,-0.442698350102075,-3.350471880477198,-1.385265434643248,0.134532556440634,-1.594145585152017,0.391746449123004,2.821695403681090
-1.254241888114646,-1.079372887679932,-1.150846483985861,-0.946473061218276,-4.203248655434925,-2.369562024502622,-0.755377476705968,-4.489682941608056,-0.568661769888036,1.468564266730638
-1.034496615892216,-1.195534089205548,-1.162750372547766,-0.708892449600427,-5.449010454269900,-2.352118451218976,-0.409572255176754,-3.461555654003891,-0.078279649777369,2.623079151337667
-0.971324075287316,-1.099683640736171,-1.083547052724132,-0.602048412084858,-4.692185844590458,-1.681275114749358,-0.228726040411141,-2.030595838490272,0.345843664718404,3.512002934132363
-0.844212801871425,-0.943149986364701,-1.046445375891433,-0.828075929477434,-3.567667520551504,-1.729407745183728,-0.676877311283499,-3.259065535731193,-0.340900388756837,1.617725390130875
-1.877645803989235,-1.341465289899320,-0.999711971369683,-0.442767065410021,-3.633632847448300,-1.000200536676853,0.216877167515261,-0.822236637495544,0.592285225288778,3.191106480478127
-1.471750465977364,-1.198466769302893,-0.999742363470709,-0.309064821524436,-2.952084042436951,-1.000341685388538,0.376491321814768,-0.999799890536816,0.673587633165174,3.255644959451975
-1.903954434282866,-1.243818057297383,-1.067204508665009,-0.394675150819524,-4.781858165869258,-1.231897245546189,0.312556594737655,-1.461835060004959,0.734232957392612,3.641753218615031
-1.004644515451070,-1.202671072752954,-1.115545901545959,-0.614718705322665,-5.711566598057092,-2.128360068070484,-0.246275217867229,-2.689492465109802,0.227894930458159,3.376681952892475
-0.824302984529767,-0.957092157953690,-1.086422101821727,-0.955786295202422,-4.676657192918424,-2.290376450556127,-0.921655494679018,-4.273269265290578,-0.696918231391263,0.999785347211190
-1.951544085137562,-1.230977223406434,-1.023016986147687,-0.335632866471736,-4.623103036951848,-1.024676766544022,0.409234858730468,-0.897585793525704,0.834928480269138,3.640532901276550
-0.948270423360960,-1.117431620512790,-1.096571024581852,-0.643274013146986,-5.331996860951778,-1.953802382543203,-0.314497982279729,-2.503152387665137,0.222241856996837,3.396309576914546
-1.683025628441643,-1.149012563547471,-1.171736095346036,-0.662867091243018,-4.439012487298188,-2.021750821502394,-0.216964276773918,-3.380009040198181,0.209048282042752,2.837080051501794
-1.694827175953019,-1.261631118854892,-1.167075191020872,-0.611939152944831,-4.927015886948723,-1.813142412793703,-0.064376635348151,-2.955464439222208,0.299610194866157,3.270924722337484
-1.010340993169215,-1.094370512172128,-1.060341643390441,-0.530225932032139,-3.742605643666800,-1.335040602920771,-0.088579740152176,-1.454340239208921,0.492881665339239,3.548034328601021
-0.882332363239567,-0.999883350169227,-1.113912718873203,-0.971181574557892,-4.825009001019526,-2.499116649499434,-0.939325737328090,-4.364132977398364,-0.816763769320336,0.548503363998339
-1.298159990784785,-1.120304727238602,-1.098329285928168,-0.581319687649562,-3.486112682246769,-1.677882891115441,-0.145026619755010,-2.056871586953241,0.049149165002359,2.089260690047997
-0.810446225348145,-0.882449989791894,-1.002350577436851,-0.888775017136189,-3.202356633187251,-1.673145263061148,-0.793973069706505,-3.380005466447356,-0.543747322116977,0.889323748638254
-0.987941621886990,-1.072813161802280,-1.053384324195378,-0.547503755258493,-3.393149805477234,-1.299487526051158,-0.131229152755376,-1.607745281554655,0.412928735247750,3.298723035181334
-1.200331817853067,-1.008129104764960,-1.047570995363404,-0.657272871582612,-3.083652416167913,-1.663541931179400,-0.334056424972003,-1.978597156574322,-0.208170636204099,1.253782014047155
-1.218971062402706,-1.297558371128631,-1.008506919968691,-0.353018978803873,-4.588829198816736,-1.358981872011057,0.276078036393912,-0.978601837802386,0.755603577073066,3.797128602124092
-1.919362419493340,-1.357861928488253,-1.082590285716586,-0.498358690540703,-4.225254365280280,-1.255718862853450,0.162465841545180,-1.442768551879716,0.524047278026248,3.344329202419586
-0.869704594910004,-1.029135934452449,-1.124667362741756,-0.911414340530413,-5.172870777719386,-2.464024363664309,-0.833044959327779,-4.287531682332289,-0.592150450604658,1.411762463468349
-1.131154448937602,-1.276049510455350,-1.032856201673843,-0.417769698099724,-5.184194569866547,-1.582177943196228,0.145270685460568,-1.205025548361021,0.668487422923493,3.849468464819613
-2.053497172841096,-1.301361115586226,-1.050653190500408,-0.364718874336761,-4.609165284216696,-1.017204803099398,0.403385921795401,-1.000158248378120,0.787124325496979,3.712694360735710
-1.008737381341925,-1.184920259074036,-1.158012559015103,-0.717621621356316,-5.546861677722118,-2.368214327176990,-0.433687533152426,-3.499200809739616,-0.086050728451586,2.661158024932795
-1.382590599022267,-1.208558035324354,-1.135101750447645,-0.835220569739026,-4.165875982836204,-2.061971476808235,-0.516711719540607,-3.366637659142187,-0.283982267970152,2.009384196523968
-1.098556565183076,-1.048015871712087,-1.107318137466125,-0.779533947180619,-3.887520608514451,-2.082375347873883,-0.550658701773330,-2.935267044095018,-0.434729444386122,0.999613436253085
-1.782333088384052,-1.122024973263785,-1.119631507668445,-0.793062851381872,-3.130515650189976,-2.020179542740079,-0.509782643268617,-3.350228093713144,-0.189835537986363,1.000214185116613
-1.323750854783849,-1.181764431389952,-1.120414158907921,-0.868093728844833,-4.025092545635455,-2.088754438477366,-0.592657228919237,-3.431216519695989,-0.385262824688176,1.749330397793819
-1.015681414281844,-1.067573701685846,-0.999969597690637,-0.452148794230992,-2.678183351420020,-1.000179183473114,0.031495750356331,-1.000387568609221,0.557681698702564,3.318902647602198
-1.659217181607248,-1.112093697757898,-1.180181361700148,-0.777740783280463,-3.970781658734375,-2.186412284247531,-0.439436677968067,-3.755829859778224,-0.053449967002534,2.109799944655491
-0.993460431282991,-1.192664385610722,-1.123105062656602,-0.639806502777952,-5.718477124227280,-2.183434293081934,-0.295868458627004,-2.875690552584841,0.162526757731665,3.263326887217661
-1.347328787618259,-1.002294534560986,-0.999939273519955,-0.511183006997368,-2.483452028342778,-1.253505904367117,-0.059864235236681,-1.182899351545376,0.100626984916465,1.843459306701551
-0.917845652780939,-1.054007465772482,-1.095581402605542,-0.699023095428592,-4.494373891906830,-1.810114133098921,-0.422022105672462,-2.734935043489567,0.074436217608376,2.927451950150413
-1.171408411547706,-0.964752982000649,-1.015765276045928,-0.663232288762656,-2.864387571048168,-1.594850990542025,-0.365839155287690,-1.835186957336840,-0.257627571490631,1.014221237013128
-1.303202657084647,-1.169540629443346,-1.116916965912369,-0.562217091643717,-3.778542483239418,-1.729405844254024,-0.095561714608117,-2.190491225278192,0.132236453883071,2.396811157448594
-2.915348083034218,-1.249056022889145,-1.000051027912946,-0.312219711803727,-2.287395455636744,-0.999503987512443,0.332666500319653,-0.823684456272692,0.822926523427804,2.406748229765252
-2.002043672635884,-1.169361222397466,-1.167124561597108,-0.730438399124260,-3.290023484122415,-1.989874944389363,-0.354781541129231,-3.019308650805233,0.061606467124968,1.688254010317804
-1.111294844589602,-1.075446948388794,-1.123546872515837,-0.767475993498314,-4.045722596383889,-2.118664115119309,-0.519488491681633,-3.010142123447658,-0.384322893013134,1.214617272032875
-1.153456629164295,-1.104379784335090,-1.006172494864024,-0.879712102288210,-3.225578845850842,-1.883955626055146,-0.694635909934666,-2.824668429756585,-0.537564677158757,1.000213886446823
-1.833984558582414,-1.147032473546512,-1.170204841762915,-0.655581046496348,-4.037137045211301,-1.969785090336890,-0.207501377520906,-3.078538695646912,0.250168372160871,2.668324356852901
-1.126155984585561,-1.130231990138183,-1.000015760308971,-0.386946824058715,-3.672319073507032,-0.999714913793499,0.202213513405431,-0.133859117651317,0.850765736583179,4.064601222662136
-2.275595336007085,-1.213279603530293,-1.162177784745237,-0.627088210598961,-3.151558244791387,-1.787355487291802,-0.156045451068396,-2.366996945922395,0.322684814934318,2.087836633429605
-1.231355306073249,-1.245316587097929,-1.141005821407270,-0.558473548159456,-4.565284368472503,-1.918816347672264,-0.085569223581104,-2.551303363219617,0.221803142010761,2.885817217061627
-2.851964537376118,-1.259963438280600,-1.067622574282557,-0.394090814059934,-2.501278843662447,-1.198873512064964,0.233558242478825,-0.999825985231371,0.752688614310946,2.448233862293840
-1.077759426194351,-1.149638544709677,-1.013092074576952,-0.439707492509535,-4.717444334468153,-1.315476363589539,0.097759791347410,-0.502596734079009,0.753315958800872,4.099886416766022
-1.414575674830668,-1.150921536760872,-1.063103211591288,-0.452690181469659,-3.158216188064344,-1.351525113908002,0.109120298446363,-1.507205328326622,0.344975506714981,2.657684395158934
-2.162893396583837,-1.153331821674124,-1.000472679325469,-0.319187933767904,-3.680691786771372,-0.999892013250020,0.379679637633466,-0.484413451443516,0.893860182604455,3.386240338207869
-1.183802722347077,-1.010031369267974,-1.120741479523240,-1.010238518860056,-3.883755402342088,-2.401970369759497,-0.900908407549064,-4.685688859934860,-0.763024859335215,0.860242382927543
-0.753231819955568,-0.679210743795966,-0.808850019152079,-1.094445562994248,-2.588452517577768,-1.667279869019946,-1.194768310780013,-3.014870408660496,-1.341301385190091,-2.788141284317546
-0.950150554421323,-0.923326268335149,-0.902533338456653,-1.000009586755928,-2.638511658314614,-1.865843402987840,-0.999777474967269,-3.036498365317747,-0.999896520902918,-0.391812720889869
-0.798425116511150,-0.672322991749824,-0.747518197170103,-1.124620719456244,-1.956336730721588,-1.644815632500498,-1.308961961616721,-3.290116478161620,-1.539409103675760,-2.472663444695992
-0.752278685730014,-0.590156778985352,-0.636934042527920,-1.054072981937789,-1.541906128182453,-1.317380701141843,-1.239499202460940,-2.682019994970153,-1.513442557915382,-2.906574584790058
-0.890042439095307,-0.912596981506786,-1.042320397818670,-0.999931305125003,-3.928294662827864,-2.263839897779931,-1.000092576738431,-3.769953659697034,-0.999768564601295,-0.606226613899812
-0.842407478632141,-0.934460272171116,-1.073263867225027,-1.032742248912703,-4.478426978357938,-2.423296626031914,-1.060958077255078,-4.402485609134192,-1.000099235015999,-0.152724164361563
-1.114493199616239,-0.850442316988810,-0.917896158348004,-0.999674498628128,-2.542920544392028,-1.905448868322347,-0.999927722434161,-3.761181062802887,-0.999998348393971,-0.999611522563631
-0.673542375459372,-0.487901307283477,-0.527109295440713,-1.000546474085430,-1.224320203030823,-0.773342502996717,-1.000159162837473,-1.621467983728901,-1.169837145540216,-3.589523325357048
-1.070041697702626,-0.905117293363311,-1.038189015429798,-1.097463192522248,-3.274292446375792,-2.309200610197164,-1.109112895369438,-4.628661762187050,-1.082240942422054,-0.289496681451378
-0.742861841393266,-0.746907933928901,-0.908314910675713,-1.139987407138045,-3.184348040104539,-1.899632953683253,-1.252463741026595,-3.998492775212653,-1.311839221877614,-1.852173315644469
-0.751322795896639,-0.775842742922089,-0.932602690586173,-1.075419143333720,-3.137180236441945,-1.806760814636143,-1.132777168756895,-3.909337103434951,-1.095468527426827,-0.995197379847869
-0.691249958812100,-0.572750465163869,-0.663569314064174,-1.071255038443278,-1.651940750899764,-1.076835514998291,-1.111894544709817,-2.523111473279116,-1.239636362867396,-2.909624238892583
-0.903139797249010,-0.806691506150085,-0.908022472406150,-1.146111172657946,-2.671579604238123,-2.050607972334301,-1.263451438193735,-4.047622155679222,-1.382021772765251,-1.375213739917690
-0.825412419894982,-0.723286461660949,-0.800434341024401,-1.133589335325725,-2.179719344937867,-1.782987643997288,-1.299134878102054,-3.479442571542170,-1.491955830942251,-2.085289412531667
-0.744978128349580,-0.745664130839495,-0.886230698874579,-1.037819370949201,-2.654451875049326,-1.572313587046945,-1.063330114998643,-3.508093143966240,-1.018752452158914,-1.000214866690793
-0.965227036940483,-0.776778510625022,-0.882028041457640,-1.106035351375277,-2.447115617222829,-1.932338290413589,-1.203776903372789,-3.958770673746967,-1.306396214105578,-1.626202115175363
-0.812389464820306,-0.629084477249564,-0.677982415554924,-1.016518460426205,-1.708769982747475,-1.385780930778897,-1.150031017206276,-2.900843798546223,-1.370074886608451,-2.467669341513807
-0.749948980494380,-0.731570154260983,-0.886138079375679,-1.148246595440127,-3.100719580251756,-1.907389710036545,-1.274333619801532,-3.790490598359437,-1.387980164191150,-2.342695648863032
-0.722482926814887,-0.583527150190338,-0.671342348159964,-1.012109985755456,-1.865021617882088,-1.230569943188619,-1.067197538840903,-2.092081213952474,-1.221477946442434,-3.160553743890042
-0.687425754875467,-0.555500914939217,-0.644113867116342,-1.095965145339939,-1.670267453788123,-1.092817503959718,-1.155422288105453,-2.454827052281157,-1.322320919393830,-3.395200877926995
-0.740719819332663,-0.669443765403567,-0.801770560639678,-1.119640511232717,-2.575520136406677,-1.656551777620627,-1.232082320940268,-3.124946564549663,-1.387708581864379,-2.929673914990515
-0.699929274910072,-0.580724457696492,-0.684034054240094,-1.116788887167984,-1.948676355119699,-1.278538448102729,-1.208242642729360,-2.625481356589929,-1.392104045658718,-3.527406321375530
-0.822546423378390,-0.762065184538518,-0.891530494680238,-1.016064188942826,-2.915174378839998,-1.835557445964080,-1.061883449852659,-2.978749553956224,-1.148991139498169,-1.857781882015460
-0.722784256236950,-0.667919982213051,-0.775439951910851,-0.999784982673628,-1.944696099004360,-1.225405411680728,-1.000180649390543,-2.854109522739189,-0.999633269937992,-1.455358294814048
