3.400921960612216,1.175584446804031,1.106561374984181,1.032218706102560,2.823968885622554,1.438154257986771,0.721108370082118,4.320321354493761,0.691165572309274,2.602047704210200
1.022914620538501,1.133769176944480,1.094577306267379,1.067683951384097,9.888624545997292,1.868465405904370,0.855077569471705,4.010493459822192,0.861042943440658,2.811533340258624
1.642793555554686,0.999964410931346,1.000061676930721,1.000386332220044,5.208220989135563,0.929077306531005,0.480349970542225,2.365631128508306,0.504381919335847,2.415654922718049
2.732993832356519,1.153494533513139,1.105232071150748,1.075146952332439,8.051248105732135,2.300356722787240,1.003099812993592,5.664183424730391,0.904705288250389,2.898712802935172
3.813939041925139,1.233013248911828,1.158887815254215,1.098361493412380,7.197670063456133,1.973092624222005,0.871704043238478,4.526845622944454,0.785658172777722,2.751875871283814
0.999994959834879,1.000213084561252,1.000001261935761,1.012337309967008,9.843501129031722,1.757614659495190,0.774640521683391,4.046198498987357,0.711074634977924,2.616272590568367
2.428422229688924,0.999778504598802,1.000001244276913,0.999457200491750,7.428056146274816,1.912922920390104,0.872114675495125,4.100624311526357,0.798089762648937,2.831232917635602
1.150037916599569,0.999813980813109,0.999955043646306,0.999544420062207,3.113731071741063,1.686061021902626,0.854488943332229,5.460431060596822,0.829939174794225,2.758254361716479
3.537213388663891,1.129665265205206,1.082125956640074,1.039461103716021,6.532018386580298,1.712619303382787,0.783033868779581,3.784401900749309,0.717707743350725,2.686958978156046
4.039456556059297,1.266742556303320,1.180754721058531,1.110142561438144,6.977492304552817,1.945214815664234,0.858935582249083,4.533677051348122,0.773267003372790,2.725204806568284
3.027115712706028,1.229878654574059,1.154405386151623,1.089450371896900,4.353032266997495,1.796413519714084,0.843567335722862,5.307309008491886,0.782805362982290,2.681905712595445
1.000496267978862,1.009352244132088,1.001521372026306,1.020398805422626,6.881640352472218,2.319896235009909,1.049487959179872,6.825938096627318,0.971104815627078,2.917881599210800
5.325346693847736,1.239910877423257,1.129520223321912,1.032093109541526,4.074082243303748,1.210714039673536,0.592391692075250,3.001568770064678,0.566800685592479,2.484122953259907
1.880865867652360,1.000073074996711,1.000200385754628,1.013821801844306,8.906858468571961,2.442520609841234,1.071290711347218,5.801431515312188,0.977759030879496,3.069281251284940
3.682827391250700,1.220759592464022,1.138341830099849,1.055106352803103,3.144338149388809,1.486052226047216,0.730735098060752,4.396550082625021,0.693048363252028,2.598474145913879
2.220062799527828,1.295292060857759,1.186820139625811,1.124791612620874,6.560833653491047,1.117394560121719,0.542346303400733,2.547783786175681,0.549865338774425,2.444567756867603
2.476187188984965,1.353049162113832,1.207885898875716,1.126988726760992,5.956521353935464,1.016723573263536,0.512845718373469,2.314468676839001,0.542521018998371,2.437214732830382
1.000213911133708,1.000124836775231,0.999707877614446,1.000075499443712,8.608097055662387,1.778027417979075,0.855154964701201,3.767490050079759,0.928504572735677,2.905904932004400
1.869351541875984,1.318632985150813,1.206835850948707,1.140816314156530,8.732137577315212,1.500370746476525,0.678304458966643,3.265548650925164,0.652777305856701,2.540257156687268
0.999694743477304,1.029002392248759,1.020694357274092,1.027240222749608,4.355470379684081,1.943514159515734,0.938122938728278,6.217963157799661,0.891926997876431,2.809605320652386
4.568452262868051,1.338449520316144,1.219588767127607,1.112611709159082,4.232854791635380,1.605466399643116,0.749247434010183,4.439343771676989,0.690764124699902,2.586305388154222
2.237387540704998,1.375481724805400,1.225177455391399,1.137331324341002,7.628424363778237,1.359644338119830,0.642869310942308,2.885099938324726,0.665830431181571,2.550248133141544
4.205911121772504,1.289230985507181,1.185179779497603,1.087136775571150,3.659980985967199,1.540887767461363,0.737040259487287,4.413377132181106,0.688543617664929,2.587291916947706
3.579281038664092,1.153083017991897,1.084888410034059,1.007523600298482,2.459625957974375,1.325413146015574,0.679642768750108,3.978746017363857,0.659041986247111,2.574198788391281
2.169769088046872,1.371149590291239,1.233738955123748,1.153165731470279,7.870040140777929,1.352732052943253,0.628236380296156,2.929752588371684,0.624571382550931,2.510075016794740
1.657957393801863,1.071184895100890,1.051085013245913,1.042434223791586,6.888786940807999,1.222630214769811,0.578481040907419,2.885905499104524,0.569361912521368,2.467270803232162
-2.560889573492752,-0.640017732173142,-0.264365667591506,0.204701515066410,5.954139910598219,1.799388209364645,1.163930023012558,7.384852493349045,1.282431405070528,4.306929772837230
-3.750947334285455,-0.841170185473939,-0.389195027818765,0.090562164426332,1.829954820765801,1.128884975886054,1.000108169016409,5.055492153148684,1.317086677194148,5.505250919580949
-5.588030824212687,-0.568011359537411,-0.214690596837018,0.270013910191034,3.871041676122470,1.570030612688669,1.093769241935465,6.912413002463023,1.305068889446368,3.829319945271451
-2.678418915009325,-0.861519291332120,-0.491022742188640,0.058729509934761,2.361647356108107,1.289003473837580,1.097938001202133,6.671745857363728,1.328138656539510,4.872797687119943
-1.507928573415481,-0.183672020068964,0.204734567080419,0.523687442746346,4.748900453835736,1.626943085494218,1.029049973038354,4.137400270526330,1.310870997801057,3.985036219918364
-1.308548884126403,-0.132971972031795,0.151650002015531,0.469656140692214,9.066258418505178,2.157532459416075,1.103660102858408,6.187244718366943,1.106646131004094,3.410762944045224
-3.616960519100003,-0.595191263628887,-0.100111876882373,0.301821866532770,8.061578605977800,2.037641048459363,1.178743277793532,9.035814714417487,1.201451801374837,4.226389474267084
-3.286663731565531,-0.381413612903054,0.084730411684989,0.461501107693998,8.338686020356196,2.177875060879122,1.225349008930526,7.070663722737134,1.261655361890746,4.247925381572443
-3.268935408178405,-0.335605891426679,0.117721319248214,0.474695828697513,9.075049386458332,2.238084175323031,1.223575332239253,7.369636532266805,1.236212684933857,4.132239703285368
-0.999566328190804,0.468662861066078,0.680329697323534,0.828917601213940,10.018606507034649,2.210310178905641,1.089633293570142,5.256481220067895,1.139607437660432,3.428064931196852
-3.582422732273403,-0.473840406164617,-0.112563849270476,0.312018773669175,6.013293392200361,2.038566745723917,1.261489131721491,4.769227501229576,1.432662727817161,5.606336803147161
-3.674257677513983,-0.657538675410262,-0.265606356810221,0.196565598086155,4.375500869587820,1.674979299174026,1.180507010682282,4.493961369882080,1.440015242954461,6.087901043682353
-3.511803862043568,-0.608544659199741,-0.093582167949234,0.360846418346725,5.826154305207083,1.917059108933737,1.210882826083890,6.509506049704012,1.308495188869221,4.638184328769123
-1.504168056533006,0.093691731509039,0.344742012600725,0.586869554854621,11.189189829413413,2.312376347538661,1.108421428932737,6.740204964200419,1.047825196832858,3.274841950877008
-1.428862929536670,-0.113945323244920,0.257971410075363,0.559234602316076,5.241715605256266,1.695538187399919,1.039884756616985,4.242665003548991,1.302268723904957,3.930148953584594
-7.602558257267355,-0.768536491802904,-0.432082867078392,0.186498420390457,1.540085805448038,1.000221523637427,1.000387009460553,6.843789759812500,1.344187139693465,3.679169120875666
-7.509467746706783,-0.721764282549954,-0.386061773262214,0.216303290785365,1.832445179145592,1.102082362083190,1.023352130452544,7.082775647764843,1.348949284430591,3.669959894243718
-1.487553737715071,-0.348184153565268,-0.031103453458905,0.354356582932336,7.589789188980593,2.027591349605003,1.119222630379909,6.078515464522376,1.178510744755352,3.635441393096550
-1.230516024712166,0.179559324543402,0.406967618250866,0.627467686154388,11.198727152342689,2.291517744563607,1.081618966550465,6.420573934801091,1.015776682369966,3.183208244294205
-2.025082650035186,-0.923256153539080,-0.615251969708368,-0.040757516795106,0.999947472225649,1.000156906321594,0.999813621755058,4.258095125364878,1.293879352005517,4.599497515095232
-4.014059367792047,-0.775422361928007,-0.335094797497140,0.134432560335356,2.661520569400699,1.286324993315583,1.025040291433539,5.322409524843426,1.295422983925151,4.930643646886597
-5.042241515353645,-0.858472868642045,-0.521803889880524,-0.003445564933253,2.101119971442623,1.123452287044464,1.007426009592451,3.154837545362031,1.149237995445460,5.466825747776345
-1.742392374564081,0.187144503056971,0.410433412075279,0.640219033884256,9.395430430965961,2.562902456995128,1.250108846681518,6.327396672618027,1.264769902250912,4.030917588667376
-2.173474622525961,-0.632672624572957,-0.281311598060319,0.200401193554037,5.513087134192787,1.786283011828665,1.160721049127191,6.358758582460778,1.292853196048242,4.208357903832878
-2.112286635261268,-0.087380364620379,0.297124345443013,0.605786738203846,7.519943186251847,2.067223928808266,1.163294625970337,5.406822235803624,1.300631652012055,4.041906475979063
-3.915237987846578,-0.917836382130210,-0.358941769597830,0.176743206107223,2.676567750592220,1.496572973679945,1.138731716791096,6.733051047154033,1.260299742456903,5.010716328222684
-3.883947531096166,-0.897264941719689,-0.340512406617619,0.159845687206734,3.495818785771547,1.545851153191300,1.117736734295930,8.168882290710258,1.222904648921776,4.797383426453800
-6.551555001359463,-0.199495047644349,0.110124055443843,0.541718250150897,1.264093304395214,1.322233193955700,1.012568704606517,6.506276670297392,1.228386386763687,3.460354270736230
-6.852228513087247,-0.281744473703821,0.017765944279855,0.487299651831179,2.761035043109112,1.597696742329885,1.110583256360115,8.066960949939743,1.323032110327280,3.504593662397300
-8.061280816770383,-0.636404790691453,-0.286461469998880,0.308942071568352,1.000131783692383,1.000004696435321,0.999605457916271,6.666288020356072,1.338491341996638,3.667222695639654
-2.492391336952764,-0.713972879900422,-0.345719088303557,0.156197088379872,4.751839280955647,1.656513726349558,1.152244265033474,6.841288219028130,1.308339913196040,4.447347187008910
-1.549777647954248,0.390674151975844,0.628687823289802,0.792839632052602,11.343189749373192,2.357992323382026,1.131219521367698,6.013991676781379,1.116727481560411,3.432323346624042
-3.951034304664511,-0.913959037784350,-0.516817955409464,0.015138859701628,0.727184243072593,0.999656246885002,1.037808628999097,3.419528385174475,1.411767670882216,7.035745968929695
-2.133845402111127,0.618877836570393,0.724001980126136,0.876219384689985,5.010770400352686,2.165414885154690,1.092775795091673,7.741273004085732,1.089136334809800,3.063788292201886
-1.128986805478824,0.579015968627358,0.747231469606692,0.857579420703908,12.212095768605067,2.357759507007843,1.082424761516966,5.930749423197020,1.027198412882609,3.195129696256719
-3.790766643730534,-0.766411412170181,-0.326978573242626,0.135729941688442,2.944446472536213,1.322357758239830,1.041411404741054,5.217148594933580,1.324459639401970,5.287885187511620
-3.074500077783646,-0.936119639551979,-0.406476274970425,0.150394768775581,-0.053160224095226,1.000019371416203,1.000092639705118,3.643362781322319,1.331981196387822,5.105076843727510
-2.623041566498912,-0.536970295863207,-0.052523574672052,0.388288396773788,3.826683246299650,1.614443719194278,1.117277712146140,4.677881840638003,1.370780318512746,4.581675633435840
-4.184385409110067,-0.659288909045559,-0.284102590066567,0.197683956699201,4.229875012795562,1.749024544939152,1.219078084505994,4.176918736529764,1.422190740434775,5.987781215121007
-1.386922961864556,-0.452453421061525,-0.123767587144947,0.284271359183262,6.415201546088110,1.850284289656435,1.068601933835497,5.813574002883906,1.174893747465070,3.650553523535914
-3.534214135480334,-0.936251656678776,-0.390907825101972,0.179321775245704,1.000142384881982,1.255029751540130,1.099903246833343,4.666732819273944,1.333834945229799,5.243750157763838
-2.860855792518739,-0.095487401076595,0.276624256177418,0.550604890599313,11.523523103259262,2.401991953079567,1.193705295997213,7.879527295138077,1.139306432160256,3.676013641156574
-7.511482288158262,-0.444863281520198,-0.117566038435073,0.411751452721774,1.833574248348470,1.323942239750196,1.063481268374400,7.472128905601041,1.335229166841136,3.583610614605656
-2.819837219121191,-0.217448239337319,0.103783442356949,0.439154384263149,7.953539138933479,2.283921013605315,1.247643862798063,5.765641086767977,1.360311794095865,4.767863505282635
-5.221164745964307,0.089200460684608,0.340575835324080,0.668404665329979,1.887013051016989,1.552795851671632,1.021970022977978,6.774808411391625,1.162205891930642,3.294698303401505
-3.772325433388208,-0.487542778179034,-0.106244259907247,0.293129519148043,5.793709178498951,1.852290736168547,1.141677839198368,6.027689057707076,1.318446991187033,4.563916759400364
-1.000088429108948,0.322121471907497,0.515695047046053,0.696325199799156,11.599567940568804,2.285743761433486,1.052069073522433,6.200820674383245,0.971398277590621,3.075733020463999
-3.900361172954796,-0.356774948754559,-0.020393101338096,0.379983015706579,6.587343459136692,2.135520338994394,1.258736079268382,4.720957721676053,1.330243224798952,4.957504444336948
-6.119332648105041,-0.410778370412670,-0.095899743024971,0.375284688790304,4.152915728684360,1.722950611783022,1.133572361824043,7.917392650190076,1.326859293614771,3.611287570909086
-5.590145303385379,-0.506044256777760,-0.164050501788745,0.306468125683422,4.241443877553078,1.663623922251392,1.112879554550259,7.203622165621566,1.308928930500017,3.771044010448640
-1.474133554364759,0.348696887858408,0.541617451464352,0.733533845535681,8.597498824349726,2.294845168953007,1.127817307598467,4.775730738238591,1.075918132866748,3.590126202467119
-4.545159131136995,-0.473520051387365,-0.137369650285886,0.284420174756993,5.692593109309461,1.829220206807577,1.156900303107636,4.244055956613106,1.199707405581534,4.674838282005061
-3.774090774898883,-0.997621556133362,-0.439947439103939,0.079254874140122,1.350157297262390,1.232764383088335,1.041332967991707,8.402955736972915,1.205301109663913,4.977027176074415
-3.306839525500118,-0.438608096127582,0.041334206571767,0.440999270333192,7.501125267893919,2.100448232211027,1.223549098042619,6.764338644900084,1.286540409390273,4.374129107694066
-1.000302121290579,0.786502058261184,0.848054821039259,0.942411712350738,4.820837075652391,2.111887268320966,1.043075116138432,7.236282866330904,1.018397759734035,2.966737230076011
-3.087020578075306,0.456775385314926,0.601212698149409,0.807849288590538,5.128111677873894,2.183341624600365,1.128772876363468,8.113630073816909,1.148844432412237,3.152973540251737
-2.242240198305809,0.026641853737925,0.290122155770097,0.560852867760245,8.961225340675419,2.474221259538941,1.252118216999301,6.221650289510776,1.301424146226779,4.257640991855133
-4.912330473083216,-0.081231284568812,0.178925628009195,0.538406172461459,5.712827879911667,2.106643196141504,1.182231269188871,8.316695086465145,1.282554620692746,3.475673861993728
-4.685025648939828,-0.753268980158514,-0.338501401966086,0.152554809377641,2.584949110509742,1.285802318478610,1.023179768020477,5.556582284164573,1.272796136209618,4.345678750581533
-4.965881509649821,-0.931524121249688,-0.588143979164693,-0.046701992704740,1.000081348802408,0.999623017822220,1.000015929522979,2.892945802853017,1.202753139977143,5.979807761320055
-1.000444273033298,0.404660984817073,0.583358165399877,0.765554834880769,9.282443324327664,2.499616681981466,1.198955106973840,5.269945579100498,1.155851881123122,3.758063927974563
-3.789592966520165,-0.663106577872963,-0.275904384142773,0.194293492935389,4.268841270260491,1.691042268630887,1.194509580936364,4.352005301756677,1.446391501325070,6.148477879948848
-4.083238890127283,-0.637926200498508,-0.262689427200166,0.212157692016794,4.455434018681180,1.786101581478679,1.225895039403417,4.259730274570066,1.430162850266963,5.972355604578704
-4.699068634803868,-0.760928436038733,-0.394018827795735,0.115094110212620,3.170757402487927,1.517791976682033,1.155630100896555,3.753734215893686,1.335866171635200,5.873083587961270
-3.187166972028778,-0.959166026410599,-0.510798983123332,0.017969113537813,0.999533488021045,1.000135311327981,1.000116688809955,9.036485994184677,1.276294702926799,5.344467212012165
-3.381168509472190,-1.048020017317142,-0.511500073675585,0.087759443339042,-1.020348399367188,0.875519452595057,0.995612182878970,3.595332197662986,1.303757496032697,5.363638041533567
-3.525985555995049,-1.111605186993470,-0.612376516642410,-0.058588219113092,-4.173585760990745,0.322436668621079,0.809797398865296,5.127829005243994,1.165930368591453,5.384075650314810
-3.291935373253711,-1.312573629737795,-0.854202311866175,-0.212098616840964,-5.792054561778414,-0.210329179530488,0.642125216725923,0.999984455460161,1.025090213810380,5.481387941690723
-2.730456321900314,-1.044570693146154,-0.720374082347263,-0.111966676698762,-2.730160885274437,0.407492161966621,0.904735860382126,5.321156773396466,1.281847135252808,5.702226306499573
-3.903590922611487,-1.104556238532062,-0.553646465145789,0.056586914446882,-1.003327135197316,0.972649118981571,1.041463857921628,5.120065992026067,1.232833975122035,5.442714058990611
-5.537809065746335,-1.166654293815475,-0.889920138724316,-0.218373565612681,-3.907648618416270,-0.447085387694340,0.570549909168814,0.999941060828237,0.999625957012397,3.993553630862199
-3.566128806909495,-1.000224085199098,-0.523496891350056,-0.008374858071624,-1.389615018388136,0.619145144323088,0.879681484376750,5.070876650099925,1.265989670671538,5.823242340295696
-4.666648141900096,-1.139057384368998,-0.856679445365942,-0.295351833445150,-3.528316890290859,0.013265291305109,0.683409817079595,1.000380707799687,0.999941896102716,6.619705390998949
-2.632497181096436,-1.114251932521567,-0.900002511999553,-0.322358716611199,-9.440365109108862,-1.035780819748679,0.437927855360462,2.506586835663163,1.000311085041412,7.211361974105490
-8.076536939562262,-1.160743003846131,-0.858134131965557,-0.128077620003791,-1.194260296788827,-0.275517123528978,0.621753054566451,2.853493321258083,1.142785222492708,3.556330248348305
-3.456954852946608,-1.120324409269686,-0.612811960859891,-0.059648846266839,-4.269410160195041,0.333858834540791,0.814438480103983,5.622651881430949,1.165642833621955,5.447888999496250
-3.792751054113274,-1.229291791247945,-0.827954339775061,-0.179507771366036,-7.190404723910680,-0.328617671489606,0.661149880647485,1.239925569322208,0.999556287418207,5.239108930692072
-2.507141217585840,-1.117813681786988,-0.944193254085065,-0.338641420820094,-8.631539610770293,-0.867287987231235,0.503750881689063,0.999723518649303,0.999990555595533,6.230848714959089
-5.363350830693976,-1.016209602572079,-0.638076446188661,-0.027493634839675,-1.449967805766199,0.418915951557610,0.831624401626918,3.598238346992012,1.183922805763339,4.225764463458521
-2.882420158214003,-1.129541840978468,-0.857462349525703,-0.295851981403277,-8.931507364429660,-0.959952215582015,0.455710138569175,2.708288899304845,1.059468284144485,8.058003557409643
-3.190792531826530,-1.055640544857192,-0.582210115296229,-0.045827081547853,-1.972144129633087,0.557453711698091,0.880862651630461,8.957016721741732,1.242112587252382,5.861507249193358
-4.873530951740820,-1.000527958720899,-0.660979684377935,-0.103977398272592,-0.231213609926640,0.785488455272986,0.950067856097539,2.483254051015315,1.204457586548071,6.366192066692391
-3.401115771831019,-1.100167023632391,-0.571442403601984,-0.032984029917151,-2.805408692942601,0.578075242492514,0.876369948984901,7.768885406617645,1.190585898736256,5.491946638260304
-2.473221564755954,-1.100047957792780,-0.867862033879301,-0.233678632646019,-5.208116493061063,-0.112200353982814,0.761621372297197,2.148244265156323,1.184454327329407,5.627154568245416
-2.778479919859277,-1.114746872243562,-0.810680132226137,-0.237869851333969,-7.882973242222491,-0.660632944317642,0.562480669340466,4.739754766504214,1.125487153169944,7.408881388389900
-4.052929604511805,-1.021347354956672,-0.555371466334579,-0.010321328744450,-1.962687558115432,0.560271164236525,0.860601778312531,4.299305698567108,1.197671732923340,4.939958831921317
-2.093243929122071,-1.069213558810604,-0.898251569567042,-0.332363589551047,-4.063829041297964,-0.278059321855933,0.588834356377695,1.000060870101122,0.999990489303445,4.746931885319114
-6.344394667321294,-1.104251673257314,-0.804038369903689,-0.127479843264290,-1.994286976887282,-0.047297320612724,0.697387960773270,2.818731231247292,1.126704376273454,3.838589700533440
-3.769368838832946,-1.246837860412537,-0.755212166704262,-0.097763542921572,-5.285965402300570,0.224692057108210,0.847740888623976,3.149229819163089,1.105515982171942,5.666676465698728
-3.315494903910657,-1.038131337409861,-0.503337327510440,0.090345577219113,-0.999974662391991,0.865606851215983,0.986597932493917,3.518038621276249,1.305436130209751,5.322505261733806
-3.332385873195652,-1.106593165135070,-0.599964000791754,-0.059633212483357,-3.999499977410026,0.341210085146263,0.813464623961123,6.375695747630701,1.191558844764021,5.702108777125398
-2.774839312175891,-1.103763963380740,-0.793487290809953,-0.206164755102893,-6.631146107847989,-0.381651469941431,0.658002534370600,5.370054516793673,1.167887956838952,6.833855830886009
-2.787890659820265,-1.120599299175698,-0.838019990249641,-0.270777033145170,-8.646859068991368,-0.854642968959534,0.496223637083541,3.743421790799967,1.084567077996613,7.730232658597196
-3.691862178900795,-1.233488613814052,-0.764005297801717,-0.121950998345171,-6.217356443462526,0.039466324245058,0.780644657877592,2.917520829204689,1.068696748582632,5.496494320388683
-3.745482454303569,-1.041416888547441,-0.558001336698927,-0.022356613884130,-2.430982378971883,0.512608271338849,0.849415651996675,4.738625945076372,1.205768992162639,5.265647879282993
-3.696771793295103,-1.242582282018860,-0.778308227709984,-0.129887023676777,-6.366754333089809,0.003598746106852,0.773479764804717,2.687527821953024,1.061128952603644,5.530169372151206
-7.750716578251951,-1.232425096148685,-0.952903693235434,-0.232414038214704,-1.732029533085418,-0.675975243055299,0.456181772631683,0.999884939085877,1.000231812763273,3.432384100356522
-3.851865601636283,-1.143417055693693,-0.687718492130029,-0.092098764222531,-5.067788927463583,0.108095843273208,0.763407374460706,3.191248921722901,1.108372941735069,5.066674730055550
-3.510813757421358,-1.058352468955421,-0.659975054297081,-0.109854921657249,-3.085469861344622,0.210871365946186,0.813857950389905,3.438131849154700,1.312312876808276,7.569848661060599
-2.721345277877905,-1.112727788573270,-0.836714559646797,-0.255254675671896,-8.085037005681642,-0.705573793901941,0.552855406386064,4.278656397139469,1.103540356957250,7.200128470423067
-3.976250783541534,-1.189151809879379,-0.785861115611481,-0.152662920043249,-6.265062418846489,-0.214562813268008,0.682337247147996,1.614233088312361,1.035851395067827,5.014538185857614
-3.974643214792177,-0.999744039504478,-0.614791815430223,-0.061799176604112,-1.000124741319625,0.663127691761189,0.952084367359549,2.880036474760709,1.371835675778039,7.407937712863080
-2.955395868469375,-1.135778136192412,-0.871117450151119,-0.311367658183671,-8.995138067046744,-0.999496285451088,0.438402529971137,2.107369516528710,1.043979194922284,8.186417247329842
-2.414353591822980,-1.112195705714101,-0.911921980200613,-0.280956470008526,-6.036897401408517,-0.325342459667670,0.687474660059134,1.171051543269924,1.122500176730523,5.569790279070242
-3.670957516163482,-1.314493025591096,-0.881116179778180,-0.195376654342294,-7.098452298739696,-0.237338775616962,0.712540155960790,1.234643346576842,1.007822610710293,5.796415541980927
-3.298859075726801,-1.106389610547141,-0.599540328246210,-0.060591804247856,-3.958459649670459,0.344430372786554,0.814716014045450,6.700559965658378,1.195608045658196,5.761259179516856
-3.720956331928923,-1.231667385087466,-0.803543201165607,-0.158595343389462,-6.992203276904524,-0.203937987518343,0.702868521913529,1.860264567211475,1.025136153915684,5.350781534338360
-8.245714261491461,-0.999832868661254,-0.625936158746692,0.061720726975389,-0.999816129383629,0.028721350369744,0.724525332694739,2.767755935149024,1.195426990295429,3.800774830877632
-3.172210343785090,-1.080140284635987,-0.598645048168025,-0.061674748187951,-2.977324864294619,0.418348923686960,0.841546257902896,8.542833418104085,1.229001297047731,6.003029417285793
-2.759408538844154,-1.083256893814874,-0.773272660268886,-0.167467016927626,-4.805500467662167,-0.002801044887957,0.784574912876931,5.220074880549749,1.225331446643599,6.187573001763505
-2.727121074741627,-1.155968394079929,-0.675847974013096,-0.129989383152888,-3.759662463573135,0.018035771852875,0.613916490092330,1.416806717182101,1.072465179627540,4.754859309218610
-3.297628683106772,-0.999992954138285,-0.463689248278771,0.119570625258810,-0.478394328658987,0.961704226401617,1.010967757792889,3.720767199849758,1.320444614234730,5.272876059196641
-2.286280688663067,-1.017830852038581,-0.733822655697327,-0.115953106531260,-1.382690213539882,0.623387991839840,0.952012146645200,3.384360389709500,1.293675876961863,5.037434630301911
-2.778160087073752,-1.210188383924451,-0.746174493063139,-0.195139729215617,-4.549803608761120,-0.180529963239590,0.542026345216772,0.999766644251597,0.999595504021894,4.752435433469659
-3.688533562575690,-1.264311526176904,-0.843447522667459,-0.180797180678317,-7.374654029152762,-0.275915591841528,0.691404009264004,1.437932563474454,1.001309668249380,5.513193854538612
-4.640737130574796,-1.036622890793665,-0.616604099207535,-0.031655613463871,-2.209420780267633,0.417563256574387,0.829940961257342,3.489190207972958,1.170146128599068,4.549040328662553
-3.555562284005527,-1.065350765793511,-0.521067777183608,0.009500849791548,-1.000056359852607,0.867071348862157,0.948966834303856,8.380256367535342,1.196737786786237,5.246771701401265
-2.837531059234748,-0.999588772976061,-0.636785813841531,-0.051919464277067,-0.999808735733773,0.708033419784476,0.970714463326083,6.575274503885843,1.303557505102492,5.518041274464564
-4.730014879535072,-0.999836621972766,-0.578260356134819,-0.004608733534802,-1.415363201477578,0.555215742583663,0.862192612122660,3.869502555471310,1.191896471521683,4.491567690811233
-3.243275484736351,-1.080934894799757,-0.658720913503114,-0.114753082365127,-4.200889483405089,0.048288254424155,0.756393535068588,4.663911790693749,1.267706391181852,7.244412786215117
-2.699050829676143,-1.115390702281860,-0.861295693694501,-0.284958526654206,-8.825403217582021,-0.883594963368075,0.491068115755199,3.547963275131902,1.059631609172023,7.379676973139905
-2.004724303848020,-1.000293763740763,-0.743331535761006,-0.174025525261842,-1.000057518428040,0.452303186748269,0.816119241831355,3.281729563920388,1.178189985072641,4.646197781848546
-3.070978746160861,-1.056939867552304,-0.534063341421295,0.047480442863449,-1.726928899721459,0.656289157793574,0.897684714770199,2.899747583131164,1.271951670239402,5.184224505945555
-2.448665534426282,-0.999926872923531,-0.508736739123811,-0.005600818902828,-2.070085085068939,0.353847208264307,0.700671861022672,2.025941156181473,1.164259278816742,4.532888162617088
-2.367414279317382,-1.119289410538691,-0.999969696423256,-0.404097393888666,-8.727900808636274,-1.000176469114869,0.431775282273880,-0.974692205274853,0.897626426182105,5.587624499905998
-2.601702515716970,-1.076350774683836,-1.074819942656567,-0.666107782155549,-13.069768549478647,-2.312893609636534,-0.250273948170308,-4.346412372908827,0.225706622328673,6.064928036899246
-3.791368334798234,-1.170447235902194,-1.083309294367845,-0.672716272078465,-8.456037560134167,-1.536545240391616,-0.085569466924996,-2.534561910361755,0.199392532531575,4.967416227765960
-2.373945671746456,-1.134727625970097,-1.017942109655644,-0.880269287316584,-7.312609020156937,-1.939938175158041,-0.687846291705063,-3.717400533180276,-0.514749473119713,1.000245763742225
-2.665372405891914,-1.243557695952144,-1.142416577413322,-0.838407601839891,-8.959445792405290,-2.090612602053390,-0.505716384126619,-4.506425229222616,-0.294387685226397,2.326228602277212
-2.342351656005326,-1.052218364080160,-1.073444815513602,-0.640308815023813,-12.680076183167129,-2.190946639022203,-0.171802444582572,-4.650040710118246,0.279793953648860,5.266363990425076
-3.826932653309033,-1.185531872579537,-1.080903645079838,-0.644196259610035,-8.657993381302218,-1.478996958286063,-0.018011045164640,-2.405621873020634,0.302575974661133,5.474142176689205
-2.327412534835225,-0.948726587636121,-1.083446463329770,-0.919610291120472,-12.676799692804789,-2.769112983814124,-0.794026918970749,-7.775481811809186,-0.557865095354338,2.098033031853222
-2.033794901308131,-0.882742988915899,-1.012804443708283,-0.888876567008605,-9.193071773113044,-2.233411989564282,-0.651522902561056,-6.751844266834587,-0.461940453014636,0.999685483446976
-4.000181259049098,-1.171834708561917,-1.184117469813409,-0.786261279582970,-6.047086154186524,-2.140558804793736,-0.431186343814488,-5.654668130341216,-0.137072134377955,1.518385967357936
-5.012676900107545,-1.225194947623416,-1.038655490046295,-0.387459543225540,-5.638161075267258,-1.117211378897039,0.301211858651714,-1.512859411096343,0.734133098546095,3.716297026560662
-3.505648007147803,-1.059718415749515,-1.034685074640340,-0.746359019937929,-6.737704341749005,-1.645074208808515,-0.335866236196299,-2.590548178050193,-0.203094395909476,2.735433414507691
-3.531342754071699,-1.135403054169098,-1.178759614343577,-0.869166950424880,-6.575262095957154,-2.292200885015743,-0.594809480387486,-6.384955630214384,-0.377684915494726,1.048415382176955
-4.122864566597461,-1.127005552653431,-0.999889694756771,-0.568742643091427,-5.391124337181878,-0.999835437009874,0.106898904429615,-0.999942138427087,0.304047763652300,4.505722461529756
-3.156776112291535,-1.018424253864815,-1.050508743644927,-0.862020510149904,-7.989254171228352,-2.036574771832720,-0.615205979123041,-3.853975668993276,-0.510671701161821,1.598074896038726
-2.604234400386400,-1.216850625112392,-1.128941719946291,-0.870384343743570,-8.709170983936879,-2.122969178433500,-0.581907217726299,-4.594041027509739,-0.393341660722414,1.928919568236358
-4.305426398527548,-1.210511431143106,-1.171225874789255,-0.667988035360485,-6.298192222104467,-1.919295037237017,-0.201303794660400,-4.651360563383152,0.156742020210531,2.384272222147876
-3.080795782818154,-1.381255176798613,-1.082661540080891,-0.506841751422931,-8.836118431333858,-1.260773228302658,0.171175806280001,-1.890815947865099,0.527926359132325,4.809324005172229
-3.520661330459177,-1.147820520330286,-1.105867993180042,-0.747274370909793,-9.571659536229735,-1.865830900651851,-0.269717832604375,-3.490696504218093,0.010121448615024,4.487890532399832
-2.198691653308996,-1.028726543000791,-1.088943531096333,-0.695841660170239,-11.524422159528765,-2.126161159535438,-0.221721093258897,-5.852332126823104,0.153031780751194,3.888193624256606
-2.787321983019953,-1.130583566347798,-1.160598676441313,-0.950650773991147,-8.229586605752109,-2.393423158834450,-0.745454270588475,-6.370836136997926,-0.630505282593154,1.000013853539922
-3.472097584324208,-1.118147788085572,-1.095884504256372,-0.779935879596857,-8.971827548862976,-1.892196877023634,-0.356661820011560,-3.514227650418515,-0.134842882014429,3.650844519128948
-2.984582485744153,-1.031357305417776,-1.092071729386018,-0.919884226617371,-10.089830073576314,-2.366715903133396,-0.726614506895195,-5.209208379509661,-0.570382692822460,1.864669817120239
-3.822085927868453,-1.171206476486105,-1.079602678857682,-0.664807130103812,-8.290417604919991,-1.497116178506079,-0.067013108903493,-2.423745423316388,0.215647289475646,4.984884089810819
-2.072072823894606,-0.938524574965297,-1.051857639994249,-0.828389801325104,-9.934411562158918,-2.212742167664062,-0.501049201285369,-6.697045540617703,-0.248561537104143,1.943080692455844
-5.508479226351280,-1.237046884963588,-1.122148013148945,-0.629396809351414,-2.679972993043217,-1.722589850371963,-0.220133489716334,-4.616806997575063,0.219199408351809,2.105119709275182
-4.590503054566128,-1.157477701396381,-1.127750572849585,-0.794103654755769,-3.015017433708568,-1.977876882778136,-0.514257091205644,-5.915498738091133,-0.193045644563419,0.999629337785598
-5.332419817518002,-1.220942338302998,-1.028959663421690,-0.369732547728969,-4.959279776811810,-1.028521028242589,0.330655200087275,-1.000160843440794,0.777552004484729,3.609905127311815
-2.033504587392239,-0.956078709378091,-0.999720422653575,-0.709206714353257,-7.634789589920139,-1.693260063623654,-0.234730348760553,-3.843367441877628,0.080885500538984,2.854898067466508
-2.442264110170192,-1.105013019203236,-1.003848065057514,-0.445065394903979,-10.790838095108192,-1.450905224078278,0.256996654701514,-0.999910386248119,0.773295321719390,6.299317268232779
-7.248400372424954,-1.262447883001192,-0.999884117425649,-0.313681144191175,-2.066042747106517,-0.999888938697625,0.295961168793297,-0.999989324644082,0.838105363937128,3.338637101393112
-3.887029336549199,-1.205509987001924,-1.000157309264285,-0.461976368765259,-8.185597575851409,-1.000343774687836,0.338483435882932,-0.999714951873989,0.801305618802167,7.445262450500880
-2.399255156524103,-0.920723035616127,-1.067012463043792,-1.007103816565854,-11.851424013083619,-2.798491546960832,-0.986771913339520,-7.811764368135083,-0.848971198360054,0.620699308391523
-5.011309506186816,-1.210377047810401,-1.171086803695986,-0.733617092748151,-3.556024665815150,-1.919210497913078,-0.354107811983191,-4.778880976814132,0.029677323059790,1.409905732676983
-2.229452223271342,-1.092311629124278,-1.056794394578431,-0.533522405798384,-9.461393707785934,-1.430983796033870,0.184116411646379,-3.295461756410322,0.613890075723891,4.752310386516329
-3.064306593177453,-0.981516586633600,-1.023496884765713,-0.871441406842260,-7.440923861280208,-2.023253446714346,-0.670052883133581,-3.774545673367451,-0.600892825191828,1.000123165933496
-2.789067333886530,-1.080357795642226,-1.106145840629877,-0.771958158642816,-12.766657704759641,-2.446747836031691,-0.435806829814551,-5.323265021859613,-0.045503601944015,5.079581031776433
-2.942805332255672,-1.010475788827320,-1.079129280571956,-0.936183037840538,-9.733599549849835,-2.365395381241002,-0.775745649399618,-5.197065747823848,-0.649884299424571,1.354019826036751
-2.119515423400443,-1.035032128185923,-1.060242387825892,-0.648348392476656,-9.108851878558994,-1.696851953792485,-0.063745508045407,-4.461596030721959,0.305837952791541,3.691239304460280
-2.981829143997912,-1.361319649336909,-1.129247126746605,-0.607918793534990,-9.336533139403185,-1.582844938909012,-0.018627510080116,-2.894189059099684,0.306759171943987,4.297556837067035
-2.623358844301279,-1.084305415912981,-1.067876973618920,-0.642295904721704,-12.967802406374670,-2.248641440759859,-0.201155524766392,-3.955870783178682,0.291689241920456,6.330444998579841
-3.181956361011990,-1.313157341337703,-1.168254616261434,-0.625297926188764,-9.919116343207529,-1.824952717330749,-0.061492067746457,-4.226699873519198,0.233010538978103,4.185598179501841
-2.119417338623357,-1.074697625852494,-1.000300240703184,-0.487497689262105,-6.737528729235823,-0.999488122683034,0.294774992446307,-1.608071606254066,0.709180180203276,4.458435627351287
-3.841080891230749,-1.176037384328475,-1.078522012655891,-0.655348415024008,-8.315222218926991,-1.472353927027312,-0.043899188228941,-2.366411724526631,0.248192741377567,5.131300899609388
-3.564090433599880,-1.308220496245231,-1.066364508103678,-0.415962185833471,-9.402143557919162,-1.265610947024151,0.302021480356738,-2.493416615010833,0.642193482494709,5.024033541002038
-2.943216365993695,-1.354694627037439,-0.999718790583107,-0.448501557673101,-7.603104280670885,-0.999897417925047,0.229118347523283,-1.000024615194914,0.631543664771845,4.643782147102606
-3.157988257628127,-1.384050618174369,-1.045453276678889,-0.438755822823136,-8.401214572166174,-1.035519672626607,0.294519234959137,-1.240301911842423,0.662464871903621,5.093855545421681
-3.814060457920396,-1.215482334277847,-1.173121444009930,-0.676826208863206,-7.666968577170844,-1.995878807743701,-0.212070439772194,-5.108654942482568,0.109253461710171,2.773833785715199
-5.614229976519421,-1.251155132686522,-1.163635651901793,-0.631182278679438,-3.308302143680430,-1.708191481816189,-0.158635036759908,-3.554589193809347,0.291551801624156,2.002220039534549
-3.358220955861667,-1.163878418024831,-1.104830231704006,-0.694789448710372,-10.991388758319605,-1.945330979075744,-0.181444388078165,-3.659324990318397,0.213048784979000,5.855352472457831
-4.654493106927098,-1.224194238474027,-1.000287219886951,-0.343511960731013,-6.377165756972989,-1.000186647268337,0.375746893599785,-1.344886474827290,0.788821220930050,4.138319078707680
-2.044390107615887,-0.725164094164451,-0.903696986161095,-1.130300050323717,-8.560868965036970,-2.478252124031271,-1.278693020164157,-8.058161903591591,-1.363514343928798,-3.531223663373745
-1.983231605649876,-0.579144077683764,-0.690897570000902,-1.122126510941269,-5.117152118918223,-1.841639863627424,-1.363380407740364,-5.492077015980136,-1.585500403141891,-6.188575478539265
-3.021182408810150,-0.890776263684089,-0.936308779760875,-0.999842262485078,-2.623444443502401,-1.931689252044549,-0.999891821697117,-7.101107904663639,-1.000035843450384,-1.262042282507198
-1.947216237158800,-0.564056889874371,-0.663074540461227,-1.087148446129998,-4.662712055114516,-1.695230813969970,-1.271412243382312,-5.008746468896542,-1.457764703894146,-5.321820253472493
-2.084970850579435,-0.703885525555977,-0.873013677791403,-1.158740600643269,-8.048497076452588,-2.436691859159190,-1.376121003508407,-7.577467380497593,-1.516026531731982,-4.560937753241924
-1.950863910555411,-0.682391416902382,-0.802478735309261,-0.999939658735703,-6.061051364573432,-1.913176436130474,-0.999795054058817,-5.209259252123859,-0.999551361231722,-1.776588947417840
-1.939718081662440,-0.585437635984343,-0.688473186807725,-1.061807554800494,-4.870544143573261,-1.719653684298817,-1.193487228478409,-4.936943851223502,-1.327166826920672,-4.182367776512837
-2.620862951412715,-0.821440522907064,-0.902613845965806,-1.104989713474015,-3.237893359793922,-1.983867765321260,-1.199981262999743,-6.810566597654406,-1.332922731480545,-2.591928602409099
-1.986015018856593,-0.748248929185522,-0.902724763533606,-1.029239775937573,-7.805540176647519,-2.237038260136656,-1.018307054938396,-6.935707485005660,-0.999806264992847,-1.645679911923217
-2.167426245577988,-0.715563587485799,-0.770653742736408,-1.125354882764853,-3.500446457679141,-1.752744067643573,-1.314241266535221,-5.206198525644169,-1.579887136741928,-3.707027808991635
-2.011200926490597,-0.586172268427306,-0.695676584329097,-1.116172589486179,-5.123027727399801,-1.863150013496134,-1.374366554784106,-5.345242807837376,-1.603402958770984,-6.372437236716802
-2.017691221408740,-0.765400088668419,-0.938636688768986,-1.061058990183860,-8.804371349300350,-2.431822329638845,-1.089153156345662,-7.920565751566636,-1.085432491077455,-1.959350944380595
-2.103278657735297,-0.659720370811694,-0.797296243235598,-1.140126769228005,-6.524226493610383,-2.184005723973073,-1.398188144924257,-6.174135979490257,-1.592596773595081,-5.602255055693862
-2.671008225048743,-0.895531484475212,-0.996343872154100,-0.999842259018068,-8.223563392418704,-2.340325420572746,-1.000135366791201,-5.190550655537892,-0.999910930893179,-0.999556929314421
-2.314521594078107,-0.852404068048192,-0.928415558559583,-1.144589785433298,-5.092448905061830,-2.133244048717542,-1.260047823587319,-6.043808083373691,-1.425675634225812,-2.659024557593948
-2.856752324091390,-0.996558397048178,-1.091493660106664,-1.062125990413950,-5.832977858562876,-2.381264926671157,-1.013468411700665,-7.083511405403780,-0.999561945540225,-0.999813841144367
-1.933372571334439,-0.502050452209707,-0.546288562317486,-0.999625654403428,-3.190787023629695,-1.294765131784049,-1.168316590469594,-3.453733918706547,-1.367548115384908,-5.684160363271838
-1.987780998771649,-0.550414316268804,-0.632505184316316,-1.069019187638603,-4.225842461006136,-1.636572513243743,-1.311516435105436,-4.491806548066830,-1.544399924374391,-6.488970667382256
-2.183508260353985,-0.841247371752804,-1.019558932187058,-1.058293065265941,-11.013518404179674,-2.766220197755798,-1.106842729844606,-8.588581386266448,-1.050363197017708,-1.000318053599436
-2.074169179121446,-0.651027458341686,-0.792501932896787,-1.150452599320975,-6.563042868523600,-2.184076074544981,-1.409440437808779,-6.391013320973100,-1.607618621405080,-5.704420315343096
-2.108563705970415,-0.631331185825170,-0.660575638573505,-1.058484591625704,-2.435656897241091,-1.434845082893367,-1.251649088602380,-4.590289204927789,-1.550007420991454,-3.829842044803309
-2.299408879489744,-0.867971456997363,-1.033582293499958,-1.059510498126097,-11.160753166003055,-2.789608669549907,-1.113891032494564,-8.150689460717119,-1.050500254312648,-0.748387248934722
-2.209148531787425,-0.960046700423682,-0.919909011243001,-1.000213608653158,-5.993330924224570,-1.955146079406400,-1.000317242633974,-4.134192710194963,-1.000377207987651,-1.000011466032444
-2.037311889899306,-0.580506823924946,-0.671379584940192,-1.065511375864499,-4.583509512698771,-1.755514349466130,-1.317361449216133,-4.582568068978566,-1.541544146460751,-6.258003370995610
