4.564043150221496,2.301691268877534,1.870767266882217,1.462771195135747,21.236537759580639,7.237245972934864,2.517721335711804,23.355177021579784,4.232856960288880,25.816151108832074
2.515078721100958,1.788178919173005,1.488825434494754,1.295344037763778,23.021085751167217,6.785774334309891,1.901309565835715,27.680098938994156,4.566610543454318,26.393170744753988
3.141619661948779,2.123668686165085,1.697462380602874,1.386287899153694,20.041718999421956,6.452067706666994,2.247004085158571,23.870979226888672,4.257858453747209,24.334636110242812
2.240656954256190,1.485486428309714,1.325490620620589,1.216775572052683,21.461012821262837,6.247129987624681,1.987512206916082,26.088358297151963,4.343612953059325,25.390054182653657
6.316733310687459,2.905948926899421,2.242524923792151,1.689391215011176,24.309705703906442,7.925188757703729,2.563835212428159,27.227454127014376,4.719870803768340,26.785794246039202
3.780178402276531,2.295901434564112,1.815854285368512,1.453063986072239,20.989318352409835,6.758779772504659,2.309523945861204,24.686602750272137,4.367042629340600,24.844265602957947
3.407728434635187,2.257312887532827,1.781066151517105,1.431599043197027,20.662309057603746,6.638163237177280,2.259939507771374,24.468216826466836,4.331554701554472,24.543839878407951
2.741876072983311,1.634424153884054,1.419683894229404,1.270201493585921,21.765475483592692,6.240666189241288,2.010243097699192,26.358288606939261,4.334259073324187,24.905041463435865
3.233155665422766,1.922283896567338,1.592495194535741,1.372138247677215,24.156182255266682,6.920317012927632,2.018584618490014,28.497303958127539,4.642927039047436,26.414387215337783
1.000206524050620,1.165462361151461,1.106278774135096,1.072920350889438,19.316768140447660,5.858218217897330,1.849682233605302,24.353767777346611,4.156327615233868,25.044267421884413
2.720951402693837,1.654367947609461,1.432695168422876,1.281054688867829,22.403396768535625,6.444822973911207,2.017609816183336,26.907759649322152,4.432484920770251,25.560486981150447
6.024065400395132,2.675086084449892,2.112017124751400,1.614028524136364,23.346139877233096,7.749177743406697,2.602437073625217,25.825514720965892,4.556207981041046,26.724888003376080
1.121736350548867,1.003970376125020,1.017981659378248,1.025950106718573,17.446810864530331,5.209897673330700,1.894622319339038,22.526816611354043,3.859431476661860,23.224255259578868
2.976877636191569,1.805557877283513,1.548834140934667,1.279636910353031,18.629060335193966,6.421628948682765,2.400776756826116,21.115675614057444,3.926437598469738,24.637803629438409
2.062789030477484,1.426514403800923,1.277320423817169,1.157319750123450,16.880112581356453,5.560641417578920,2.236262258494194,20.733554712742354,3.872677252415231,23.522225142506400
3.905807856745669,2.088711415359398,1.708204969244580,1.398319407005821,20.303306389677683,6.612514074004330,2.382514786873789,23.797888780134322,4.271826850430584,25.003415556332143
3.320334159233559,2.107846270607994,1.695393840348268,1.387034582744473,20.076018132327643,6.478524528840437,2.278911090829410,23.836885168351053,4.259569731268224,24.485283721975875
0.435257934207224,1.086374062757799,1.074730267520898,0.999757065877502,14.528866541516150,5.183548191926589,2.185797737688053,17.536726712860435,3.428331452405541,22.638439447633075
1.927000103237242,1.519613876230199,1.327796287067647,1.204550339551326,21.518620228661515,6.394695706934264,1.897589171978476,26.308451936723891,4.396582803379071,25.834114351351715
1.000258615045349,1.000361231820442,1.000252091136762,0.999713856587475,16.270330158207852,4.918858842943464,1.817662503822597,21.612378847809630,3.700226806539843,22.200096908723353
3.512328653785408,1.798881146518584,1.548931753239716,1.301627985611407,18.985718996705824,6.377012359964850,2.434602428546090,22.018927532796404,4.051364139544138,24.905459033410935
0.882604661933707,0.999990039965962,0.999751310166341,0.999731883507691,14.599028199544646,4.877853515403600,2.137434954902093,18.683109748350155,3.604147490601133,22.532960158460426
2.798940319265705,1.804689779519050,1.512510621831404,1.319802343198938,23.392191176376908,6.794385099323583,1.970182753348045,27.889953082309496,4.581459469304347,26.346182661375636
3.664678378005627,2.042489605407311,1.672750902150390,1.422644623780085,24.733606562979045,6.986541203387957,2.059456036646199,28.955290243945491,4.675165735864838,26.270197752311262
1.128138061864609,1.372702337621450,1.207989910244859,1.112169952233346,16.144823623629573,5.272568587590597,2.082592789408086,20.284511584853114,3.796738217871390,22.653535573710158
0.999485002258256,0.999512951618336,1.029225063032252,1.000602479992812,14.621025768812272,5.072923043563001,2.237504354479056,18.141190093794542,3.524816305166762,22.951315234360052
-1.415474305356215,0.776898285667301,0.778910939778246,0.856651938515694,12.303982447675763,4.105002097247307,1.777454914110739,16.873521738366840,3.332539197970385,20.351080391483563
-5.136087927116540,-0.050970836569394,0.284622328431030,0.483888829674964,6.592371365279119,2.926621793360716,1.603989467840395,10.302483042721072,2.381764164205591,17.923463145584734
-6.415118414737242,-0.876833889291084,-0.271804031850870,0.176698094532979,3.475967965719517,2.042526673877460,1.084336390950398,10.594947955763651,2.370834231153166,18.059540492907686
-3.076887103581887,-0.491020721913507,0.059323751392425,0.455713715486387,8.415993193964423,3.012871350901718,1.626826060520662,14.275173866748851,2.886525580640740,20.253984101330119
-5.222110850019638,0.259385708240285,0.339246615455895,0.569883891623079,7.742894619941749,2.762223331514973,1.239771696877283,12.783798318911359,2.735501931502506,16.806170815982071
-5.337557843484907,-1.084937760900533,-0.406621878237812,0.119109519803560,0.723332323940381,1.144043930538159,1.154754978787744,7.304949087184306,1.915403540206924,15.251705839671631
-2.396428476508794,-0.024584819910722,0.279367699831876,0.515438479526222,6.618895064233980,2.666478756000330,1.332880943272710,13.189659853617236,2.572896012206600,17.289427981161609
-3.741256523563314,-0.718584955722560,-0.112916637202340,0.334227814316357,5.448191697927824,2.264133549740619,1.475955969685897,11.530348441223403,2.505593266711529,18.240330871417044
-5.656733093653861,-1.287900658911567,-0.501123183122022,0.120691757095480,1.449861558956227,1.118143511165584,1.489281176031597,7.028240576022093,2.053488239076291,16.640761897336816
-4.847434527338207,-0.660630876291626,-0.147639881048348,0.317671982978585,4.195026390800534,1.844935853533399,1.456027906223517,9.378390382885762,2.362103806793674,17.000791776317911
-0.999967611118604,0.681526934277712,0.806143820351819,0.839736753785251,12.140098333256843,4.464310489633895,2.053334485411651,15.504785144717125,3.142299617088772,21.445613478214071
-3.848131701301488,-0.551061506875244,-0.061218396662652,0.316929755137652,3.633464388545631,1.911237411976074,1.239656982575522,10.236364837524668,2.240244962817227,16.252845912907972
-7.143665017936490,-0.421407982375084,-0.121909451207532,0.290984629884139,3.373453569498961,1.579608711508739,1.000381503074234,8.652713194820429,2.191008713660817,14.658051463669908
-5.996116658482398,-0.646264445037726,-0.136872240176945,0.244657484142669,4.516102964628088,2.387452943159501,1.051853174014273,11.680886931049379,2.510457948740898,18.539712242586759
-4.418111088689207,-0.105069070106076,0.206295097195345,0.447805803775398,7.957567683740249,3.349825176997810,1.132586483948384,14.904314847977908,2.939210373802609,20.255509582831181
-6.152022193540942,-1.423604489138177,-0.565363844555232,0.075256449546151,0.880070933799229,0.999590300120374,1.514895981223241,6.670287121383873,1.969127479878813,16.697655965828531
-5.575069671894139,-0.852224242162987,-0.202915074923511,0.253975083068045,3.329912229858107,1.794954742792327,1.591868940911030,8.466460245583740,2.162827780743686,17.368120604684250
-3.693259218624396,-0.618907075865102,-0.027432182667329,0.399560638734107,7.688962109224802,2.861572071165042,1.574648087378992,13.715680187302446,2.820629775293922,20.160119550053096
-3.546166524936842,-0.676807376429948,-0.072950698323392,0.368075691762857,6.400140664689728,2.492167141894014,1.542146167749984,12.380151218249416,2.630691958939284,18.962152612916853
-5.602594772824579,-1.372912528011793,-0.527925907031015,0.098641486231791,2.013102136529139,1.345848128388410,1.405580260136028,8.260654201511223,2.135855616346839,17.260779964050258
-0.231207298708538,0.936289445317256,0.914927155799588,0.943305051715942,13.665487614230583,4.531480743169936,1.946423908303539,18.036009300949623,3.501281009397849,21.444560970142916
-4.963689680538939,-0.874309092577284,-0.262552213333702,0.256269630079400,3.355739425663271,1.624946985021892,1.492805138616305,8.640656511401467,2.271171554735237,17.006957162311792
-3.705780569517286,-0.500854663058262,0.041990853415178,0.423010985589083,6.019436914719902,2.510535377861387,1.793026254040616,10.875692940128665,2.525481298340373,18.945196650561925
-3.457323877872971,0.035836030307151,0.324114955791023,0.545342575174664,9.931842516557479,3.760104241470969,1.311281505872713,16.477236139832776,3.152089498614184,21.248724975479163
-6.221108716748608,-1.566140103062824,-0.652923441501147,0.025370035515383,0.857501135815480,1.032506561604207,1.376011904757702,7.190986428175457,2.006253981164950,16.851454912340117
-2.717812720990699,-0.018771333372129,0.332730153633339,0.591015931668462,11.059292050419115,3.868712628180375,1.538586647087304,17.113835982790825,3.244930667374867,21.781984909241615
-5.779455455733538,-1.312141889747131,-0.492179456426214,0.120229128899822,1.551078984009846,1.183083356808168,1.554818299572656,7.222955495475625,2.047928669600820,16.999865673070488
-5.846577463987563,-1.407516616462689,-0.576904286943842,0.052600932444813,0.632642179118759,1.021421413784863,1.285731790392701,6.951806742954610,1.947623605227774,16.086597018081378
-1.674533738843655,0.460491190846505,0.596015139573895,0.757501301057704,10.895719011022264,3.723641580200947,1.796722390592124,15.506324544431841,3.168804522510298,20.107851909714455
-2.525508043271421,-0.221603547461332,0.190049599040745,0.496041763270286,7.413523216712006,2.794533719168057,1.477463621188978,13.553157492637190,2.700169118856427,18.453412981982453
-2.768621756608416,-0.238076206725071,0.214965051345206,0.541309522873605,10.211881332569758,3.541151665900244,1.624931856409076,16.097430480438170,3.120604045783367,21.322005313188541
-5.965103856154320,-0.266497840793073,0.014073120004660,0.383493478658663,4.907395664330293,2.002192408177335,1.179816756037884,10.067749920890556,2.399278256097869,15.852267022219921
-0.999798909532947,0.943782946035790,0.961903270040219,0.907119896668659,13.086949798289195,4.848081265096318,2.035704750879309,15.854998905870367,3.183567782802951,21.545893375468282
-6.589967339237033,-0.634551512340209,-0.094484399900249,0.269188371855923,3.305802704968071,1.908884124828147,1.451316716242011,7.900327013063312,2.042715198845157,16.510739197896456
-5.030529254976022,-1.164766316797265,-0.384565148669508,0.187246946695053,3.739065087875244,1.800790566593220,1.471859943422656,9.928698552323574,2.345775006799132,18.198662155069499
-7.909750962928515,-0.598154838616572,-0.103214346767254,0.224307040173500,2.467745384354030,1.747258782041640,1.273345768070860,6.707134436842048,1.851888365903004,15.343019679216939
-4.986626377716261,-0.187222743541978,0.099627735164780,0.445127403593257,5.953134262547733,2.299224052705127,1.335803319183237,11.017777793546323,2.544835548491104,16.822235245715220
-2.136914108552864,-0.063401366770864,0.331768303658515,0.600847004971320,8.718842467479702,3.274110411109830,1.944516293158460,13.217191912157837,2.856768759981016,20.256951069322056
-5.640673171908935,-1.037647305781186,-0.323729042866263,0.197132402496146,4.196500785154965,2.036960332191582,1.350362765289094,10.784271285561324,2.428882412323561,18.621349242600402
-9.935845601329786,-0.613490921775129,-0.159787072832085,0.137433975776530,1.000176759414271,1.411217258954486,1.000027597479284,4.774206268344906,1.556065166760620,13.532409401022976
-1.270273447970448,0.938176920856786,0.873739637833261,0.908145637184805,13.037345955236900,4.306187800055510,1.772766685087323,17.592217589881422,3.418175938029011,20.505477536001379
-6.374548438536733,-0.639369191565153,-0.092509967694905,0.276880071448928,3.453090996944068,1.937276009615856,1.479879296291659,8.097742053203753,2.074935177033944,16.700976378797932
-3.498914885430215,-0.326405755125138,0.094774197455389,0.467947858694722,6.581149033146856,2.515479111584667,1.643434641245288,11.546576709310052,2.655568650815075,18.414986139445446
-5.436101337809736,-1.290704660358579,-0.492137837567227,0.107669918474722,1.693389400930867,1.290355650596992,1.343121678774348,7.956396228821924,2.076730774971855,16.679832316541038
-5.934120206650524,-0.916029917204646,-0.248422897264837,0.222106200025538,2.816304759740260,1.657207154960246,1.550016490794525,8.011987103462452,2.094226997969887,17.051482308485348
-1.000219160091989,0.685455043480405,0.746568773526692,0.845436391259993,12.211443577362443,4.104810812751253,1.867069508734199,16.709907110690956,3.326955568606896,20.738843206604784
-10.007006195963504,-0.885470587404807,-0.323730553081943,0.058601770332883,-0.245751093572894,1.000502816013969,0.999631736063729,4.179358562704814,1.472856686150669,13.330794770197388
-7.446416560641927,-1.546570326571623,-0.665420732712026,-0.018839775385145,0.304805229012798,1.000093702489180,1.194419147065377,7.223522967247399,1.955130269423084,16.646164398621934
-5.180774934333384,-0.960736534420769,-0.318028324497231,0.223384423689923,2.855698860019513,1.489053008600762,1.471516377200859,8.194739175183550,2.211966682215907,16.801877015947767
-7.104946533813807,-1.126834348979802,-0.429664142885463,0.085185113349856,1.912427431198350,1.590864694157886,1.057390271413706,9.096898411738103,2.172752089021640,17.270140359529435
-3.712034689815576,0.543953009193084,0.558464641239914,0.708469123662309,9.920934515986913,3.382143535122963,1.443371039896170,14.793994451809006,3.018371086069095,18.259459538129434
-5.923127663977871,-0.835372132446342,-0.228736748158768,0.218719547247222,4.352261679820115,2.219884843090596,1.184410152828561,11.271247595550683,2.468759087527851,18.567921748351537
-2.738492061707737,-0.254254195693034,0.206046917541164,0.526602880671088,7.606556206866626,2.948892864465491,1.885971835815884,12.271383276855552,2.726646205632238,19.739585559255502
-4.239899689166540,-0.868773774298363,-0.219327169454914,0.264841132167352,4.107234326432318,1.932149328022816,1.408071904242978,10.293568280720145,2.344834830244978,17.524576191063048
-1.026936696104888,0.241596031328659,0.513711522974928,0.709381289602977,11.588230233848149,3.795738709121351,1.680460366506169,17.284542716057111,3.191731675325034,20.592393722975416
-0.999893233209084,0.220567256525037,0.519811731175019,0.731583608805280,12.861051889698784,4.113394634237891,1.769792329624876,18.329050769270459,3.373413006987787,21.829114756317395
-2.761602329614012,-0.399404481017418,0.117650624081737,0.489812914241332,8.845306449342898,3.113920604613084,1.642004798760328,14.648929195619310,2.926742154001682,20.298195630899173
-3.488160811849701,-0.656776181996604,-0.052719335021210,0.385667642214111,6.977542101178640,2.637028883792438,1.577364877502121,12.916119149827416,2.709635882065954,19.442975092181044
-5.385455584738727,-0.942906303799228,-0.352696572948502,0.118383968456029,-0.202856055862016,1.000085682110153,0.999562827122926,6.758157833645904,1.774410538307662,14.130054379111174
-5.231708836566495,-0.539669283470118,-0.008249072460734,0.350726744365405,4.700263727694503,2.248152700203604,1.620973686760115,9.366359506916389,2.271796965615069,17.715298279914194
-7.383344080377276,-1.147475231523958,-0.452291695506878,0.062239513291153,1.428761623662806,1.491026875300888,1.000381198679393,8.720485785763636,2.117101860297919,16.970170909792856
-5.257066157831309,-0.787469082359661,-0.175401827747945,0.272733904856576,5.459094137861710,2.433753236217583,1.319876367236761,12.095896754009125,2.589688528519035,19.187590879576945
-6.986763136471543,-0.916135400286929,-0.387862241964857,0.149584984461954,1.293195178305664,1.049023306260692,1.091934343801488,6.694084988986000,1.973402643278574,14.614606532166151
-5.174262530007772,-0.942397613059881,-0.251166981634682,0.246332839066736,3.343867190602450,1.742487447753972,1.638343588973236,8.641895731426821,2.212793173210176,17.668049501650231
-5.724871313257543,-1.339258253265627,-0.514267171061400,0.112132580502509,1.430000511632554,1.131946404337426,1.540538915272660,7.098936371270619,2.045607585743051,16.913833296234273
-12.621826250247855,-1.361742233332049,-0.888815932776205,-0.228885125138697,-5.405958423390816,-0.702452557457023,0.139346955199191,0.471044485424337,0.999562295106661,8.561271752012901
-6.980818241725649,-1.779508355893461,-0.812770874709444,-0.067048815797984,-1.287767244284967,0.394093947665339,1.353092684035093,4.763351241808899,1.736638084246712,15.583945830037651
-5.834679405010595,-1.106815207976971,-0.457725333481208,0.060041645195221,-0.999693341893535,0.780525865971696,0.980210654654956,5.911679082472468,1.685753284186407,13.880692043192470
-7.848147932368759,-1.801600180268639,-0.821053934452848,-0.099010006746254,-1.156678807325536,0.541938838956170,1.224570914084810,5.655991289730658,1.768067858235141,15.954664245609893
-9.237717190998380,-1.580950699057448,-0.752734876482872,-0.139046185592815,-2.279323703467869,0.502128963250683,0.805270394521103,5.344192988933522,1.648812385679126,14.829139946082892
-9.807663821268369,-1.788484662727306,-0.882309885953207,-0.211918465142869,-3.531273713628709,0.111615420173052,0.799287852422853,4.069813625103571,1.478244930460456,14.134766195000866
-7.262957931803198,-1.886922240809022,-0.875744044026980,-0.105859484906776,-1.737620803433631,0.289279907705292,1.324258681299086,4.501929998858835,1.689014989949402,15.505676990176328
-9.572159297100752,-1.717480612954464,-0.836369276447369,-0.184377597825149,-3.040744704358419,0.258125470941834,0.810250691468247,4.556208317676927,1.544533261846045,14.421183677177241
-7.427586690151804,-1.903393595600441,-0.878993309295089,-0.110550178495739,-1.660570374299257,0.321060226408704,1.327271234485978,4.721163020988180,1.700080094638625,15.676177700420128
-7.996553607213071,-1.957757502746845,-0.979904400891916,-0.189641934696643,-3.698734293424709,-0.192746955159678,1.082972765029653,2.483279160390517,1.424503366137162,13.716252259465039
-9.451812582172279,-1.976804288387316,-1.079581495752695,-0.283642146664764,-5.859368924713069,-0.732731713556235,0.748819443977988,0.298793366725314,1.107184913262345,11.460884849865538
-10.941483349843287,-2.120147037932916,-1.088843541885023,-0.328931132617695,-5.833104444465905,-0.667748206656712,0.839978670359747,1.314420355865260,1.106831200128503,12.512215504323779
-7.322905126259618,-1.609159085767631,-0.766892645238330,-0.057296309284785,-1.662094416205095,0.292552802272467,1.170004416784146,4.132588279121543,1.660941823903875,14.425140235070403
-6.951180406841805,-1.769898674586682,-0.799829217595715,-0.058941656429903,-1.104108748720253,0.444246059549285,1.378223190281759,4.973214393061036,1.758508905188400,15.764766962469325
-12.319841562361949,-1.372113905425477,-0.671200538453379,-0.176332225495401,-4.110826399747454,-0.099703772589678,0.682463338894840,0.999605593679129,1.000067457667076,10.925303492508776
-8.474367417790040,-1.391914310461544,-0.589037038497234,-0.013570837438034,-0.999595718807145,0.621545022787742,1.232664731420736,4.738003510776374,1.602957472949628,14.713218140334122
-8.576372990467453,-1.707581278738949,-0.779822421417924,-0.102378241636530,-2.137556106894524,0.256860704990827,1.225443517261463,4.111458323114911,1.540336674468235,14.686157372025280
-9.233669098245093,-1.838659829630127,-0.994241141418594,-0.228763781772615,-4.919594562797558,-0.517917419581367,0.785108066060000,1.088619083695229,1.218106420697867,11.814999298901812
-7.404218876163460,-1.720654184518401,-0.763879776206086,-0.055107398265257,-1.089975564284034,0.482133880274545,1.374490804117692,5.100387983440279,1.729249858845483,15.742448757754021
-8.680836344935761,-1.526787358434594,-0.701859894781978,-0.092144777007970,-1.317865831003817,0.720625382852574,0.907179003466001,6.136494171251976,1.766586495812387,15.465196700887434
-11.949592116404757,-1.986889453494499,-1.069930430317444,-0.387146530566399,-7.122137930385067,-0.739538559537324,0.414928030865897,1.000086653523234,1.017482271014668,11.557467433751372
-7.480758039261401,-1.906770427029671,-0.880509495630791,-0.112744694141200,-1.659069935456048,0.326407411756633,1.321654755859216,4.763842181009132,1.700794257423535,15.695828398820554
-6.826565483337765,-1.717869502923566,-0.776215011663906,-0.045070199491682,-1.000487638055235,0.466745433003964,1.364563627732695,4.970008440531111,1.768647830941042,15.652479079556842
-8.788427767769205,-1.906007282894728,-1.024789050492641,-0.287203630824893,-6.670395932863302,-0.713313010091057,0.665495926930407,0.235378702902957,0.999876474630417,11.010049584971812
-8.500182994973256,-1.504924778004949,-0.683165060521353,-0.076239182906061,-0.999952987825852,0.795128682805909,0.937492372979148,6.402728119594095,1.805659740154813,15.668232327535707
-8.779152601765544,-1.628580222630141,-0.858543630125114,-0.142495021014207,-3.467476251897269,-0.167193169832914,0.853058989699156,2.365136399686159,1.393176232611574,12.439886222572698
-11.026455395167629,-2.111568282994059,-1.093598577919858,-0.341228118266145,-5.930924265296087,-0.624403322461021,0.750941213962679,1.570068580287406,1.133594020944892,12.586239020492785
-11.100407425508719,-2.110501005629398,-1.086529918342220,-0.332775929613021,-5.979148335557968,-0.710343116737222,0.825879718105883,1.100027495648711,1.072308859097295,12.298030267175720
-9.186597820082737,-1.531337878839149,-0.689257467773512,-0.082648815749737,-2.126264375824010,0.315717438784119,1.136584002900675,3.803080892038005,1.463048218696916,14.031192493608517
-7.563075924706778,-1.239006186076551,-0.651443063241234,-0.137258027175404,-6.191728494319365,-0.303231812572634,0.463047683260085,1.763495547933879,0.999873480250860,9.992216733866643
-9.981116833337465,-1.359289053275823,-0.606027856059555,-0.071157130013442,-2.180239422579464,0.363166290549926,1.018264664597068,3.318299233010557,1.366120584499426,13.233654397610978
-10.307002865842405,-0.999743604423693,-0.399139668192027,0.014251225253032,-0.956823325691519,0.787204970173831,0.961598400655801,3.673522328072559,1.399301276881812,13.005531151461598
-9.551964988081918,-1.784989206225873,-0.870427096110943,-0.194687266463364,-3.153822680359215,0.186111764241942,0.857127614806171,4.352605822553536,1.524122779144562,14.418030998380305
-7.870162840310426,-1.520467338886488,-0.793211069667753,-0.180584509122404,-5.787552214615177,-0.347757503402591,0.614230962728650,1.567432442593550,1.080806884604754,10.911473734991960
-11.043045962533709,-1.254649360513903,-0.759009129948904,-0.128674339854532,-3.634451147571442,-0.246279619472092,0.402842461361051,2.115201394789389,1.265832459292096,10.215869681896679
-6.899311999717815,-1.638510734999465,-0.752364173537827,-0.037318802003692,-1.115327888990353,0.433819130758294,1.290220705882238,4.723468989127420,1.743914405667832,15.177107457286768
-5.870568581448941,-1.136987212460345,-0.473164526490925,0.054733502220538,-0.977641330754980,0.774266811247030,0.994844828522189,5.887927345309557,1.692159381060251,13.973128877729481
-10.716713751040940,-2.117142181519544,-1.083276520845035,-0.320448923730824,-5.559445180746481,-0.577506333628293,0.847262924198648,1.713821191648159,1.166534469746183,12.844780562519093
-9.118304175813945,-1.675888311886774,-0.901467896496090,-0.173904792548249,-4.043773632143941,-0.310687779746488,0.789835919583100,1.832455358112505,1.314946266954689,12.005243428723718
-7.353325665790001,-1.795806017633166,-0.865971935196831,-0.135053853122348,-2.913779183914701,0.110064357402904,1.075499850284674,3.533837154962222,1.511892509402648,14.044049300821216
-7.695309245234013,-1.947398918025152,-0.953726354074644,-0.170849622469163,-3.218781431597451,-0.046509951457581,1.133582468569860,3.072052518148902,1.491749284310536,14.197195362254336
-6.224501897727185,-1.484328661196599,-0.643057361677411,0.003110635521071,-0.475551393688024,0.755281919971977,1.201591764264125,5.926097780188010,1.805637505186592,15.327234797096553
-8.456534465003022,-1.864853237340788,-0.871201311272572,-0.139201452537949,-2.472914574686799,0.140694603467650,1.237048466539566,4.007035667934766,1.547000638309860,14.883657322921197
-12.336804568339046,-1.401823908190968,-0.812003746067486,-0.359232512516901,-8.217926145191770,-0.489349870618988,-0.189113103645062,1.000184576764476,1.000450817394788,10.477899167191497
-10.311978411604469,-0.999931776023711,-0.523703922805781,-0.152650262583778,-4.369292606426372,0.547060394027773,0.068004860470528,4.556098535029300,1.506609858253459,13.041954831530022
-5.713450030613549,-1.000256842045951,-0.403559025066497,0.078250940480562,-1.098648260406267,0.798367857537982,0.927128263452751,5.987813704464153,1.660839186269067,13.543189952919066
-7.659259217354622,-1.910157012684352,-0.937107147385139,-0.169606203166761,-3.338912125667323,-0.040697686231668,1.088577514597532,3.033313259079088,1.469078828928636,13.979360991758158
-8.154194028944493,-1.993343150712504,-1.009279875827744,-0.214651348482577,-4.200973374991010,-0.292390463980951,1.028210374413965,2.087103140569647,1.358680549578085,13.374370491720258
-11.379320963934338,-1.690740387350837,-0.901089148442054,-0.309072597822247,-6.022873199292805,-0.292822303303681,0.330931946880526,2.329653373162395,1.196930605675665,12.173697555249037
-7.298330125690873,-1.899691032699086,-0.881422668458887,-0.109742672296207,-1.729320307201990,0.298157709565060,1.320087318547972,4.567082973124976,1.692231323399349,15.556612264760377
-8.073496232300469,-1.966978026527845,-0.993987339083968,-0.212847933109331,-4.271160900373276,-0.270612933139746,0.999510199752834,2.128779939111163,1.345404870926062,13.267937883152586
-6.027214349653994,-1.060363619008102,-0.454195864346293,0.040063837578244,-1.908438894862516,0.613389471167152,0.863930084758896,5.278635085763093,1.558717793044089,13.030714971302375
-7.326341928967564,-1.843241061004091,-0.836275562460129,-0.088267731996276,-1.060682378044933,0.510139388474726,1.316228252830888,5.458194718078922,1.779672412977715,16.052026453750173
-7.083450852385004,-1.131388055173669,-0.568523500579621,-0.080573337904354,-5.150447322987931,-0.055416035766343,0.538440806695019,2.731046466501035,1.130805428617897,10.596795997936214
-7.205415664773403,-1.735854771208158,-0.819135525874928,-0.079765166802208,-1.799807794702590,0.259478240368792,1.242660814367750,4.124222822781641,1.661163207495191,14.824155760031106
-6.352089771041312,-1.614477449427292,-0.696911094335209,-0.006228020917525,0.032666125504986,0.823543678672407,1.320788041013592,6.343945905778477,1.896797356887883,16.206102671028830
-7.947790591550882,-1.972781415129819,-0.985247397321759,-0.197082338868298,-3.819858809253903,-0.189906442766600,1.066929485363599,2.490149131816517,1.410206376361012,13.694481787935063
-10.846470969928694,-0.999932123532262,-0.605013547431900,-0.036764678341972,-2.116337061292315,0.126973291958975,0.428520867450856,3.539574997578264,1.442874521101883,10.696520715525212
-7.734910313454000,-1.790073924880281,-0.811378861264173,-0.090632804708823,-1.000497144920703,0.578631916021592,1.240029701316625,5.779120210688355,1.787830900307990,16.051039266288413
-11.551119542516878,-2.129739664751157,-1.123007722476793,-0.377727086159453,-6.675601950994748,-0.781565789097400,0.638121002036953,0.999321353494744,1.040096634097467,12.006256576368644
-17.005691689341710,-2.012043490551750,-1.177784898156777,-0.572775478686908,-10.922754642051872,-1.959808511312120,-0.039572092804332,-5.047315749009235,0.088308549451603,5.766365596741268
-21.129152881989697,-2.318053291785660,-1.472316051379472,-0.856696381550193,-15.889219708189900,-3.305846990141441,-0.713619804583588,-10.030554318812669,-0.666979923478432,1.000274866771536
-14.212800629169505,-1.639160083704954,-1.119024533943556,-0.390626136540604,-8.248449368687377,-1.401729831468374,-0.133853965921164,-2.163540198327545,0.607139192939731,6.602140175613288
-14.364246181930474,-1.831591828632006,-1.000378273600820,-0.399979186072351,-7.874878853721386,-1.150369045780750,0.371246312621422,-1.970749715855269,0.558373330150641,8.660252900332482
-17.464115717707244,-2.118472897963104,-1.386527303886037,-0.833273946555148,-17.523894820984086,-2.935158009970615,-1.018509407682289,-7.656567089253079,-0.254510156109106,3.456327010746024
-14.364605932004386,-1.424843386777069,-0.999427299411057,-0.319392837161630,-6.993400270708550,-1.114889990437221,-0.144905698608626,-0.999691674476074,0.744077036237214,6.856830973099294
-13.309786911763743,-1.885978796465567,-1.006694363781355,-0.368763614337119,-7.232944039308508,-1.000255452557504,0.525746913227787,-0.999840118882154,0.714717460925144,9.761100230426807
-14.900971805971777,-2.535625428455055,-1.710165298436060,-0.839520571793790,-17.883451929464233,-3.315245164898841,-0.585856251036328,-9.984775641191099,-0.572029398868014,2.216968212107320
-13.173283246768333,-2.176080141793095,-1.212209354440760,-0.494364712168846,-9.166727657430558,-1.306499885119181,0.267429372122605,-0.966109141549615,0.729508521119614,10.046692436982839
-17.172132186020811,-1.718303656136083,-1.000248164163473,-0.487126451085270,-9.394428638016224,-1.518038289118587,-0.035010838252110,-4.468685399761788,0.170024570333127,5.872941430886856
-20.127326434024461,-2.443648550146296,-1.529187056928827,-0.858461561412775,-16.050611586649726,-3.329440784188407,-0.599015309017706,-9.433706500717641,-0.571264016801961,1.896097249471056
-9.544858681973180,-1.707267904790361,-0.999948810177562,-0.361856594497696,-9.954305171068656,-1.249765251190781,0.202023506202593,-1.944684913675977,0.524879022260908,7.879145875377150
-9.998410797280448,-2.148224599901757,-1.210598099911214,-0.396318255269766,-8.312252542755688,-1.208175505891533,0.547020116427531,-1.600048675874567,0.790757382776409,10.000347589165090
-15.043077007266708,-2.012595973080354,-1.222297533311451,-0.625526015419858,-12.751488364687591,-1.875919649020951,-0.408351338726354,-3.524952229952013,0.341991254633436,7.206004824068502
-16.349911501757894,-1.995661089027262,-1.151235861553795,-0.538601012905509,-10.319144207959313,-1.800574615891173,0.060496609630216,-4.346591272059547,0.196017697416996,6.473458833648140
-16.043980128531153,-2.624306955922138,-1.814543334697986,-0.916990349609368,-19.189685466995517,-3.655205028474726,-0.773732647698035,-11.304782274588142,-0.776127280411736,0.999925701666074
-13.096699189952281,-2.229096785797927,-1.213432326588156,-0.464778327653630,-8.575431069390335,-1.355967433930162,0.504261673958303,-1.297445529625967,0.692255630323554,10.048945389393582
-13.901678846017104,-2.203152881656220,-1.528989421008890,-0.803914066224700,-19.285651506464948,-3.284826120489542,-0.768894221552885,-9.969532919819464,-0.762775152787387,1.000113963695258
-10.693950019126339,-2.047810062348671,-1.185670478143438,-0.374221846034608,-7.708220712152469,-1.179717097807484,0.490251276428531,-1.443269171773912,0.839037167226477,9.759026984707377
-11.839379988902328,-2.018289173484157,-1.300329166655902,-0.598580760777351,-14.777184265505072,-2.337222753215031,-0.270982021864097,-6.213371841860002,-0.127771392364848,4.454990115941643
-10.031819108811062,-2.054029502895740,-1.153492592262927,-0.341582806341890,-7.005157247897957,-1.000110609877994,0.624715279972974,-0.736760252265007,0.951105640259932,10.598437452975661
-18.421075270717601,-2.297459302764270,-1.699080032106780,-0.818991046258609,-16.085401379566751,-3.239998317237792,-0.923935347523740,-9.316826560047780,-0.502669810992889,1.000075659769765
-15.157305488015067,-2.503429361853166,-1.680803697464892,-0.784445938383663,-16.011181139940451,-3.053286860259946,-0.468835841488156,-8.821204484177933,-0.339687987793395,3.204481806971318
-12.833117361487487,-1.945178049622536,-1.088585860393278,-0.446817736574672,-8.624051214937710,-1.000395160615555,0.148073797794230,-0.100385558568084,0.845815956405925,10.366838660073102
-16.760008918371845,-1.983840360920012,-1.154160022968494,-0.552975210440280,-10.575444588247253,-1.866001596383470,0.000491824762483,-4.731206074144743,0.136088484229135,6.048864256615177
-15.351283803244192,-2.080981709195027,-1.430128780593045,-0.603038387404498,-12.132467813835889,-2.297910880947982,-0.368937244977279,-5.685282193314314,0.109116120779484,4.569948984124965
-14.489143400106050,-2.042511008231156,-1.209639146097267,-0.582772092534887,-11.607991282599416,-1.673011566774307,-0.219772687392973,-2.643806603780340,0.470371152858736,8.094515008704507
-13.506195057570144,-2.297729792784343,-1.532484269111613,-0.752525203446115,-17.270591953177533,-2.986456850286602,-0.509578285214763,-8.766368604755193,-0.472760924371419,2.728436732027534
-10.112634863451623,-1.914429298107588,-1.127973763020952,-0.422168558440501,-10.445619676303865,-1.456225429918477,0.213735829093374,-2.738786204012221,0.472967316022821,7.847585945412634
-14.656493237650563,-2.411566984793191,-1.597474819813643,-0.713358068625576,-14.468816728461094,-2.738271558230395,-0.329864444428038,-7.543026154540931,-0.130671750013196,4.228144239560196
-10.712515018742179,-1.996162105285501,-1.158083615697288,-0.357242204322027,-7.409426698635174,-1.117289665886816,0.488166911483577,-1.206201796470387,0.870866022097791,9.805298278629907
-14.635280461454768,-2.054866816534757,-1.222070344934905,-0.595155339777777,-11.869425852668771,-1.735778099189333,-0.249001543299239,-2.875623419744122,0.436353351581564,7.893284854415088
-13.368775327807773,-2.307215767181089,-1.471284296018584,-0.607628390165948,-12.360617800623290,-2.256373016824058,-0.064929465352495,-5.647688459956718,0.177842886920022,5.997425664780012
-16.823633531367975,-2.474772990578970,-1.469911931964756,-0.725955630184013,-13.620620505853084,-2.630546729509008,-0.138799461002674,-5.998214584334042,-0.034346688479215,5.614722573957254
-13.151297351115906,-2.272958294892709,-1.496433163098808,-0.717993733476596,-16.481928899106496,-2.823760433141744,-0.418671616053019,-8.118374026637007,-0.360525173934606,3.353443971118525
-15.446110294682034,-2.398474992048381,-1.409149571675730,-0.671262353479611,-12.672857019213383,-2.227623231726768,-0.086987450230837,-4.285451883256505,0.231072295511295,7.177119488442843
-15.246129174062409,-2.411442017920534,-1.390703602300415,-0.634073370264468,-11.813870935261152,-2.141020769981446,0.096891816594790,-4.044448568674901,0.268294897854011,7.516710107629949
-9.569613280790255,-2.115022284940857,-1.165667439007045,-0.354446324710176,-7.352824190203821,-0.999519629704395,0.658964356090750,-0.761464851201359,0.924108794247406,10.780325757716030
-16.898038448707702,-2.455362057259805,-1.457992378806325,-0.720511848836430,-13.522514065438431,-2.616970911159002,-0.134379448060661,-6.029459100786133,-0.040846532730596,5.547210598906547
-18.941032358477884,-2.656257778834496,-1.656677133347587,-0.912738865992031,-17.339949386902621,-3.508056815024596,-0.619733677880082,-9.058906908039397,-0.493841801548853,2.758784595299760
-14.948178647728005,-1.969818028321378,-1.345994908646510,-0.543115328048080,-11.014041850004164,-2.042426556771304,-0.285657589384073,-4.679768241103594,0.257042526912446,5.228552726659318
-19.504338901843454,-2.482166455372176,-1.636471453499585,-1.002426566416576,-20.247993706373737,-3.846389431080142,-1.184585056218645,-10.633869505650942,-0.705366929659096,1.000265340419690
-14.250929018628289,-1.764252930934329,-1.072194858473328,-0.545910618015456,-11.642017425766825,-1.447154510220288,-0.421547606743944,-2.251570620704334,0.530527787930754,8.034452235635472
-10.971231730912391,-2.043173253755527,-1.244318241863069,-0.508027034619554,-12.092316569039442,-1.847814528286450,0.056506993479189,-4.268111236421183,0.251389613623294,6.693604245531292
-18.049901472308591,-2.332398444643277,-1.704302804830965,-0.819291406329046,-16.147435438335609,-3.238581988343356,-0.873243857153321,-9.343522723374399,-0.491888645288038,1.224113287359346
-20.335475565741170,-2.459843978717235,-1.544876892232435,-0.873716104715496,-16.326809823884336,-3.403156565937338,-0.635608764064626,-9.700911567113501,-0.611709061943895,1.639622798550834
-9.512483464446943,-2.050446646566441,-1.138039747975436,-0.358861396882188,-7.871131115826872,-1.039937633060860,0.573677598201432,-0.999716383396609,0.846054183093182,10.258769956252097
-11.515148500974368,-2.246699706567933,-1.361727726021722,-0.546337915789839,-11.872250260478156,-1.952986312636313,0.131140119247637,-4.598530993689102,0.292486473441513,7.118753096927650
-16.199345624573148,-2.223820920219038,-1.289795110688841,-0.605261830121644,-11.447711912469517,-2.107192201918026,0.048975085192128,-4.720836527684944,0.149078585150878,6.494300895811437
-20.410179488083486,-2.716855458198524,-1.726562186524890,-0.992061275666998,-18.766421924082980,-3.940518717533984,-0.814616722502838,-10.814561190241754,-0.764886042174920,0.999537678527661
-18.695341577361582,-2.184206602460761,-1.327536309601857,-0.703670807110561,-13.231084056229522,-2.582107224278418,-0.319139817391883,-7.198882879840048,-0.237157604554892,3.797816906653013
-17.448096641736207,-2.703073592233982,-1.924466007512956,-0.999902651494470,-20.532661264148150,-4.015029150729220,-0.999508604765227,-12.692710463671169,-1.000088507984019,-0.407924029062924
-21.303678182476368,-2.798172356533951,-1.819903130521360,-1.092665328281558,-20.935389638182873,-4.411512557592361,-1.099603295897727,-12.429600258238189,-1.000198136443015,-0.504984196780340
-18.944581615522608,-2.821132147676072,-2.100624296339663,-1.185452723989570,-24.971013854375659,-4.841797794495379,-1.481722501719113,-16.125677115332898,-1.640513102418810,-3.766590230811756
-16.212326895243450,-2.454575569502066,-1.796683925595512,-1.018494158309813,-23.422192881548884,-4.209045663729840,-1.237465142537189,-13.671736765107646,-1.365718200710045,-2.214397450662672
-22.165825385462895,-2.780465636513022,-1.873465346856477,-1.199079487326173,-23.671111662415687,-4.907056485189920,-1.521770696912875,-14.370591377603908,-1.272896496212740,-2.425516665503194
-24.217504263077906,-3.035178372492489,-2.457915394617930,-1.450392079847935,-28.612082253945861,-5.873674088274599,-2.272196855453169,-20.171495904877581,-2.366413499630271,-8.452656271947303
-28.729189609301734,-3.145198325209147,-2.247404037047974,-1.601833268982096,-30.363506544475005,-7.024486087146838,-2.503722542126103,-22.547836352174123,-2.532878562593767,-11.010486125423411
-22.255709465930671,-2.721540404804245,-1.859610741957135,-1.219271238756881,-24.443470537490786,-4.996717684438026,-1.667932461872494,-14.842227405574043,-1.333281928936952,-2.932447677591183
-27.713169288964458,-3.108726487039250,-2.195198789593454,-1.533174643076419,-29.139983685077713,-6.674308716962202,-2.301282625666532,-21.165050339176211,-2.322254263778953,-9.493892821745460
-20.017300923308184,-2.882221547437015,-2.203881521712367,-1.287630502121043,-27.200148292208102,-5.278780234666386,-1.761007982083621,-17.930665238136946,-1.982887484667572,-5.635343478633088
-25.910382226149508,-2.953239031583535,-2.110089177407987,-1.497019612290836,-29.792133204548353,-6.472369142661351,-2.377662260850481,-20.405831954853959,-2.167996155406541,-8.491507524662081
-21.965787986732693,-2.746241854538112,-2.146117211071009,-1.176269459958873,-22.947406597099533,-4.745518905797838,-1.672780805791933,-15.406523813414417,-1.517433256722145,-4.210476489678070
-22.829683820567041,-2.781283769095829,-1.824340473268348,-1.119161796401789,-20.999551817021715,-4.597168491161640,-1.174595729758587,-13.585875918469661,-1.191470866286298,-1.900505644922744
-23.072273533379601,-3.061806392451245,-2.454329069194461,-1.481667959336877,-30.258496357471817,-6.038990476592589,-2.278083925588322,-21.012421249796198,-2.531425975380961,-8.867484842337957
-25.612872218511541,-2.912007769686968,-1.982112892407863,-1.302239938322681,-24.297071855132518,-5.506036758542487,-1.677428258837872,-17.125861836537943,-1.728187424783205,-5.553813580237358
-22.604812278741640,-2.529486593606768,-1.645598775003092,-0.999902622429679,-18.505946032692467,-4.007392985026351,-1.000474146001794,-12.245179469232873,-0.999544322518703,-1.000060455289811
-24.590505341398661,-2.973914427857737,-2.023768839685069,-1.323747835449504,-25.341254663268959,-5.600067276606247,-1.714532576228224,-16.968304828519187,-1.685119733086398,-5.057433285517943
-21.354074262328531,-2.886446335235898,-2.221196962602755,-1.245291818907337,-24.856784197043059,-5.051274555832181,-1.703074795160486,-16.789155024543440,-1.727911613312515,-4.815106075146685
-23.297555250559945,-2.622336257348080,-1.724108106126620,-1.067304013237043,-19.760017801357382,-4.339126190006646,-1.142810042771189,-13.310268224701609,-1.159210285804371,-1.978954688242295
-26.338197494191675,-3.047231038298154,-2.113245281317434,-1.430666169248211,-27.195370207133013,-6.151464061476333,-2.004858207913437,-19.154931252571309,-2.019687529032799,-7.375050811874059
-26.312191255789841,-3.041006777019066,-2.105741916944715,-1.422172017648244,-26.980057284664500,-6.108948509706189,-1.979682041995774,-19.019202406732965,-2.000869661206997,-7.255327265899366
-18.016665168671715,-2.748928721732104,-1.984314885457656,-1.054717311492620,-21.703884415673375,-4.256569356385541,-1.137815074330242,-13.675147259917530,-1.173294324131920,-1.348140841790167
-26.450183805154914,-3.028920359433128,-2.094925869394720,-1.412973526695187,-26.658298184952518,-6.063294090952170,-1.955084978854793,-18.936187232474332,-1.992669782227365,-7.236698253899005
